Entry Time,Exit Time,Direction,Entry Price,Exit Price,PnL,Exit Reason,SL Price,Units,Cumulative PnL,Duration,MAE,MFE
2023-06-14 00:35:00,2023-06-14 00:45:00,Long,1945.0349999999999,1944.2,-1.669999999999618,SL Hit,1944.2,2,-1.669999999999618,10.0,-1.2349999999999,0.25500000000010914
2023-06-14 00:50:00,2023-06-14 01:10:00,Short,1945.06,1945.4800000000005,-0.4200000000005275,SL Hit,1945.4800000000005,1,-2.0900000000001455,20.0,0.6200000000001182,-0.9099999999998545
2023-06-14 01:45:00,2023-06-14 03:20:00,Long,1946.6375,1946.75,0.4499999999998181,SL Hit,1946.75,4,-1.6400000000003274,95.0,-0.8875000000000455,1.1324999999999363
2023-06-14 05:20:00,2023-06-14 07:20:00,Short,1946.915,1946.61,1.2200000000002547,SL Hit,1946.61,4,-0.42000000000007276,120.0,1.5350000000000819,-2.115000000000009
2023-06-14 08:50:00,2023-06-14 09:45:00,Long,1950.915,1950.9,-0.05999999999949068,SL Hit,1950.9,4,-0.47999999999956344,55.0,-1.615000000000009,1.8450000000000273
2023-06-14 10:55:00,2023-06-14 11:55:00,Short,1947.1499999999999,1946.66,1.9599999999991269,SL Hit,1946.66,4,1.4799999999995634,60.0,1.5900000000001455,-1.849999999999909
2023-06-14 15:55:00,2023-06-14 16:00:00,Short,1956.29,1956.3249999999998,-0.03499999999985448,SL Hit,1956.3249999999998,1,1.444999999999709,5.0,0.11000000000012733,-0.6900000000000546
2023-06-14 18:40:00,2023-06-14 19:30:00,Long,1947.6799999999998,1943.59,-8.179999999999836,SL Hit,1943.59,2,-6.735000000000127,50.0,-4.129999999999882,4.920000000000073
2023-06-14 19:35:00,2023-06-14 19:45:00,Short,1945.95,1945.95,0.0,SL Hit,1945.95,1,-6.735000000000127,10.0,0.15999999999985448,-1.6600000000000819
2023-06-14 22:55:00,2023-06-14 23:30:00,Short,1944.02,1944.3349999999996,-0.3149999999995998,SL Hit,1944.3349999999996,1,-7.049999999999727,35.0,1.1100000000001273,-2.019999999999982
2023-06-14 23:35:00,2023-06-14 23:40:00,Long,1944.28,1944.28,0.0,SL Hit,1944.28,1,-7.049999999999727,5.0,-0.37999999999988177,0.6200000000001182
2023-06-15 05:35:00,2023-06-15 06:30:00,Long,1935.14,1934.1599999999994,-0.9800000000007003,SL Hit,1934.1599999999994,1,-8.030000000000427,55.0,-1.9800000000000182,4.339999999999918
2023-06-15 08:10:00,2023-06-15 08:20:00,Long,1933.4250000000002,1932.3,-2.2500000000004547,SL Hit,1932.3,2,-10.280000000000882,10.0,-2.4850000000001273,0.724999999999909
2023-06-15 11:00:00,2023-06-15 12:15:00,Short,1930.9250000000002,1929.67,2.5100000000002183,SL Hit,1929.67,2,-7.770000000000664,75.0,2.7849999999998545,-3.3850000000002183
2023-06-15 12:40:00,2023-06-15 15:15:00,Long,1941.3000000000002,1952.22,21.83999999999969,SL Hit,1952.22,2,14.069999999999027,155.0,-12.290000000000191,18.159999999999854
2023-06-15 17:25:00,2023-06-15 17:45:00,Short,1958.44,1959.5949999999998,-1.1549999999997453,SL Hit,1959.5949999999998,1,12.914999999999281,20.0,1.2999999999999545,-0.5900000000001455
2023-06-15 18:00:00,2023-06-15 18:05:00,Long,1958.75,1958.75,0.0,SL Hit,1958.75,1,12.914999999999281,5.0,-1.150000000000091,0.6099999999999
2023-06-15 18:10:00,2023-06-15 19:00:00,Short,1957.795,1958.22,-0.849999999999909,SL Hit,1958.22,2,12.064999999999372,50.0,0.6649999999999636,-1.0950000000000273
2023-06-15 19:05:00,2023-06-15 19:20:00,Long,1957.96,1957.96,0.0,SL Hit,1957.96,1,12.064999999999372,15.0,-0.8600000000001273,0.75
2023-06-15 19:30:00,2023-06-15 20:20:00,Long,1958.51,1957.5,-3.0299999999999727,SL Hit,1957.5,3,9.0349999999994,50.0,-1.3099999999999454,1.0499999999999545
2023-06-15 20:30:00,2023-06-15 20:50:00,Short,1957.95,1957.95,0.0,SL Hit,1957.95,1,9.0349999999994,20.0,0.03999999999996362,-1.0499999999999545
2023-06-15 22:45:00,2023-06-15 22:50:00,Long,1957.9,1957.7599999999993,-0.14000000000078217,SL Hit,1957.7599999999993,1,8.894999999998618,5.0,-0.6000000000001364,0.2599999999999909
2023-06-16 00:10:00,2023-06-16 00:15:00,Long,1958.6,1958.6,0.0,SL Hit,1958.6,1,8.894999999998618,5.0,-0.2699999999999818,0.6700000000000728
2023-06-16 05:05:00,2023-06-16 05:20:00,Short,1955.18,1955.355,-0.17499999999995453,SL Hit,1955.355,1,8.719999999998663,15.0,0.4600000000000364,-1.1800000000000637
2023-06-16 08:35:00,2023-06-16 12:35:00,Long,1963.8225,1964.36,4.299999999999272,SL Hit,1964.36,8,13.019999999997935,240.0,-2.2825000000000273,3.9774999999999636
2023-06-16 14:15:00,2023-06-16 14:40:00,Short,1958.6,1958.6,0.0,SL Hit,1958.6,1,13.019999999997935,25.0,1.7300000000000182,-5.099999999999909
2023-06-16 15:00:00,2023-06-16 15:10:00,Long,1960.44,1959.2499999999995,-1.1900000000005093,SL Hit,1959.2499999999995,1,11.829999999997426,10.0,-1.759999999999991,0.9099999999998545
2023-06-16 15:40:00,2023-06-16 17:00:00,Short,1956.42,1955.49,1.8600000000001273,SL Hit,1955.49,2,13.689999999997553,80.0,1.9600000000000364,-2.7200000000000273
2023-06-16 19:30:00,2023-06-18 20:00:00,Short,1957.47,1957.88,-0.8200000000001637,SL Hit,1957.88,2,12.86999999999739,2910.0,3.1299999999998818,-1.990000000000009
2023-06-19 01:10:00,2023-06-19 01:45:00,Long,1956.46,1955.5500000000002,-0.9099999999998545,Bearish Trade Reversal,1955.5500000000002,1,11.959999999997535,35.0,-0.8600000000001273,1.3999999999998636
2023-06-19 01:45:00,2023-06-19 04:25:00,Short,1955.602,1955.62,-0.08999999999900865,SL Hit,1955.62,5,11.869999999998527,160.0,0.987999999999829,-1.8020000000001346
2023-06-19 05:35:00,2023-06-19 07:55:00,Short,1955.562,1954.57,4.959999999999809,SL Hit,1954.57,5,16.829999999998336,140.0,1.568000000000211,-2.7819999999999254
2023-06-19 10:45:00,2023-06-19 10:50:00,Long,1949.76,1949.1649999999997,-0.5950000000002547,SL Hit,1949.1649999999997,1,16.23499999999808,5.0,-0.9600000000000364,0.6300000000001091
2023-06-19 11:40:00,2023-06-19 12:10:00,Short,1948.6533333333334,1949.07,-1.2499999999995453,SL Hit,1949.07,3,14.984999999998536,30.0,0.9566666666664787,-0.8533333333334667
2023-06-19 13:05:00,2023-06-19 14:00:00,Long,1952.165,1951.0,-2.3299999999999272,SL Hit,1951.0,2,12.654999999998608,55.0,-1.1949999999999363,1.0550000000000637
2023-06-19 14:10:00,2023-06-19 14:25:00,Short,1951.65,1951.65,0.0,SL Hit,1951.65,1,12.654999999998608,15.0,0.34999999999990905,-0.8700000000001182
2023-06-19 18:05:00,2023-06-19 18:20:00,Short,1949.675,1949.83,-0.30999999999994543,SL Hit,1949.83,2,12.344999999998663,15.0,0.4149999999999636,-0.974999999999909
2023-06-19 23:35:00,2023-06-19 23:55:00,Short,1951.36,1951.7100000000005,-0.35000000000059117,SL Hit,1951.7100000000005,1,11.994999999998072,20.0,0.9600000000000364,-0.2999999999999545
2023-06-20 04:10:00,2023-06-20 04:25:00,Short,1950.18,1950.495,-0.3149999999998272,SL Hit,1950.495,1,11.679999999998245,15.0,0.9299999999998363,-1.0800000000001546
2023-06-20 08:30:00,2023-06-20 09:05:00,Short,1953.7199999999998,1954.01,-0.580000000000382,SL Hit,1954.01,2,11.099999999997863,35.0,0.540000000000191,-1.6199999999998909
2023-06-20 10:20:00,2023-06-20 11:00:00,Short,1951.2649999999999,1952.66,-2.7900000000004184,SL Hit,1952.66,2,8.309999999997444,40.0,2.0850000000000364,-1.1649999999999636
2023-06-20 11:30:00,2023-06-20 12:05:00,Short,1951.71,1952.4450000000002,-0.7350000000001273,SL Hit,1952.4450000000002,1,7.574999999997317,35.0,0.7799999999999727,-1.3199999999999363
2023-06-20 16:55:00,2023-06-20 17:00:00,Long,1937.29,1937.29,0.0,SL Hit,1937.29,1,7.574999999997317,5.0,-0.09999999999990905,0.5299999999999727
2023-06-20 19:15:00,2023-06-20 19:20:00,Long,1936.5,1936.255,-0.24499999999989086,SL Hit,1936.255,1,7.329999999997426,5.0,-0.42000000000007276,0.6900000000000546
2023-06-20 20:45:00,2023-06-20 20:55:00,Short,1935.9,1935.9,0.0,SL Hit,1935.9,1,7.329999999997426,10.0,0.09999999999990905,-0.5600000000001728
2023-06-20 22:05:00,2023-06-20 22:55:00,Long,1936.7233333333334,1936.0,-2.1700000000000728,SL Hit,1936.0,3,5.159999999997353,50.0,-1.2233333333333576,1.2566666666666606
2023-06-20 23:45:00,2023-06-21 01:30:00,Short,1937.4099999999999,1937.38,0.05999999999949068,SL Hit,1937.38,2,5.219999999996844,105.0,0.6200000000001182,-1.5099999999997635
2023-06-21 02:50:00,2023-06-21 05:35:00,Short,1936.3380000000002,1936.27,0.340000000001055,SL Hit,1936.27,5,5.559999999997899,165.0,1.4019999999998163,-2.068000000000211
2023-06-21 05:40:00,2023-06-21 06:00:00,Long,1936.29,1933.525,-2.7649999999998727,SL Hit,1933.525,1,2.7949999999980264,20.0,-4.039999999999964,0.39000000000010004
2023-06-21 08:30:00,2023-06-21 08:50:00,Short,1934.38,1935.18,-1.599999999999909,SL Hit,1935.18,2,1.1949999999981173,20.0,1.3999999999998636,-0.6700000000000728
2023-06-21 09:15:00,2023-06-21 09:25:00,Short,1933.12,1934.1350000000007,-1.0150000000007822,SL Hit,1934.1350000000007,1,0.17999999999733518,10.0,2.2200000000000273,-0.9499999999998181
2023-06-21 09:30:00,2023-06-21 12:15:00,Long,1934.39,1933.9,-2.4500000000000455,SL Hit,1933.9,5,-2.2700000000027103,165.0,-2.1900000000000546,1.2799999999999727
2023-06-21 13:10:00,2023-06-21 13:20:00,Short,1927.26,1928.9050000000002,-1.6450000000002092,SL Hit,1928.9050000000002,1,-3.9150000000029195,10.0,1.6900000000000546,-0.8799999999998818
2023-06-21 15:50:00,2023-06-21 16:15:00,Long,1931.565,1930.86,-1.4100000000003092,SL Hit,1930.86,2,-5.325000000003229,25.0,-0.7850000000000819,1.7349999999999
2023-06-21 17:50:00,2023-06-21 18:00:00,Long,1934.53,1934.1100000000004,-0.419999999999618,SL Hit,1934.1100000000004,1,-5.745000000002847,10.0,-0.7200000000000273,0.5299999999999727
2023-06-21 20:20:00,2023-06-21 22:00:00,Short,1932.4666666666665,1932.73,-0.7900000000006457,SL Hit,1932.73,3,-6.5350000000034925,100.0,0.7033333333336032,-0.6366666666665424
2023-06-21 22:10:00,2023-06-21 22:15:00,Long,1932.68,1932.68,0.0,SL Hit,1932.68,1,-6.5350000000034925,5.0,-0.5800000000001546,0.5599999999999454
2023-06-21 23:00:00,2023-06-21 23:25:00,Short,1933.5,1933.7099999999998,-0.209999999999809,SL Hit,1933.7099999999998,1,-6.7450000000033015,25.0,0.39000000000010004,-1.2999999999999545
2023-06-22 01:05:00,2023-06-22 01:15:00,Short,1932.76,1933.0749999999998,-0.3149999999998272,SL Hit,1933.0749999999998,1,-7.060000000003129,10.0,0.4600000000000364,-0.8599999999999
2023-06-22 04:45:00,2023-06-22 05:55:00,Short,1929.9,1930.05,-0.29999999999972715,SL Hit,1930.05,2,-7.360000000002856,70.0,1.3399999999999181,-2.0
2023-06-22 11:30:00,2023-06-22 11:50:00,Short,1927.4,1927.4,0.0,SL Hit,1927.4,1,-7.360000000002856,20.0,0.14999999999986358,-2.1100000000001273
2023-06-22 15:25:00,2023-06-22 16:00:00,Short,1914.0900000000001,1915.16,-2.1399999999998727,SL Hit,1915.16,2,-9.500000000002728,35.0,1.2899999999999636,-1.6900000000000546
2023-06-22 16:10:00,2023-06-22 18:20:00,Long,1914.575,1914.9,1.300000000000182,SL Hit,1914.9,4,-8.200000000002547,130.0,-1.2650000000001,2.8150000000000546
2023-06-22 19:05:00,2023-06-22 19:25:00,Long,1914.95,1914.1799999999998,-0.7700000000002092,SL Hit,1914.1799999999998,1,-8.970000000002756,20.0,-0.900000000000091,0.2899999999999636
2023-06-22 20:20:00,2023-06-22 22:00:00,Short,1913.8400000000001,1914.04,-0.3999999999996362,SL Hit,1914.04,2,-9.370000000002392,100.0,0.2999999999999545,-1.3800000000001091
2023-06-23 02:50:00,2023-06-23 03:15:00,Short,1911.23,1911.23,0.0,SL Hit,1911.23,1,-9.370000000002392,25.0,0.31999999999993634,-1.0299999999999727
2023-06-23 06:55:00,2023-06-23 07:05:00,Short,1913.8,1914.5,-0.7000000000000455,SL Hit,1914.5,1,-10.070000000002437,10.0,0.9800000000000182,-1.2000000000000455
2023-06-23 08:40:00,2023-06-23 08:55:00,Long,1919.24,1918.435,-0.8050000000000637,SL Hit,1918.435,1,-10.875000000002501,15.0,-1.8800000000001091,0.6800000000000637
2023-06-23 09:15:00,2023-06-23 09:20:00,Short,1917.84,1917.84,0.0,SL Hit,1917.84,1,-10.875000000002501,5.0,0.8100000000001728,-0.6999999999998181
2023-06-23 12:15:00,2023-06-23 12:30:00,Long,1919.4,1919.4,0.0,SL Hit,1919.4,1,-10.875000000002501,15.0,-0.14000000000010004,4.279999999999973
2023-06-23 13:50:00,2023-06-23 14:15:00,Long,1932.205,1930.33,-3.75,SL Hit,1930.33,2,-14.625000000002501,25.0,-3.5349999999998545,4.365000000000009
2023-06-23 16:35:00,2023-06-23 17:30:00,Short,1919.6399999999999,1920.41,-1.5400000000004184,SL Hit,1920.41,2,-16.16500000000292,55.0,1.4300000000000637,-1.709999999999809
2023-06-23 17:50:00,2023-06-23 18:35:00,Long,1920.09,1919.215,-0.875,SL Hit,1919.215,1,-17.04000000000292,45.0,-1.490000000000009,0.7000000000000455
2023-06-23 19:05:00,2023-06-23 19:40:00,Long,1920.46,1919.3,-2.3200000000001637,SL Hit,1919.3,2,-19.360000000003083,35.0,-1.2100000000000364,0.7000000000000455
2023-06-23 19:45:00,2023-06-23 20:50:00,Short,1919.86,1919.86,0.0,SL Hit,1919.86,1,-19.360000000003083,65.0,1.259999999999991,-1.259999999999991
2023-06-25 23:20:00,2023-06-25 23:25:00,Long,1924.45,1923.9249999999997,-0.5250000000003183,SL Hit,1923.9249999999997,1,-19.8850000000034,5.0,-0.8500000000001364,0.2899999999999636
2023-06-25 23:55:00,2023-06-26 00:00:00,Long,1924.88,1924.88,0.0,SL Hit,1924.88,1,-19.8850000000034,5.0,-0.20000000000004547,0.9399999999998272
2023-06-26 01:25:00,2023-06-26 02:05:00,Long,1926.6,1923.8000000000002,-2.799999999999727,Bearish Trade Reversal,1923.8000000000002,1,-22.68500000000313,40.0,-2.269999999999982,1.7300000000000182
2023-06-26 02:05:00,2023-06-26 03:25:00,Short,1925.24,1926.51,-2.5399999999999636,SL Hit,1926.51,2,-25.225000000003092,80.0,1.3099999999999454,-0.9400000000000546
2023-06-26 03:30:00,2023-06-26 03:50:00,Long,1925.72,1925.1,-1.2400000000002365,SL Hit,1925.1,2,-26.46500000000333,20.0,-0.9200000000000728,0.9200000000000728
2023-06-26 04:10:00,2023-06-26 04:40:00,Short,1925.02,1925.1949999999997,-0.17499999999972715,SL Hit,1925.1949999999997,1,-26.640000000003056,30.0,0.5399999999999636,-1.4200000000000728
2023-06-26 08:00:00,2023-06-26 09:10:00,Long,1930.21,1931.1,1.7799999999997453,SL Hit,1931.1,2,-24.86000000000331,70.0,-1.3299999999999272,2.8799999999998818
2023-06-26 09:55:00,2023-06-26 10:05:00,Short,1929.96,1930.905,-0.9449999999999363,SL Hit,1930.905,1,-25.805000000003247,10.0,1.3199999999999363,-0.6600000000000819
2023-06-26 11:25:00,2023-06-26 11:40:00,Short,1931.8,1932.3600000000001,-0.5600000000001728,Bullish Trade Reversal,1932.3600000000001,1,-26.36500000000342,15.0,0.5599999999999454,-0.4800000000000182
2023-06-26 11:40:00,2023-06-26 12:00:00,Long,1932.05,1930.7550000000003,-1.294999999999618,SL Hit,1930.7550000000003,1,-27.660000000003038,20.0,-1.5499999999999545,0.2400000000000091
2023-06-26 12:05:00,2023-06-26 12:30:00,Short,1931.305,1932.31,-2.0099999999997635,SL Hit,1932.31,2,-29.6700000000028,25.0,1.2649999999998727,-1.4450000000001637
2023-06-26 15:10:00,2023-06-26 15:55:00,Long,1926.3899999999999,1926.2,-0.3799999999996544,SL Hit,1926.2,2,-30.050000000002456,45.0,-2.4899999999997817,1.9500000000000455
2023-06-26 16:45:00,2023-06-26 17:45:00,Short,1923.9133333333332,1924.21,-0.8900000000005548,SL Hit,1924.21,3,-30.94000000000301,60.0,1.0166666666668789,-1.2133333333331393
2023-06-26 19:25:00,2023-06-26 20:35:00,Short,1922.67,1923.12,-0.8999999999996362,SL Hit,1923.12,2,-31.840000000002647,70.0,0.5099999999999909,-1.0700000000001637
2023-06-26 22:40:00,2023-06-26 23:15:00,Long,1923.5,1922.62,-1.7600000000002183,SL Hit,1922.62,2,-33.600000000002865,35.0,-0.9800000000000182,1.099999999999909
2023-06-27 00:25:00,2023-06-27 00:40:00,Long,1922.53,1922.53,0.0,SL Hit,1922.53,1,-33.600000000002865,15.0,-0.12999999999988177,1.990000000000009
2023-06-27 01:20:00,2023-06-27 03:30:00,Long,1926.823333333333,1928.11,3.860000000000582,SL Hit,1928.11,3,-29.740000000002283,130.0,-2.4533333333331484,3.2166666666669244
2023-06-27 03:55:00,2023-06-27 04:00:00,Short,1928.55,1928.55,0.0,SL Hit,1928.55,1,-29.740000000002283,5.0,0.03999999999996362,-0.9500000000000455
2023-06-27 18:00:00,2023-06-27 18:20:00,Short,1912.02,1912.3699999999997,-0.3499999999996817,SL Hit,1912.3699999999997,1,-30.090000000001965,20.0,1.2899999999999636,-1.4200000000000728
2023-06-27 23:45:00,2023-06-28 00:35:00,Long,1915.915,1915.0,-1.8299999999999272,SL Hit,1915.0,2,-31.92000000000189,50.0,-1.3150000000000546,1.0650000000000546
2023-06-28 00:40:00,2023-06-28 01:10:00,Short,1915.46,1916.0900000000001,-0.6300000000001091,SL Hit,1916.0900000000001,1,-32.550000000002,30.0,0.6599999999998545,-0.5599999999999454
2023-06-28 01:45:00,2023-06-28 01:50:00,Long,1915.47,1915.47,0.0,SL Hit,1915.47,1,-32.550000000002,5.0,-0.7000000000000455,0.5099999999999909
2023-06-28 06:40:00,2023-06-28 08:55:00,Short,1910.765,1910.19,2.300000000000182,SL Hit,1910.19,4,-30.25000000000182,135.0,1.584999999999809,-2.9650000000001455
2023-06-28 09:00:00,2023-06-28 09:25:00,Long,1909.65,1909.0899999999997,-0.5600000000004002,SL Hit,1909.0899999999997,1,-30.81000000000222,25.0,-1.050000000000182,1.9199999999998454
2023-06-28 12:25:00,2023-06-28 12:45:00,Short,1906.71,1907.78,-2.1399999999998727,SL Hit,1907.78,2,-32.95000000000209,20.0,1.5499999999999545,-0.9200000000000728
2023-06-28 13:30:00,2023-06-28 13:40:00,Long,1908.88,1905.4850000000001,-3.394999999999982,SL Hit,1905.4850000000001,1,-36.345000000002074,10.0,-4.040000000000191,1.8199999999999363
2023-06-28 14:50:00,2023-06-28 15:00:00,Short,1906.94,1907.885,-0.9449999999999363,SL Hit,1907.885,1,-37.29000000000201,10.0,1.3899999999998727,-1.400000000000091
2023-06-28 15:20:00,2023-06-28 17:35:00,Long,1911.1275,1912.23,4.4099999999998545,SL Hit,1912.23,4,-32.880000000002156,135.0,-2.087500000000091,2.1224999999999454
2023-06-28 19:00:00,2023-06-28 22:05:00,Short,1910.1625000000001,1909.41,3.0100000000002183,SL Hit,1909.41,4,-29.870000000001937,185.0,2.0874999999998636,-3.4925000000000637
2023-06-28 23:10:00,2023-06-29 00:00:00,Long,1910.01,1908.6099999999997,-1.4000000000003183,Bearish Trade Reversal,1908.6099999999997,1,-31.270000000002256,50.0,-1.7100000000000364,0.5499999999999545
2023-06-29 00:00:00,2023-06-29 00:55:00,Short,1909.155,1909.18,-0.0500000000001819,SL Hit,1909.18,2,-31.320000000002437,55.0,0.8550000000000182,-1.7549999999998818
2023-06-29 02:45:00,2023-06-29 03:50:00,Short,1904.825,1904.83,-0.009999999999763531,SL Hit,1904.83,2,-31.3300000000022,65.0,1.125,-2.3250000000000455
2023-06-29 04:15:00,2023-06-29 05:00:00,Long,1904.795,1904.0,-1.5900000000001455,SL Hit,1904.0,2,-32.92000000000235,45.0,-0.7950000000000728,1.0049999999998818
2023-06-29 05:20:00,2023-06-29 05:30:00,Short,1904.16,1904.5799999999997,-0.419999999999618,SL Hit,1904.5799999999997,1,-33.340000000001965,10.0,0.5299999999999727,-0.9300000000000637
2023-06-29 11:45:00,2023-06-29 12:00:00,Short,1910.14,1910.5249999999996,-0.38499999999953616,SL Hit,1910.5249999999996,1,-33.7250000000015,15.0,0.5,-0.44000000000005457
2023-06-29 12:25:00,2023-06-29 12:30:00,Long,1909.8,1909.8,0.0,SL Hit,1909.8,1,-33.7250000000015,5.0,-9.049999999999955,1.7100000000000364
2023-06-29 14:50:00,2023-06-29 15:50:00,Long,1910.455,1909.04,-2.8299999999999272,SL Hit,1909.04,2,-36.55500000000143,60.0,-2.0549999999998363,2.5450000000000728
2023-06-29 16:55:00,2023-06-29 17:15:00,Long,1909.54,1909.0500000000004,-0.48999999999955435,SL Hit,1909.0500000000004,1,-37.04500000000098,20.0,-1.2100000000000364,1.1000000000001364
2023-06-29 18:05:00,2023-06-29 19:35:00,Short,1907.6,1908.38,-1.5600000000004002,SL Hit,1908.38,2,-38.60500000000138,90.0,1.540000000000191,-1.8999999999998636
2023-06-30 01:10:00,2023-06-30 01:30:00,Long,1908.53,1907.9,-1.2599999999997635,SL Hit,1907.9,2,-39.865000000001146,20.0,-1.8299999999999272,0.8700000000001182
2023-06-30 05:10:00,2023-06-30 05:50:00,Long,1908.5199999999998,1908.47,-0.14999999999918145,SL Hit,1908.47,3,-40.01500000000033,40.0,-1.0199999999997544,1.0300000000002
2023-06-30 12:30:00,2023-06-30 16:40:00,Long,1913.9466666666667,1917.42,31.26000000000022,SL Hit,1917.42,9,-8.75500000000011,250.0,-7.716666666666697,6.3433333333332484
2023-06-30 20:20:00,2023-06-30 20:35:00,Short,1918.42,1918.49,-0.06999999999993634,SL Hit,1918.49,1,-8.825000000000045,15.0,0.1899999999998272,-0.9200000000000728
2023-07-02 20:00:00,2023-07-02 22:00:00,Long,1918.835,1919.1,0.5299999999997453,SL Hit,1919.1,2,-8.2950000000003,120.0,-0.48500000000012733,0.8150000000000546
2023-07-03 02:15:00,2023-07-03 03:40:00,Short,1916.75,1917.3100000000004,-0.5600000000004002,SL Hit,1917.3100000000004,1,-8.8550000000007,85.0,1.1199999999998909,-2.650000000000091
2023-07-03 04:15:00,2023-07-03 05:25:00,Long,1919.1399999999999,1918.6,-1.0799999999999272,SL Hit,1918.6,2,-9.935000000000628,70.0,-0.7399999999997817,1.3300000000001546
2023-07-03 05:35:00,2023-07-03 06:55:00,Short,1917.3966666666668,1914.98,7.250000000000227,SL Hit,1914.98,3,-2.6850000000004,80.0,2.6733333333331757,-3.876666666666779
2023-07-03 10:15:00,2023-07-03 10:20:00,Short,1912.7,1912.7350000000001,-0.035000000000081855,SL Hit,1912.7350000000001,1,-2.720000000000482,5.0,0.06999999999993634,-0.650000000000091
2023-07-03 11:50:00,2023-07-03 12:10:00,Short,1912.83,1913.35,-1.0399999999999636,SL Hit,1913.35,2,-3.7600000000004457,20.0,0.7400000000000091,-1.0699999999999363
2023-07-03 17:40:00,2023-07-03 18:10:00,Short,1921.36,1921.6050000000005,-0.24500000000057298,SL Hit,1921.6050000000005,1,-4.005000000001019,30.0,0.3300000000001546,-0.8599999999999
2023-07-03 20:05:00,2023-07-03 20:10:00,Short,1921.06,1921.1299999999999,-0.06999999999993634,SL Hit,1921.1299999999999,1,-4.075000000000955,5.0,0.19000000000005457,-0.9600000000000364
2023-07-03 20:35:00,2023-07-03 20:55:00,Long,1921.3166666666666,1920.5,-2.449999999999818,SL Hit,1920.5,3,-6.525000000000773,20.0,-0.816666666666606,0.2233333333333576
2023-07-03 22:45:00,2023-07-03 23:45:00,Short,1920.9800000000002,1920.89,0.27000000000043656,SL Hit,1920.89,3,-6.2550000000003365,60.0,0.4999999999997726,-1.0800000000001546
2023-07-04 04:55:00,2023-07-04 05:10:00,Long,1923.685,1923.7,0.03000000000020009,SL Hit,1923.7,2,-6.225000000000136,15.0,-0.20499999999992724,0.8550000000000182
2023-07-04 07:05:00,2023-07-04 07:10:00,Long,1926.65,1926.65,0.0,SL Hit,1926.65,1,-6.225000000000136,5.0,-0.40000000000009095,0.3999999999998636
2023-07-04 07:15:00,2023-07-04 07:20:00,Long,1926.47,1926.47,0.0,SL Hit,1926.47,1,-6.225000000000136,5.0,-0.7699999999999818,0.8099999999999454
2023-07-04 10:20:00,2023-07-04 12:00:00,Short,1929.218,1929.32,-0.5099999999993088,SL Hit,1929.32,5,-6.734999999999445,100.0,0.6720000000000255,-2.018000000000029
2023-07-04 17:55:00,2023-07-04 18:05:00,Long,1924.88,1924.88,0.0,SL Hit,1924.88,1,-6.734999999999445,10.0,-0.6800000000000637,0.5199999999999818
2023-07-04 22:15:00,2023-07-04 22:20:00,Short,1925.16,1925.23,-0.06999999999993634,SL Hit,1925.23,1,-6.8049999999993815,5.0,0.7400000000000091,-0.3200000000001637
2023-07-05 00:05:00,2023-07-05 00:10:00,Long,1926.14,1926.14,0.0,SL Hit,1926.14,1,-6.8049999999993815,5.0,-0.9400000000000546,0.34999999999990905
2023-07-05 02:05:00,2023-07-05 02:55:00,Short,1923.65,1924.15,-1.0,SL Hit,1924.15,2,-7.8049999999993815,50.0,0.9399999999998272,-0.9500000000000455
2023-07-05 04:40:00,2023-07-05 04:45:00,Short,1925.24,1925.415,-0.17499999999995453,Bullish Trade Reversal,1925.415,1,-7.979999999999336,5.0,0.43000000000006366,-0.8399999999999181
2023-07-05 04:45:00,2023-07-05 06:00:00,Long,1925.45,1925.15,-1.199999999999818,SL Hit,1925.15,4,-9.179999999999154,75.0,-1.0499999999999545,0.8299999999999272
2023-07-05 12:10:00,2023-07-05 12:20:00,Short,1926.56,1928.3449999999998,-1.7849999999998545,Bullish Trade Reversal,1928.3449999999998,1,-10.964999999999009,10.0,2.2100000000000364,-0.22000000000002728
2023-07-05 12:20:00,2023-07-05 12:25:00,Long,1927.775,1926.34,-2.8700000000003456,SL Hit,1926.34,2,-13.834999999999354,5.0,-1.8450000000000273,0.9949999999998909
2023-07-05 13:15:00,2023-07-05 13:30:00,Long,1931.8000000000002,1928.29,-7.020000000000437,SL Hit,1928.29,2,-20.85499999999979,15.0,-3.5700000000001637,3.0299999999997453
2023-07-05 13:35:00,2023-07-05 14:15:00,Short,1926.605,1925.19,2.8299999999999272,SL Hit,1925.19,2,-18.024999999999864,40.0,2.4849999999999,-4.144999999999982
2023-07-05 15:50:00,2023-07-05 18:00:00,Short,1921.8,1920.12,5.040000000000191,SL Hit,1920.12,3,-12.984999999999673,130.0,2.8700000000001182,-3.2999999999999545
2023-07-05 20:05:00,2023-07-05 20:10:00,Short,1916.35,1916.3849999999998,-0.03499999999985448,SL Hit,1916.3849999999998,1,-13.019999999999527,5.0,0.2800000000002001,-0.15999999999985448
2023-07-05 20:55:00,2023-07-05 22:00:00,Short,1914.8,1915.3950000000002,-0.5950000000002547,SL Hit,1915.3950000000002,1,-13.614999999999782,65.0,1.2999999999999545,-0.5
2023-07-05 22:35:00,2023-07-05 22:40:00,Long,1916.5,1916.5,0.0,SL Hit,1916.5,1,-13.614999999999782,5.0,-0.40000000000009095,0.7200000000000273
2023-07-06 00:10:00,2023-07-06 00:50:00,Long,1916.92,1916.1,-1.6400000000003274,SL Hit,1916.1,2,-15.25500000000011,40.0,-1.1200000000001182,0.5599999999999454
2023-07-06 01:55:00,2023-07-06 02:45:00,Long,1918.6,1918.21,-0.7799999999997453,SL Hit,1918.21,2,-16.034999999999854,50.0,-0.4699999999997999,1.040000000000191
2023-07-06 03:20:00,2023-07-06 03:25:00,Short,1918.5,1918.57,-0.06999999999993634,SL Hit,1918.57,1,-16.10499999999979,5.0,0.6099999999999,-1.0
2023-07-06 07:05:00,2023-07-06 07:10:00,Short,1920.26,1920.26,0.0,SL Hit,1920.26,1,-16.10499999999979,5.0,0.13000000000010914,-0.900000000000091
2023-07-06 14:25:00,2023-07-06 14:35:00,Short,1904.66,1904.975,-0.3149999999998272,SL Hit,1904.975,1,-16.419999999999618,10.0,1.259999999999991,-1.8100000000001728
2023-07-06 23:45:00,2023-07-07 00:05:00,Short,1911.87,1912.1150000000005,-0.24500000000057298,SL Hit,1912.1150000000005,1,-16.66500000000019,20.0,0.3400000000001455,-0.8699999999998909
2023-07-07 00:15:00,2023-07-07 00:20:00,Long,1910.9,1910.9,0.0,Bearish Trade Reversal,1910.9,1,-16.66500000000019,5.0,0.0,1.2300000000000182
2023-07-07 00:20:00,2023-07-07 01:30:00,Short,1911.4850000000001,1911.64,-0.30999999999994543,SL Hit,1911.64,2,-16.975000000000136,70.0,0.6449999999999818,-1.915000000000191
2023-07-07 02:20:00,2023-07-07 03:00:00,Short,1910.96,1911.4499999999996,-0.48999999999955435,SL Hit,1911.4499999999996,1,-17.46499999999969,40.0,0.5099999999999909,-1.1900000000000546
2023-07-07 04:00:00,2023-07-07 04:25:00,Short,1910.34,1911.1,-1.5199999999999818,SL Hit,1911.1,2,-18.984999999999673,25.0,0.9600000000000364,-0.9399999999998272
2023-07-07 06:45:00,2023-07-07 06:50:00,Long,1914.72,1914.72,0.0,SL Hit,1914.72,1,-18.984999999999673,5.0,-1.2200000000000273,0.4500000000000455
2023-07-07 09:40:00,2023-07-07 10:05:00,Long,1915.32,1915.32,0.0,SL Hit,1915.32,1,-18.984999999999673,25.0,-0.09999999999990905,1.400000000000091
2023-07-07 11:35:00,2023-07-07 12:15:00,Long,1917.5549999999998,1916.3,-2.5099999999997635,SL Hit,1916.3,2,-21.494999999999436,40.0,-2.8949999999997544,0.8150000000000546
2023-07-07 16:50:00,2023-07-09 22:05:00,Short,1926.49,1925.56,6.510000000000446,SL Hit,1925.56,7,-14.98499999999899,3195.0,1.3399999999999181,-2.990000000000009
2023-07-09 23:05:00,2023-07-09 23:45:00,Short,1924.96,1924.96,0.0,SL Hit,1924.96,1,-14.98499999999899,40.0,0.21000000000003638,-1.8600000000001273
2023-07-10 01:00:00,2023-07-10 02:30:00,Long,1925.0333333333335,1924.14,-2.680000000000291,SL Hit,1924.14,3,-17.66499999999928,90.0,-1.2333333333335759,1.7566666666664332
2023-07-10 02:55:00,2023-07-10 03:05:00,Long,1924.74,1924.67,-0.06999999999993634,SL Hit,1924.67,1,-17.734999999999218,10.0,-0.2899999999999636,0.7400000000000091
2023-07-10 07:50:00,2023-07-10 08:00:00,Long,1925.0,1924.6500000000003,-0.3499999999996817,SL Hit,1924.6500000000003,1,-18.0849999999989,10.0,-1.599999999999909,0.6199999999998909
2023-07-10 08:05:00,2023-07-10 08:55:00,Short,1924.22,1925.3049999999998,-1.084999999999809,SL Hit,1925.3049999999998,1,-19.16999999999871,50.0,1.2300000000000182,-1.5499999999999545
2023-07-10 09:45:00,2023-07-10 10:15:00,Short,1923.185,1923.84,-1.3099999999999454,SL Hit,1923.84,2,-20.479999999998654,30.0,0.7250000000001364,-0.48499999999989996
2023-07-10 10:20:00,2023-07-10 12:10:00,Long,1923.89,1923.79,-0.4000000000005457,SL Hit,1923.79,4,-20.8799999999992,110.0,-1.1400000000001,1.7199999999998
2023-07-10 15:35:00,2023-07-10 15:50:00,Short,1922.895,1923.37,-0.9499999999998181,SL Hit,1923.37,2,-21.829999999999018,15.0,0.6349999999999909,-0.7149999999999181
2023-07-10 16:25:00,2023-07-10 18:00:00,Long,1924.74,1925.2,0.9200000000000728,SL Hit,1925.2,2,-20.909999999998945,95.0,-1.1400000000001,1.990000000000009
2023-07-10 18:25:00,2023-07-10 18:45:00,Short,1925.415,1925.95,-1.0700000000001637,SL Hit,1925.95,2,-21.97999999999911,20.0,0.5850000000000364,-0.6150000000000091
2023-07-10 18:50:00,2023-07-10 19:40:00,Long,1925.5633333333335,1924.79,-2.3200000000006185,SL Hit,1924.79,3,-24.299999999999727,50.0,-1.2633333333335486,0.7666666666664241
2023-07-10 20:50:00,2023-07-10 22:15:00,Short,1925.17,1925.36,-0.3799999999996544,SL Hit,1925.36,2,-24.67999999999938,85.0,0.1899999999998272,-0.7699999999999818
2023-07-10 22:30:00,2023-07-10 22:50:00,Short,1924.64,1925.2699999999995,-0.629999999999427,SL Hit,1925.2699999999995,1,-25.30999999999881,20.0,0.6699999999998454,-0.12000000000011823
2023-07-11 02:30:00,2023-07-11 03:15:00,Long,1926.87,1926.1,-1.5399999999999636,SL Hit,1926.1,2,-26.849999999998772,45.0,-1.2799999999999727,1.8100000000001728
2023-07-11 03:55:00,2023-07-11 04:10:00,Short,1926.67,1927.16,-0.9800000000000182,SL Hit,1927.16,2,-27.82999999999879,15.0,0.6799999999998363,-0.8700000000001182
2023-07-11 09:25:00,2023-07-11 09:55:00,Short,1936.72,1938.1199999999994,-1.3999999999994088,SL Hit,1938.1199999999994,1,-29.2299999999982,30.0,1.4800000000000182,-1.8099999999999454
2023-07-11 12:05:00,2023-07-11 13:30:00,Short,1933.4175,1933.2,0.8699999999998909,SL Hit,1933.2,4,-28.35999999999831,85.0,2.822499999999991,-3.7975000000001273
2023-07-11 13:50:00,2023-07-11 13:55:00,Short,1932.9,1934.4049999999995,-1.504999999999427,Bullish Trade Reversal,1934.4049999999995,1,-29.864999999997735,5.0,0.7300000000000182,-1.6700000000000728
2023-07-11 13:55:00,2023-07-11 14:45:00,Long,1933.5999999999997,1932.29,-3.929999999999154,SL Hit,1932.29,3,-33.79499999999689,50.0,-1.4399999999995998,1.7200000000002547
2023-07-11 19:30:00,2023-07-11 19:35:00,Short,1932.25,1932.25,0.0,Bullish Trade Reversal,1932.25,1,-33.79499999999689,5.0,-0.0,-1.349999999999909
2023-07-11 19:35:00,2023-07-11 19:40:00,Long,1931.88,1928.45,-3.4300000000000637,Bearish Trade Reversal,1928.45,1,-37.22499999999695,5.0,-0.9800000000000182,0.1899999999998272
2023-07-11 19:40:00,2023-07-11 22:05:00,Short,1932.0233333333333,1932.29,-0.7999999999999545,SL Hit,1932.29,3,-38.02499999999691,145.0,0.40666666666675155,-1.1233333333332212
2023-07-11 22:10:00,2023-07-12 03:35:00,Long,1935.9455555555553,1938.0,18.490000000002283,SL Hit,1938.0,9,-19.534999999994625,325.0,-4.545555555555211,4.904444444444607
2023-07-12 03:45:00,2023-07-12 04:10:00,Long,1939.05,1938.31,-2.2200000000000273,SL Hit,1938.31,3,-21.754999999994652,25.0,-0.8799999999998818,0.6000000000001364
2023-07-12 04:20:00,2023-07-12 04:55:00,Short,1938.1,1938.16,-0.12000000000034561,SL Hit,1938.16,2,-21.874999999994998,35.0,0.8900000000001,-0.5099999999999909
2023-07-12 07:45:00,2023-07-12 08:15:00,Short,1934.205,1934.66,-0.9100000000003092,SL Hit,1934.66,2,-22.784999999995307,30.0,0.9550000000001546,-1.0049999999998818
2023-07-12 11:20:00,2023-07-12 11:25:00,Long,1933.47,1932.1749999999997,-1.2950000000003001,Bearish Trade Reversal,1932.1749999999997,1,-24.079999999995607,5.0,-0.37000000000011823,0.7999999999999545
2023-07-12 11:25:00,2023-07-12 11:30:00,Short,1934.21,1934.21,0.0,SL Hit,1934.21,1,-24.079999999995607,5.0,0.9500000000000455,-0.43000000000006366
2023-07-12 13:30:00,2023-07-12 15:15:00,Long,1955.0825000000002,1953.62,-5.850000000001273,SL Hit,1953.62,4,-29.92999999999688,105.0,-4.602500000000191,2.9274999999997817
2023-07-12 15:20:00,2023-07-12 15:25:00,Short,1953.83,1953.9699999999998,-0.13999999999987267,SL Hit,1953.9699999999998,1,-30.069999999996753,5.0,1.490000000000009,-0.4900000000000091
2023-07-12 18:25:00,2023-07-12 19:20:00,Long,1957.6000000000001,1957.0,-1.8000000000004093,SL Hit,1957.0,3,-31.869999999997162,55.0,-0.7000000000000455,0.7499999999997726
2023-07-12 20:45:00,2023-07-12 22:35:00,Short,1957.7,1957.99,-0.5799999999999272,SL Hit,1957.99,2,-32.44999999999709,110.0,0.44000000000005457,-1.2000000000000455
2023-07-12 23:40:00,2023-07-12 23:55:00,Short,1957.53,1957.76,-0.4600000000000364,SL Hit,1957.76,2,-32.909999999997126,15.0,0.2400000000000091,-0.6299999999998818
2023-07-13 00:10:00,2023-07-13 00:35:00,Long,1958.02,1956.8,-2.4400000000000546,SL Hit,1956.8,2,-35.34999999999718,25.0,-1.5199999999999818,0.7699999999999818
2023-07-13 00:40:00,2023-07-13 01:00:00,Short,1957.67,1957.67,0.0,SL Hit,1957.67,1,-35.34999999999718,20.0,0.4199999999998454,-1.4700000000000273
2023-07-13 01:20:00,2023-07-13 03:20:00,Long,1958.9466666666667,1959.77,4.9399999999996,SL Hit,1959.77,6,-30.40999999999758,120.0,-2.596666666666806,2.5933333333332484
2023-07-13 03:30:00,2023-07-13 04:30:00,Short,1959.99,1960.59,-2.399999999999636,SL Hit,1960.59,4,-32.80999999999722,60.0,1.1099999999999,-1.0199999999999818
2023-07-13 06:15:00,2023-07-13 07:20:00,Long,1960.43,1961.11,1.3599999999996726,SL Hit,1961.11,2,-31.449999999997544,65.0,-2.2799999999999727,2.7799999999999727
2023-07-13 09:10:00,2023-07-13 10:40:00,Short,1959.9666666666665,1960.14,-0.5200000000008913,SL Hit,1960.14,3,-31.969999999998436,90.0,0.3533333333334667,-2.266666666666424
2023-07-13 11:05:00,2023-07-13 11:10:00,Long,1960.2649999999999,1959.1,-2.3299999999999272,SL Hit,1959.1,2,-34.29999999999836,5.0,-1.3649999999997817,0.3450000000000273
2023-07-13 11:15:00,2023-07-13 12:15:00,Short,1959.6633333333332,1960.01,-1.0400000000004184,SL Hit,1960.01,3,-35.33999999999878,60.0,0.6266666666667788,-2.3633333333332303
2023-07-13 13:55:00,2023-07-13 14:50:00,Short,1958.855,1961.29,-4.869999999999891,SL Hit,1961.29,2,-40.20999999999867,55.0,2.8350000000000364,-1.8550000000000182
2023-07-13 21:00:00,2023-07-13 22:00:00,Long,1960.13,1960.13,0.0,SL Hit,1960.13,1,-40.20999999999867,60.0,-0.21000000000003638,0.2899999999999636
2023-07-14 00:05:00,2023-07-14 01:15:00,Short,1959.298,1959.42,-0.6100000000003547,SL Hit,1959.42,5,-40.81999999999903,70.0,1.0119999999999436,-1.5979999999999563
2023-07-14 01:25:00,2023-07-14 02:55:00,Long,1960.71,1961.93,2.4400000000000546,SL Hit,1961.93,2,-38.37999999999897,90.0,-1.7999999999999545,2.980000000000018
2023-07-14 04:10:00,2023-07-14 07:50:00,Short,1959.2516666666663,1956.91,14.049999999997453,SL Hit,1956.91,6,-24.33000000000152,220.0,2.478333333333694,-4.971666666666351
2023-07-14 08:00:00,2023-07-14 08:05:00,Long,1956.69,1956.69,0.0,SL Hit,1956.69,1,-24.33000000000152,5.0,-0.009999999999990905,1.259999999999991
2023-07-14 08:10:00,2023-07-14 08:15:00,Long,1957.02,1956.3899999999999,-0.6300000000001091,SL Hit,1956.3899999999999,1,-24.960000000001628,5.0,-0.8199999999999363,0.6600000000000819
2023-07-14 09:00:00,2023-07-14 09:35:00,Short,1956.075,1957.09,-2.0299999999997453,SL Hit,1957.09,2,-26.990000000001373,35.0,1.0349999999998545,-0.6449999999999818
2023-07-14 15:05:00,2023-07-14 15:15:00,Long,1958.46,1958.0399999999995,-0.4200000000005275,SL Hit,1958.0399999999995,1,-27.4100000000019,10.0,-0.6600000000000819,1.509999999999991
2023-07-14 15:45:00,2023-07-14 16:00:00,Short,1958.52,1958.7999999999997,-0.27999999999974534,SL Hit,1958.7999999999997,1,-27.690000000001646,15.0,0.5799999999999272,-1.2200000000000273
2023-07-14 16:20:00,2023-07-14 18:05:00,Long,1958.7649999999999,1959.03,1.0600000000004002,SL Hit,1959.03,4,-26.630000000001246,105.0,-1.5449999999998454,1.7650000000001
2023-07-14 18:30:00,2023-07-14 18:35:00,Long,1960.77,1960.1049999999998,-0.665000000000191,SL Hit,1960.1049999999998,1,-27.295000000001437,5.0,-0.8299999999999272,0.17000000000007276
2023-07-14 20:55:00,2023-07-16 22:00:00,Long,1955.9899999999998,1954.5,-4.469999999999345,SL Hit,1954.5,3,-31.765000000000782,2945.0,-1.5899999999996908,1.9100000000003092
2023-07-16 22:05:00,2023-07-16 23:45:00,Short,1953.5,1952.42,3.2399999999997817,SL Hit,1952.42,3,-28.525000000001,100.0,1.3099999999999454,-2.2999999999999545
2023-07-17 01:50:00,2023-07-17 02:45:00,Short,1952.385,1952.6,-0.4299999999998363,SL Hit,1952.6,2,-28.955000000000837,55.0,0.974999999999909,-1.1849999999999454
2023-07-17 09:40:00,2023-07-17 10:55:00,Long,1956.77,1957.36,1.1799999999998363,SL Hit,1957.36,2,-27.775000000001,75.0,-0.7699999999999818,2.8900000000001
2023-07-17 12:20:00,2023-07-17 14:05:00,Short,1954.39,1951.39,9.0,SL Hit,1951.39,3,-18.775000000001,105.0,4.079999999999927,-8.460000000000036
2023-07-17 14:10:00,2023-07-17 15:05:00,Long,1951.9633333333334,1952.17,0.6200000000001182,SL Hit,1952.17,3,-18.155000000000882,55.0,-1.0033333333333303,2.1466666666665333
2023-07-17 15:50:00,2023-07-17 16:10:00,Long,1954.19,1953.9800000000002,-0.209999999999809,SL Hit,1953.9800000000002,1,-18.36500000000069,20.0,-0.2999999999999545,0.9299999999998363
2023-07-17 19:40:00,2023-07-17 22:40:00,Short,1954.9475,1954.91,0.1499999999996362,SL Hit,1954.91,4,-18.215000000001055,180.0,0.5924999999999727,-1.3475000000000819
2023-07-18 00:15:00,2023-07-18 01:45:00,Long,1955.9333333333334,1955.32,-1.840000000000373,SL Hit,1955.32,3,-20.055000000001428,90.0,-1.2533333333333303,3.406666666666524
2023-07-18 02:15:00,2023-07-18 04:55:00,Long,1958.903333333333,1959.4,2.9800000000027467,SL Hit,1959.4,6,-17.07499999999868,160.0,-2.3033333333330575,2.066666666667061
2023-07-18 05:25:00,2023-07-18 05:30:00,Long,1960.64,1960.64,0.0,SL Hit,1960.64,1,-17.07499999999868,5.0,-0.03000000000020009,0.9799999999997908
2023-07-18 05:35:00,2023-07-18 05:40:00,Long,1960.43,1960.43,0.0,SL Hit,1960.43,1,-17.07499999999868,5.0,-0.12000000000011823,0.4299999999998363
2023-07-18 06:05:00,2023-07-18 06:45:00,Short,1959.255,1959.97,-1.4299999999998363,SL Hit,1959.97,2,-18.504999999998518,40.0,1.0449999999998454,-1.4050000000002
2023-07-18 08:15:00,2023-07-18 08:25:00,Long,1961.74,1961.74,0.0,SL Hit,1961.74,1,-18.504999999998518,10.0,-0.8399999999999181,0.8299999999999272
2023-07-18 08:30:00,2023-07-18 08:45:00,Short,1961.54,1962.1000000000004,-0.5600000000004002,SL Hit,1962.1000000000004,1,-19.064999999998918,15.0,0.6600000000000819,-1.0399999999999636
2023-07-18 09:40:00,2023-07-18 09:45:00,Long,1962.45,1962.0299999999997,-0.42000000000030013,SL Hit,1962.0299999999997,1,-19.484999999999218,5.0,-0.8500000000001364,0.43000000000006366
2023-07-18 10:05:00,2023-07-18 11:05:00,Long,1962.6966666666667,1962.1,-1.7900000000004184,SL Hit,1962.1,3,-21.274999999999636,60.0,-0.7266666666666879,1.433333333333394
2023-07-18 12:40:00,2023-07-18 14:00:00,Short,1966.075,1971.94,-11.730000000000018,SL Hit,1971.94,2,-33.004999999999654,80.0,8.625,-5.194999999999936
2023-07-18 15:10:00,2023-07-18 15:15:00,Long,1982.34,1982.2,-0.13999999999987267,SL Hit,1982.2,1,-33.14499999999953,5.0,-0.6199999999998909,0.9700000000000273
2023-07-18 17:30:00,2023-07-18 18:15:00,Short,1976.57,1976.9550000000004,-0.38500000000044565,SL Hit,1976.9550000000004,1,-33.52999999999997,45.0,0.6800000000000637,-1.8699999999998909
2023-07-18 19:45:00,2023-07-18 19:55:00,Short,1977.55,1977.55,0.0,SL Hit,1977.55,1,-33.52999999999997,10.0,0.12000000000011823,-1.0499999999999545
2023-07-18 22:05:00,2023-07-18 22:25:00,Long,1978.4099999999999,1978.0,-0.819999999999709,SL Hit,1978.0,2,-34.34999999999968,20.0,-0.4099999999998545,0.49000000000023647
2023-07-18 22:35:00,2023-07-18 23:00:00,Long,1978.22,1977.9,-0.6399999999998727,SL Hit,1977.9,2,-34.989999999999554,25.0,-0.5199999999999818,0.7899999999999636
2023-07-19 00:00:00,2023-07-19 00:15:00,Short,1977.59,1977.59,0.0,SL Hit,1977.59,1,-34.989999999999554,15.0,-0.0,-1.1899999999998272
2023-07-19 00:25:00,2023-07-19 01:25:00,Long,1977.3400000000001,1976.5,-2.5200000000004366,SL Hit,1976.5,3,-37.50999999999999,60.0,-0.9300000000000637,1.0399999999999636
2023-07-19 04:00:00,2023-07-19 05:10:00,Short,1974.915,1975.08,-0.32999999999992724,SL Hit,1975.08,2,-37.83999999999992,70.0,1.0750000000000455,-1.2149999999999181
2023-07-19 07:20:00,2023-07-19 07:30:00,Long,1979.86,1979.1250000000005,-0.7349999999994452,SL Hit,1979.1250000000005,1,-38.57499999999936,10.0,-1.2299999999997908,0.9300000000000637
2023-07-19 10:10:00,2023-07-19 10:20:00,Short,1977.69,1977.69,0.0,SL Hit,1977.69,1,-38.57499999999936,10.0,0.30999999999994543,-1.6600000000000819
2023-07-19 13:15:00,2023-07-19 13:30:00,Short,1977.0149999999999,1978.14,-2.2500000000004547,SL Hit,1978.14,2,-40.82499999999982,15.0,1.2850000000000819,-1.3849999999997635
2023-07-19 13:50:00,2023-07-19 14:00:00,Long,1977.24,1976.8,-0.8800000000001091,SL Hit,1976.8,2,-41.70499999999993,10.0,-1.2999999999999545,2.4400000000000546
2023-07-19 14:05:00,2023-07-19 15:10:00,Short,1975.4,1975.37,0.06000000000040018,SL Hit,1975.37,2,-41.64499999999953,65.0,2.3799999999998818,-5.300000000000182
2023-07-19 16:05:00,2023-07-19 16:25:00,Short,1973.97,1974.4949999999994,-0.5249999999994088,SL Hit,1974.4949999999994,1,-42.169999999998936,20.0,0.5599999999999454,-1.7999999999999545
2023-07-19 19:55:00,2023-07-19 20:10:00,Long,1978.0700000000002,1977.3,-1.5400000000004184,SL Hit,1977.3,2,-43.709999999999354,15.0,-0.9100000000000819,0.35999999999989996
2023-07-19 20:20:00,2023-07-19 22:00:00,Short,1977.5,1977.5,0.0,SL Hit,1977.5,1,-43.709999999999354,100.0,0.6600000000000819,-1.6600000000000819
2023-07-19 22:50:00,2023-07-19 22:55:00,Short,1977.27,1977.27,0.0,SL Hit,1977.27,1,-43.709999999999354,5.0,0.16000000000008185,-0.25
2023-07-20 00:05:00,2023-07-20 00:40:00,Long,1978.1366666666665,1977.6,-1.6099999999999,SL Hit,1977.6,3,-45.319999999999254,35.0,-0.6366666666665424,0.9733333333333576
2023-07-20 01:00:00,2023-07-20 01:10:00,Long,1979.24,1978.7499999999995,-0.49000000000046384,SL Hit,1978.7499999999995,1,-45.80999999999972,10.0,-0.9400000000000546,0.8799999999998818
2023-07-20 03:15:00,2023-07-20 03:40:00,Long,1986.505,1985.26,-2.4900000000002365,SL Hit,1985.26,2,-48.299999999999955,25.0,-1.8050000000000637,0.8149999999998272
2023-07-20 03:55:00,2023-07-20 06:25:00,Short,1983.6860000000001,1981.91,8.880000000000337,SL Hit,1981.91,5,-39.41999999999962,150.0,1.9639999999999418,-4.546000000000049
2023-07-20 07:10:00,2023-07-20 07:20:00,Long,1982.05,1980.5800000000004,-1.4699999999995725,SL Hit,1980.5800000000004,1,-40.88999999999919,10.0,-2.349999999999909,0.3400000000001455
2023-07-20 07:25:00,2023-07-20 07:35:00,Short,1981.05,1981.05,0.0,SL Hit,1981.05,1,-40.88999999999919,10.0,-0.0,-1.759999999999991
2023-07-20 11:10:00,2023-07-20 11:25:00,Short,1980.89,1981.8,-1.819999999999709,SL Hit,1981.8,2,-42.7099999999989,15.0,1.0199999999999818,-1.5900000000001455
2023-07-20 11:30:00,2023-07-20 12:10:00,Long,1981.38,1980.0499999999997,-1.330000000000382,SL Hit,1980.0499999999997,1,-44.03999999999928,40.0,-1.6000000000001364,0.8399999999999181
2023-07-20 16:15:00,2023-07-20 16:30:00,Short,1966.95,1967.79,-0.8399999999999181,SL Hit,1967.79,1,-44.8799999999992,15.0,0.8799999999998818,-1.5199999999999818
2023-07-20 18:50:00,2023-07-20 18:55:00,Long,1969.1,1969.1,0.0,Bearish Trade Reversal,1969.1,1,-44.8799999999992,5.0,0.0,1.3300000000001546
2023-07-20 18:55:00,2023-07-20 19:15:00,Short,1970.14,1970.5249999999996,-0.38499999999953616,SL Hit,1970.5249999999996,1,-45.264999999998736,20.0,0.75,-1.5900000000001455
2023-07-20 20:45:00,2023-07-21 01:10:00,Long,1971.4533333333331,1971.84,1.1600000000003092,SL Hit,1971.84,3,-44.10499999999843,265.0,-2.1933333333331575,1.856666666666797
2023-07-21 01:15:00,2023-07-21 01:30:00,Short,1972.17,1972.17,0.0,SL Hit,1972.17,1,-44.10499999999843,15.0,1.1199999999998909,-0.6400000000001
2023-07-21 01:40:00,2023-07-21 01:50:00,Long,1973.01,1972.31,-0.7000000000000455,SL Hit,1972.31,1,-44.80499999999847,10.0,-1.4100000000000819,0.17000000000007276
2023-07-21 02:15:00,2023-07-21 04:30:00,Short,1971.13,1970.85,0.8400000000006003,SL Hit,1970.85,3,-43.96499999999787,135.0,0.8599999999999,-1.5300000000002
2023-07-21 04:35:00,2023-07-21 04:45:00,Long,1970.32,1970.2150000000001,-0.10499999999979082,SL Hit,1970.2150000000001,1,-44.06999999999766,10.0,-1.3199999999999363,0.4500000000000455
2023-07-21 04:50:00,2023-07-21 05:05:00,Short,1970.07,1970.07,0.0,SL Hit,1970.07,1,-44.06999999999766,15.0,0.19000000000005457,-1.3699999999998909
2023-07-21 06:10:00,2023-07-21 07:30:00,Long,1969.97,1969.35,-1.8600000000003547,SL Hit,1969.35,3,-45.92999999999802,80.0,-1.7699999999999818,2.089999999999918
2023-07-21 13:00:00,2023-07-21 13:30:00,Short,1962.2633333333333,1962.93,-2.0000000000002274,SL Hit,1962.93,3,-47.929999999998245,30.0,1.4366666666667243,-3.4533333333333758
2023-07-21 13:40:00,2023-07-21 13:45:00,Long,1962.12,1961.4200000000005,-0.6999999999993634,SL Hit,1961.4200000000005,1,-48.62999999999761,5.0,-3.0299999999999727,0.8700000000001182
2023-07-21 15:10:00,2023-07-21 15:15:00,Short,1960.59,1961.0450000000003,-0.455000000000382,SL Hit,1961.0450000000003,1,-49.08499999999799,5.0,1.0600000000001728,-1.1599999999998545
2023-07-21 17:45:00,2023-07-21 17:50:00,Short,1963.3,1963.3,0.0,SL Hit,1963.3,1,-49.08499999999799,5.0,0.03999999999996362,-0.32999999999992724
2023-07-21 19:25:00,2023-07-21 19:30:00,Short,1962.13,1962.165,-0.03499999999985448,SL Hit,1962.165,1,-49.119999999997844,5.0,0.12999999999988177,-0.9300000000000637
2023-07-21 20:10:00,2023-07-21 20:20:00,Short,1961.59,1961.8350000000005,-0.24500000000057298,SL Hit,1961.8350000000005,1,-49.36499999999842,10.0,0.3500000000001364,-0.1799999999998363
2023-07-23 20:00:00,2023-07-23 22:40:00,Long,1961.555,1961.2,-0.7100000000000364,SL Hit,1961.2,2,-50.074999999998454,160.0,-0.4550000000001546,1.2049999999999272
2023-07-23 22:50:00,2023-07-23 23:05:00,Short,1961.77,1962.1199999999997,-0.3499999999996817,SL Hit,1962.1199999999997,1,-50.424999999998136,15.0,0.40000000000009095,-0.8699999999998909
2023-07-23 23:10:00,2023-07-24 00:05:00,Short,1961.6466666666665,1961.66,-0.04000000000064574,SL Hit,1961.66,3,-50.46499999999878,55.0,0.3433333333334758,-1.5466666666666242
2023-07-24 00:10:00,2023-07-24 00:25:00,Long,1961.04,1960.73,-0.6199999999998909,SL Hit,1960.73,2,-51.08499999999867,15.0,-0.6399999999998727,0.6300000000001091
2023-07-24 01:25:00,2023-07-24 02:15:00,Long,1960.3333333333333,1960.5,0.5000000000002274,SL Hit,1960.5,3,-50.584999999998445,50.0,-0.9933333333333394,1.966666666666697
2023-07-24 04:15:00,2023-07-24 04:40:00,Short,1959.67,1959.67,0.0,SL Hit,1959.67,1,-50.584999999998445,25.0,0.5199999999999818,-1.1700000000000728
2023-07-24 06:05:00,2023-07-24 06:25:00,Short,1960.16,1960.16,0.0,SL Hit,1960.16,1,-50.584999999998445,20.0,1.099999999999909,-2.160000000000082
2023-07-24 06:30:00,2023-07-24 08:00:00,Long,1962.0266666666666,1963.08,3.1599999999998545,SL Hit,1963.08,3,-47.42499999999859,90.0,-2.0166666666666515,3.2433333333333394
2023-07-24 08:05:00,2023-07-24 09:15:00,Short,1963.075,1963.66,-1.1700000000000728,SL Hit,1963.66,2,-48.59499999999866,70.0,1.2949999999998454,-3.644999999999982
2023-07-24 09:55:00,2023-07-24 10:25:00,Long,1965.4666666666665,1965.19,-0.8299999999992451,SL Hit,1965.19,3,-49.42499999999791,30.0,-1.1266666666665515,0.9433333333336122
2023-07-24 11:10:00,2023-07-24 11:50:00,Long,1966.48,1965.73,-1.5,SL Hit,1965.73,2,-50.92499999999791,40.0,-1.3399999999999181,1.2000000000000455
2023-07-24 14:25:00,2023-07-24 14:35:00,Short,1959.17,1960.08,-0.9099999999998545,SL Hit,1960.08,1,-51.83499999999776,10.0,1.3999999999998636,-1.400000000000091
2023-07-24 16:05:00,2023-07-24 16:20:00,Short,1959.61,1960.485,-0.875,Bullish Trade Reversal,1960.485,1,-52.70999999999776,15.0,0.6100000000001273,-1.240000000000009
2023-07-24 16:20:00,2023-07-24 17:10:00,Long,1959.425,1959.1,-0.650000000000091,SL Hit,1959.1,2,-53.359999999997854,50.0,-0.4249999999999545,1.5950000000000273
2023-07-24 17:15:00,2023-07-24 19:55:00,Short,1957.6559999999997,1954.34,16.579999999999018,SL Hit,1954.34,5,-36.779999999998836,160.0,2.7440000000003693,-4.855999999999767
2023-07-24 23:20:00,2023-07-25 00:00:00,Short,1954.1,1954.4500000000003,-0.3500000000003638,SL Hit,1954.4500000000003,1,-37.1299999999992,40.0,0.39000000000010004,-0.9199999999998454
2023-07-25 02:40:00,2023-07-25 02:45:00,Long,1962.79,1962.65,-0.13999999999987267,SL Hit,1962.65,1,-37.26999999999907,5.0,-1.0899999999999181,0.2400000000000091
2023-07-25 02:50:00,2023-07-25 02:55:00,Long,1962.66,1962.66,0.0,SL Hit,1962.66,1,-37.26999999999907,5.0,-0.5199999999999818,0.599999999999909
2023-07-25 03:40:00,2023-07-25 05:35:00,Short,1961.3833333333332,1961.67,-0.8600000000005821,SL Hit,1961.67,3,-38.129999999999654,115.0,1.2666666666668789,-1.283333333333303
2023-07-25 06:30:00,2023-07-25 06:45:00,Long,1962.4499999999998,1962.15,-0.5999999999994543,SL Hit,1962.15,2,-38.72999999999911,15.0,-1.2499999999997726,1.0100000000002183
2023-07-25 08:35:00,2023-07-25 09:25:00,Long,1961.8049999999998,1962.14,0.6700000000005275,SL Hit,1962.14,2,-38.05999999999858,50.0,-1.2649999999998727,1.5450000000000728
2023-07-25 10:25:00,2023-07-25 12:00:00,Short,1961.31,1961.5199999999998,-0.209999999999809,SL Hit,1961.5199999999998,1,-38.26999999999839,95.0,1.8700000000001182,-8.019999999999982
2023-07-25 14:05:00,2023-07-25 14:50:00,Short,1958.8400000000001,1960.08,-3.719999999999345,SL Hit,1960.08,3,-41.989999999997735,45.0,1.6299999999998818,-3.0800000000001546
2023-07-25 16:45:00,2023-07-25 18:45:00,Short,1962.99,1963.75,-1.5199999999999818,SL Hit,1963.75,2,-43.50999999999772,120.0,0.8099999999999454,-1.7200000000000273
2023-07-25 19:10:00,2023-07-25 19:45:00,Long,1964.25,1963.4,-2.549999999999727,SL Hit,1963.4,3,-46.059999999997444,35.0,-1.0499999999999545,0.9100000000000819
2023-07-25 19:55:00,2023-07-25 20:00:00,Short,1964.29,1964.395,-0.10500000000001819,SL Hit,1964.395,1,-46.16499999999746,5.0,0.5199999999999818,-1.2899999999999636
2023-07-25 20:55:00,2023-07-25 22:05:00,Long,1964.59,1964.0300000000004,-0.5599999999994907,SL Hit,1964.0300000000004,1,-46.72499999999695,70.0,-0.6899999999998272,0.20000000000004547
2023-07-26 00:10:00,2023-07-26 04:00:00,Short,1964.2400000000002,1964.13,0.5500000000006366,SL Hit,1964.13,5,-46.17499999999632,230.0,1.4199999999998454,-2.2600000000002183
2023-07-26 06:50:00,2023-07-26 07:25:00,Long,1970.135,1968.77,-2.730000000000018,SL Hit,1968.77,2,-48.904999999996335,35.0,-1.7449999999998909,0.5950000000000273
2023-07-26 07:30:00,2023-07-26 07:50:00,Short,1968.71,1970.2500000000002,-1.540000000000191,SL Hit,1970.2500000000002,1,-50.444999999996526,20.0,2.009999999999991,-0.6100000000001273
2023-07-26 08:05:00,2023-07-26 09:10:00,Long,1971.243333333333,1971.35,0.3200000000003911,SL Hit,1971.35,3,-50.124999999996135,65.0,-1.1733333333331757,1.1266666666667788
2023-07-26 10:15:00,2023-07-26 10:50:00,Short,1971.18,1971.2150000000001,-0.035000000000081855,SL Hit,1971.2150000000001,1,-50.15999999999622,35.0,0.5199999999999818,-1.509999999999991
2023-07-26 13:00:00,2023-07-26 14:05:00,Short,1968.87,1967.05,3.6399999999998727,SL Hit,1967.05,2,-46.519999999996344,65.0,2.8200000000001637,-4.879999999999882
2023-07-26 16:20:00,2023-07-26 18:00:00,Short,1970.88,1970.33,1.1000000000003638,SL Hit,1970.33,2,-45.41999999999598,100.0,1.4299999999998363,-2.9700000000000273
2023-07-26 18:25:00,2023-07-26 18:35:00,Short,1968.36,1969.095,-0.7350000000001273,SL Hit,1969.095,1,-46.15499999999611,10.0,7.3400000000001455,-1.5499999999999545
2023-07-26 20:25:00,2023-07-26 22:30:00,Short,1972.4650000000001,1973.37,-1.8099999999994907,SL Hit,1973.37,2,-47.9649999999956,125.0,1.0249999999998636,-2.165000000000191
2023-07-26 23:00:00,2023-07-27 00:20:00,Long,1972.6125,1971.7,-3.649999999999636,SL Hit,1971.7,4,-51.614999999995234,80.0,-1.1124999999999545,1.2074999999999818
2023-07-27 00:30:00,2023-07-27 00:35:00,Short,1971.66,1971.66,0.0,SL Hit,1971.66,1,-51.614999999995234,5.0,0.31999999999993634,-1.1600000000000819
2023-07-27 01:00:00,2023-07-27 03:35:00,Long,1975.6666666666667,1978.35,8.0499999999995,SL Hit,1978.35,3,-43.564999999995734,155.0,-3.346666666666806,6.263333333333321
2023-07-27 03:40:00,2023-07-27 04:20:00,Short,1977.83,1978.08,-0.5,SL Hit,1978.08,2,-44.064999999995734,40.0,0.8400000000001455,-1.1299999999998818
2023-07-27 06:10:00,2023-07-27 06:20:00,Long,1975.47,1975.1900000000003,-0.27999999999974534,SL Hit,1975.1900000000003,1,-44.34499999999548,10.0,-1.2999999999999545,0.6900000000000546
2023-07-27 07:15:00,2023-07-27 08:35:00,Long,1978.27,1976.3100000000002,-1.959999999999809,SL Hit,1976.3100000000002,1,-46.30499999999529,80.0,-2.349999999999909,3.5499999999999545
2023-07-27 08:55:00,2023-07-27 09:15:00,Short,1976.12,1976.995,-0.875,SL Hit,1976.995,1,-47.17999999999529,20.0,1.9200000000000728,-1.2899999999999636
2023-07-27 09:45:00,2023-07-27 10:10:00,Short,1974.73,1975.76,-2.0599999999999454,SL Hit,1975.76,2,-49.239999999995234,25.0,1.1900000000000546,-1.0899999999999181
2023-07-27 11:40:00,2023-07-27 12:10:00,Long,1977.24,1976.21,-2.0599999999999454,SL Hit,1976.21,2,-51.29999999999518,30.0,-2.2000000000000455,1.8399999999999181
2023-07-27 12:20:00,2023-07-27 15:00:00,Short,1960.455,1946.02,28.86999999999989,SL Hit,1946.02,2,-22.42999999999529,160.0,16.185000000000173,-18.25499999999988
2023-07-27 15:10:00,2023-07-27 16:20:00,Long,1944.5349999999999,1943.99,-1.0899999999996908,SL Hit,1943.99,2,-23.51999999999498,70.0,-0.6149999999997817,2.5850000000000364
2023-07-27 18:20:00,2023-07-27 19:05:00,Short,1945.56,1945.63,-0.14000000000032742,SL Hit,1945.63,2,-23.659999999995307,45.0,0.3300000000001546,-1.5599999999999454
2023-07-27 19:15:00,2023-07-27 19:30:00,Long,1945.605,1945.18,-0.849999999999909,SL Hit,1945.18,2,-24.509999999995216,15.0,-0.5050000000001091,1.5550000000000637
2023-07-27 19:35:00,2023-07-27 20:55:00,Short,1945.255,1944.94,0.6300000000001091,SL Hit,1944.94,2,-23.879999999995107,80.0,0.7449999999998909,-2.355000000000018
2023-07-28 01:05:00,2023-07-28 01:10:00,Long,1947.71,1947.71,0.0,SL Hit,1947.71,1,-23.879999999995107,5.0,-0.5599999999999454,0.44000000000005457
2023-07-28 02:40:00,2023-07-28 05:30:00,Long,1952.4066666666668,1950.71,-5.0900000000001455,SL Hit,1950.71,3,-28.969999999995252,170.0,-1.9066666666667516,4.203333333333148
2023-07-28 05:45:00,2023-07-28 06:10:00,Long,1952.09,1951.4,-1.3799999999996544,SL Hit,1951.4,2,-30.349999999994907,25.0,-0.9800000000000182,1.3200000000001637
2023-07-28 07:05:00,2023-07-28 07:20:00,Long,1951.92,1950.71,-2.4200000000000728,SL Hit,1950.71,2,-32.76999999999498,15.0,-1.2200000000000273,1.1399999999998727
2023-07-28 07:25:00,2023-07-28 08:50:00,Short,1950.0349999999999,1949.91,0.24999999999954525,SL Hit,1949.91,2,-32.519999999995434,85.0,1.2150000000001455,-1.974999999999909
2023-07-28 12:45:00,2023-07-28 12:50:00,Short,1955.51,1955.51,0.0,SL Hit,1955.51,1,-32.519999999995434,5.0,2.5799999999999272,-1.0699999999999363
2023-07-28 14:05:00,2023-07-28 16:00:00,Long,1959.816,1960.4,2.9200000000003,SL Hit,1960.4,5,-29.599999999995134,115.0,-3.645999999999958,3.4039999999999964
2023-07-28 16:05:00,2023-07-28 16:20:00,Short,1961.9450000000002,1962.2,-0.5099999999997635,SL Hit,1962.2,2,-30.109999999994898,15.0,0.44499999999993634,-1.4450000000001637
2023-07-28 20:05:00,2023-07-28 20:30:00,Long,1958.83,1958.57,-0.5199999999999818,SL Hit,1958.57,2,-30.62999999999488,25.0,-0.9299999999998363,0.3400000000001455
2023-07-28 20:55:00,2023-07-30 22:15:00,Long,1958.8433333333332,1958.9,0.1700000000005275,SL Hit,1958.9,3,-30.459999999994352,2960.0,-0.14333333333320297,2.856666666666797
2023-07-30 22:30:00,2023-07-30 23:00:00,Long,1960.21,1957.3750000000002,-2.834999999999809,SL Hit,1957.3750000000002,1,-33.29499999999416,30.0,-2.910000000000082,0.18000000000006366
2023-07-31 00:30:00,2023-07-31 00:55:00,Short,1957.75,1958.0299999999997,-0.27999999999974534,SL Hit,1958.0299999999997,1,-33.574999999993906,25.0,0.5899999999999181,-1.5499999999999545
2023-07-31 01:45:00,2023-07-31 02:05:00,Short,1956.56,1957.6449999999998,-1.084999999999809,SL Hit,1957.6449999999998,1,-34.659999999993715,20.0,1.400000000000091,-0.30999999999994543
2023-07-31 07:00:00,2023-07-31 07:10:00,Short,1954.7,1955.3300000000004,-0.6300000000003365,SL Hit,1955.3300000000004,1,-35.28999999999405,10.0,0.7799999999999727,-1.0900000000001455
2023-07-31 08:30:00,2023-07-31 09:00:00,Short,1954.34,1954.7950000000003,-0.455000000000382,SL Hit,1954.7950000000003,1,-35.744999999994434,30.0,0.4800000000000182,-1.5499999999999545
2023-07-31 10:05:00,2023-07-31 10:35:00,Long,1956.9866666666667,1956.5,-1.4600000000000364,SL Hit,1956.5,3,-37.20499999999447,30.0,-0.6566666666667516,1.0933333333332484
2023-07-31 16:40:00,2023-07-31 16:45:00,Long,1971.64,1971.64,0.0,SL Hit,1971.64,1,-37.20499999999447,5.0,-0.41000000000008185,0.5899999999999181
2023-07-31 17:40:00,2023-07-31 22:00:00,Short,1966.5025,1965.67,3.3299999999999272,SL Hit,1965.67,4,-33.87499999999454,260.0,4.577499999999873,-2.302500000000009
2023-07-31 22:10:00,2023-07-31 22:25:00,Long,1965.41,1964.605,-0.8050000000000637,SL Hit,1964.605,1,-34.67999999999461,15.0,-0.8500000000001364,0.2300000000000182
2023-08-01 00:10:00,2023-08-01 08:50:00,Short,1960.2563636363636,1956.94,36.479999999999336,SL Hit,1956.94,11,1.8000000000047294,520.0,4.063636363636306,-5.956363636363676
2023-08-01 17:00:00,2023-08-01 17:05:00,Long,1943.11,1943.0749999999998,-0.035000000000081855,SL Hit,1943.0749999999998,1,1.7650000000046475,5.0,-0.4900000000000091,0.3200000000001637
2023-08-01 17:25:00,2023-08-01 17:45:00,Short,1942.06,1942.48,-0.8400000000001455,SL Hit,1942.48,2,0.925000000004502,20.0,0.5399999999999636,-0.7699999999999818
2023-08-01 20:05:00,2023-08-01 22:00:00,Short,1944.4433333333334,1944.51,-0.1999999999998181,SL Hit,1944.51,3,0.7250000000046839,115.0,6.85666666666657,-1.2433333333333394
2023-08-01 22:55:00,2023-08-01 23:00:00,Short,1951.05,1951.05,0.0,SL Hit,1951.05,1,0.7250000000046839,5.0,1.5599999999999454,-0.9800000000000182
2023-08-02 00:00:00,2023-08-02 01:25:00,Short,1950.125,1949.63,0.9899999999997817,SL Hit,1949.63,2,1.7150000000044656,85.0,2.0950000000000273,-2.4249999999999545
2023-08-02 01:30:00,2023-08-02 01:35:00,Short,1949.36,1950.5850000000005,-1.2250000000005912,Bullish Trade Reversal,1950.5850000000005,1,0.49000000000387445,5.0,0.36000000000012733,-0.6599999999998545
2023-08-02 01:35:00,2023-08-02 01:45:00,Long,1948.87,1948.7649999999999,-0.10500000000001819,SL Hit,1948.7649999999999,1,0.38500000000385626,10.0,-0.4099999999998545,0.8500000000001364
2023-08-02 03:35:00,2023-08-02 04:05:00,Long,1948.28,1948.28,0.0,SL Hit,1948.28,1,0.38500000000385626,30.0,-0.03999999999996362,1.1400000000001
2023-08-02 06:00:00,2023-08-02 06:10:00,Long,1948.69,1948.69,0.0,SL Hit,1948.69,1,0.38500000000385626,10.0,-0.2899999999999636,1.5
2023-08-02 07:55:00,2023-08-02 08:00:00,Short,1948.86,1949.56,-0.7000000000000455,SL Hit,1949.56,1,-0.3149999999961892,5.0,1.0300000000002,-1.259999999999991
2023-08-02 13:05:00,2023-08-02 13:15:00,Short,1944.81,1945.545,-0.7350000000001273,SL Hit,1945.545,1,-1.0499999999963165,10.0,0.9700000000000273,-1.0799999999999272
2023-08-02 14:05:00,2023-08-02 15:40:00,Short,1937.8833333333334,1935.2,8.050000000000182,SL Hit,1935.2,3,7.000000000003865,95.0,6.306666666666615,-4.443333333333385
2023-08-02 15:45:00,2023-08-02 16:45:00,Long,1934.9,1935.21,0.6199999999998909,SL Hit,1935.21,2,7.620000000003756,60.0,-0.5600000000001728,3.5
2023-08-02 20:30:00,2023-08-02 22:00:00,Short,1935.06,1935.1999999999998,-0.13999999999987267,SL Hit,1935.1999999999998,1,7.4800000000038835,90.0,0.3500000000001364,-1.4600000000000364
2023-08-02 23:35:00,2023-08-02 23:40:00,Short,1935.74,1935.775,-0.035000000000081855,SL Hit,1935.775,1,7.445000000003802,5.0,0.08999999999991815,-0.9400000000000546
2023-08-03 00:40:00,2023-08-03 01:10:00,Short,1936.0349999999999,1936.28,-0.49000000000023647,SL Hit,1936.28,2,6.955000000003565,30.0,0.3350000000000364,-1.5349999999998545
2023-08-03 01:20:00,2023-08-03 02:50:00,Long,1936.8233333333335,1936.1,-2.170000000000755,SL Hit,1936.1,3,4.78500000000281,90.0,-1.923333333333403,1.9666666666664696
2023-08-03 02:55:00,2023-08-03 03:50:00,Short,1936.4099999999999,1936.71,-0.6000000000003638,SL Hit,1936.71,2,4.1850000000024465,55.0,0.6300000000001091,-2.339999999999918
2023-08-03 06:10:00,2023-08-03 06:40:00,Long,1934.605,1933.25,-2.7100000000000364,SL Hit,1933.25,2,1.4750000000024102,30.0,-1.5050000000001091,0.5850000000000364
2023-08-03 06:45:00,2023-08-03 06:50:00,Short,1933.68,1933.7150000000001,-0.035000000000081855,SL Hit,1933.7150000000001,1,1.4400000000023283,5.0,0.15999999999985448,-0.8800000000001091
2023-08-03 07:00:00,2023-08-03 07:20:00,Short,1933.45,1933.45,0.0,SL Hit,1933.45,1,1.4400000000023283,20.0,0.5399999999999636,-2.4500000000000455
2023-08-03 08:55:00,2023-08-03 09:15:00,Long,1936.455,1936.02,-0.8699999999998909,SL Hit,1936.02,2,0.5700000000024374,20.0,-0.45499999999992724,1.2350000000001273
2023-08-03 10:35:00,2023-08-03 11:10:00,Short,1935.15,1935.3249999999998,-0.17499999999972715,SL Hit,1935.3249999999998,1,0.3950000000027103,35.0,0.35999999999989996,-2.310000000000173
2023-08-03 12:00:00,2023-08-03 12:30:00,Short,1934.88,1935.2999999999997,-0.419999999999618,SL Hit,1935.2999999999997,1,-0.024999999996907718,30.0,0.5299999999999727,-5.130000000000109
2023-08-03 14:35:00,2023-08-03 14:45:00,Long,1936.29,1936.29,0.0,SL Hit,1936.29,1,-0.024999999996907718,10.0,-1.7899999999999636,1.3700000000001182
2023-08-03 22:15:00,2023-08-03 23:00:00,Long,1934.61,1934.435,-0.17499999999995453,SL Hit,1934.435,1,-0.19999999999686224,45.0,-0.5099999999999909,2.1900000000000546
2023-08-04 00:35:00,2023-08-04 02:05:00,Long,1935.9239999999998,1935.69,-1.1699999999984811,SL Hit,1935.69,5,-1.3699999999953434,90.0,-1.1239999999997963,2.0260000000002947
2023-08-04 02:10:00,2023-08-04 02:40:00,Short,1935.93,1936.0349999999999,-0.10499999999979082,SL Hit,1936.0349999999999,1,-1.4749999999951342,30.0,0.5399999999999636,-1.1200000000001182
2023-08-04 03:35:00,2023-08-04 03:40:00,Long,1935.97,1935.97,0.0,SL Hit,1935.97,1,-1.4749999999951342,5.0,-0.2400000000000091,0.5
2023-08-04 04:25:00,2023-08-04 05:40:00,Short,1933.7,1937.7949999999996,-4.0949999999995725,Bullish Trade Reversal,1937.7949999999996,1,-5.569999999994707,75.0,3.2100000000000364,-0.4700000000000273
2023-08-04 05:40:00,2023-08-04 06:00:00,Long,1936.725,1935.3,-2.849999999999909,SL Hit,1935.3,2,-8.419999999994616,20.0,-1.7149999999999181,0.6349999999999909
2023-08-04 06:40:00,2023-08-04 06:45:00,Short,1933.13,1933.13,0.0,SL Hit,1933.13,1,-8.419999999994616,5.0,0.15999999999985448,-0.42000000000007276
2023-08-04 14:45:00,2023-08-04 15:40:00,Short,1942.3,1942.3,0.0,SL Hit,1942.3,1,-8.419999999994616,55.0,1.400000000000091,-4.680000000000064
2023-08-04 15:50:00,2023-08-04 16:00:00,Long,1943.45,1942.505,-0.9449999999999363,SL Hit,1942.505,1,-9.364999999994552,10.0,-1.3800000000001091,0.2999999999999545
2023-08-04 17:00:00,2023-08-04 19:30:00,Short,1941.52,1941.67,-0.3000000000001819,SL Hit,1941.67,2,-9.664999999994734,150.0,0.5799999999999272,-2.119999999999891
2023-08-04 20:45:00,2023-08-07 01:10:00,Long,1943.2325,1942.9,-1.3299999999999272,SL Hit,1942.9,4,-10.994999999994661,3145.0,-1.4325000000001182,1.5474999999999
2023-08-07 01:25:00,2023-08-07 03:10:00,Short,1941.82,1941.4,1.2599999999995362,SL Hit,1941.4,3,-9.734999999995125,105.0,1.740000000000009,-2.019999999999982
2023-08-07 08:10:00,2023-08-07 08:40:00,Short,1935.8,1936.0099999999998,-0.209999999999809,SL Hit,1936.0099999999998,1,-9.944999999994934,30.0,0.2799999999999727,-1.3399999999999181
2023-08-07 11:30:00,2023-08-07 11:35:00,Short,1934.17,1934.4499999999998,-0.27999999999974534,SL Hit,1934.4499999999998,1,-10.22499999999468,5.0,1.1199999999998909,-0.8700000000001182
2023-08-07 12:55:00,2023-08-07 13:45:00,Long,1936.82,1936.82,0.0,SL Hit,1936.82,1,-10.22499999999468,50.0,-0.05999999999994543,4.630000000000109
2023-08-07 14:20:00,2023-08-07 14:25:00,Short,1935.96,1936.205,-0.24499999999989086,SL Hit,1936.205,1,-10.46999999999457,5.0,0.35999999999989996,-0.9300000000000637
2023-08-07 14:30:00,2023-08-07 16:00:00,Short,1934.94,1933.54,5.600000000000364,SL Hit,1933.54,4,-4.8699999999942065,90.0,1.7200000000000273,-3.009999999999991
2023-08-07 17:00:00,2023-08-07 17:15:00,Long,1934.27,1934.27,0.0,SL Hit,1934.27,1,-4.8699999999942065,15.0,-0.03999999999996362,0.8800000000001091
2023-08-07 19:00:00,2023-08-07 19:15:00,Long,1937.02,1936.6000000000004,-0.419999999999618,SL Hit,1936.6000000000004,1,-5.2899999999938245,15.0,-0.5199999999999818,0.34999999999990905
2023-08-07 20:30:00,2023-08-07 20:40:00,Short,1935.8049999999998,1936.08,-0.5500000000001819,SL Hit,1936.08,2,-5.839999999994006,10.0,0.4450000000001637,-0.12499999999977263
2023-08-07 22:10:00,2023-08-07 22:30:00,Short,1936.37,1936.7200000000003,-0.3500000000003638,SL Hit,1936.7200000000003,1,-6.18999999999437,20.0,0.4500000000000455,-1.0699999999999363
2023-08-08 01:00:00,2023-08-08 02:55:00,Short,1935.0466666666669,1934.96,0.26000000000044565,SL Hit,1934.96,3,-5.929999999993925,115.0,0.4133333333331848,-3.736666666666906
2023-08-08 03:30:00,2023-08-08 05:45:00,Short,1933.756666666667,1934.55,-2.3799999999991996,SL Hit,1934.55,3,-8.309999999993124,135.0,0.9533333333331484,-1.756666666666888
2023-08-08 07:05:00,2023-08-08 07:15:00,Short,1933.1149999999998,1933.68,-1.1300000000005639,SL Hit,1933.68,2,-9.439999999993688,10.0,0.9850000000001273,-0.40499999999974534
2023-08-08 07:30:00,2023-08-08 08:40:00,Short,1932.7,1932.84,-0.13999999999987267,SL Hit,1932.84,1,-9.57999999999356,70.0,1.0399999999999636,-2.480000000000018
2023-08-08 11:40:00,2023-08-08 14:15:00,Short,1927.0300000000002,1927.37,-1.359999999998763,SL Hit,1927.37,4,-10.939999999992324,155.0,3.049999999999727,-4.220000000000255
2023-08-08 15:55:00,2023-08-08 16:15:00,Short,1926.08,1926.1149999999998,-0.03499999999985448,SL Hit,1926.1149999999998,1,-10.974999999992178,20.0,0.25,-1.9800000000000182
2023-08-08 18:15:00,2023-08-08 18:20:00,Short,1925.09,1925.09,0.0,SL Hit,1925.09,1,-10.974999999992178,5.0,0.14000000000010004,-0.5
2023-08-08 22:30:00,2023-08-08 23:00:00,Long,1924.45,1924.2,-0.5,SL Hit,1924.2,2,-11.474999999992178,30.0,-0.3500000000001364,1.0199999999999818
2023-08-08 23:20:00,2023-08-09 00:55:00,Long,1925.33,1925.0,-0.9899999999997817,SL Hit,1925.0,3,-12.46499999999196,95.0,-1.0299999999999727,1.1400000000001
2023-08-09 01:25:00,2023-08-09 02:00:00,Long,1927.2849999999999,1927.0,-0.569999999999709,SL Hit,1927.0,2,-13.034999999991669,35.0,-0.8949999999997544,1.5450000000000728
2023-08-09 04:15:00,2023-08-09 05:00:00,Short,1930.4399999999998,1930.76,-0.9600000000004911,SL Hit,1930.76,3,-13.99499999999216,45.0,0.37000000000011823,-1.0399999999997362
2023-08-09 07:40:00,2023-08-09 07:50:00,Short,1930.16,1930.1950000000002,-0.035000000000081855,SL Hit,1930.1950000000002,1,-14.029999999992242,10.0,0.06999999999993634,-0.8600000000001273
2023-08-09 09:30:00,2023-08-09 11:40:00,Short,1926.3749999999998,1925.29,4.339999999999236,SL Hit,1925.29,4,-9.689999999993006,130.0,1.7650000000003274,-2.924999999999727
2023-08-09 12:15:00,2023-08-09 12:20:00,Short,1923.54,1923.54,0.0,SL Hit,1923.54,1,-9.689999999993006,5.0,0.8500000000001364,-1.3399999999999181
2023-08-09 12:25:00,2023-08-09 12:30:00,Short,1923.82,1924.4500000000003,-0.6300000000003365,SL Hit,1924.4500000000003,1,-10.319999999993342,5.0,1.3500000000001364,-1.2200000000000273
2023-08-09 15:30:00,2023-08-09 15:40:00,Short,1917.12,1917.12,0.0,SL Hit,1917.12,1,-10.319999999993342,10.0,0.08000000000015461,-1.2899999999999636
2023-08-09 17:45:00,2023-08-09 17:50:00,Short,1916.46,1916.495,-0.03499999999985448,SL Hit,1916.495,1,-10.354999999993197,5.0,0.13999999999987267,-1.3600000000001273
2023-08-09 17:55:00,2023-08-09 19:00:00,Short,1916.1566666666668,1916.18,-0.06999999999993634,SL Hit,1916.18,3,-10.424999999993133,65.0,0.4833333333333485,-1.1566666666667516
2023-08-09 19:05:00,2023-08-09 19:15:00,Long,1916.0,1915.6850000000004,-0.3149999999995998,SL Hit,1915.6850000000004,1,-10.739999999992733,10.0,-0.4500000000000455,0.13000000000010914
2023-08-09 19:55:00,2023-08-09 22:00:00,Short,1915.0166666666667,1914.74,0.8299999999999272,SL Hit,1914.74,3,-9.909999999992806,125.0,0.6233333333334485,-1.6166666666665606
2023-08-09 22:30:00,2023-08-09 22:40:00,Long,1915.82,1915.4000000000003,-0.419999999999618,SL Hit,1915.4000000000003,1,-10.329999999992424,10.0,-0.5199999999999818,0.5
2023-08-09 23:35:00,2023-08-09 23:40:00,Short,1916.53,1916.53,0.0,SL Hit,1916.53,1,-10.329999999992424,5.0,0.18000000000006366,-0.9300000000000637
2023-08-10 04:40:00,2023-08-10 05:20:00,Short,1917.42,1917.6299999999999,-0.209999999999809,SL Hit,1917.6299999999999,1,-10.539999999992233,40.0,0.3999999999998636,-1.4600000000000364
2023-08-10 05:55:00,2023-08-10 06:00:00,Long,1917.81,1917.81,0.0,SL Hit,1917.81,1,-10.539999999992233,5.0,-0.30999999999994543,0.9700000000000273
2023-08-10 08:35:00,2023-08-10 11:10:00,Long,1920.236666666667,1921.69,8.71999999999889,SL Hit,1921.69,6,-1.8199999999933425,155.0,-1.406666666666979,2.3033333333330575
2023-08-10 11:15:00,2023-08-10 11:30:00,Long,1921.595,1920.91,-1.3699999999998909,SL Hit,1920.91,2,-3.1899999999932334,15.0,-0.7149999999999181,0.5249999999998636
2023-08-10 11:35:00,2023-08-10 11:45:00,Short,1921.61,1921.8550000000005,-0.24500000000057298,Bullish Trade Reversal,1921.8550000000005,1,-3.4349999999938063,10.0,0.2700000000002092,-0.8099999999999454
2023-08-10 11:45:00,2023-08-10 13:10:00,Long,1924.1675,1922.94,-4.9099999999998545,SL Hit,1922.94,4,-8.34499999999366,85.0,-3.3675000000000637,5.352499999999964
2023-08-10 13:50:00,2023-08-10 14:05:00,Long,1921.7,1919.1799999999998,-2.520000000000209,SL Hit,1919.1799999999998,1,-10.86499999999387,15.0,-2.880000000000109,1.3899999999998727
2023-08-10 15:10:00,2023-08-10 15:15:00,Short,1914.35,1915.2599999999998,-0.9099999999998545,SL Hit,1915.2599999999998,1,-11.774999999993724,5.0,1.300000000000182,-0.8399999999999181
2023-08-10 18:50:00,2023-08-10 19:00:00,Long,1914.41,1914.41,0.0,SL Hit,1914.41,1,-11.774999999993724,10.0,-0.040000000000190994,0.5799999999999272
2023-08-10 19:05:00,2023-08-10 19:35:00,Long,1913.885,1913.5,-0.7699999999999818,SL Hit,1913.5,2,-12.544999999993706,30.0,-1.0850000000000364,0.9149999999999636
2023-08-10 19:40:00,2023-08-11 00:15:00,Short,1912.8225,1912.66,0.6499999999996362,SL Hit,1912.66,4,-11.89499999999407,275.0,0.8475000000000819,-1.9224999999999
2023-08-11 05:25:00,2023-08-11 07:15:00,Long,1915.4766666666667,1915.76,0.849999999999909,SL Hit,1915.76,3,-11.044999999994161,110.0,-2.2766666666666424,2.013333333333321
2023-08-11 08:55:00,2023-08-11 09:25:00,Long,1918.67,1917.5,-2.3400000000001455,SL Hit,1917.5,2,-13.384999999994307,30.0,-1.6000000000001364,0.9900000000000091
2023-08-11 11:30:00,2023-08-11 12:30:00,Long,1918.8499999999997,1917.9,-2.849999999998772,SL Hit,1917.9,3,-16.23499999999308,60.0,-3.6999999999995907,1.9800000000002456
2023-08-11 14:05:00,2023-08-11 15:15:00,Long,1918.54,1916.92,-3.2399999999997817,SL Hit,1916.92,2,-19.47499999999286,70.0,-2.3099999999999454,1.2899999999999636
2023-08-11 15:25:00,2023-08-11 16:35:00,Short,1915.9299999999998,1915.02,1.819999999999709,SL Hit,1915.02,2,-17.65499999999315,70.0,1.1600000000000819,-3.3299999999999272
2023-08-11 16:40:00,2023-08-11 16:50:00,Long,1914.24,1914.1000000000001,-0.13999999999987267,SL Hit,1914.1000000000001,1,-17.794999999993024,10.0,-0.18000000000006366,0.32999999999992724
2023-08-11 17:10:00,2023-08-11 17:20:00,Long,1915.05,1914.5250000000005,-0.5249999999994088,SL Hit,1914.5250000000005,1,-18.319999999992433,10.0,-1.1499999999998636,0.20000000000004547
2023-08-11 19:00:00,2023-08-11 19:50:00,Short,1913.2466666666667,1913.46,-0.6400000000001,SL Hit,1913.46,3,-18.959999999992533,50.0,0.2533333333333303,-1.1466666666667606
2023-08-11 19:55:00,2023-08-11 20:05:00,Long,1913.33,1913.33,0.0,SL Hit,1913.33,1,-18.959999999992533,10.0,-0.029999999999972715,0.5199999999999818
2023-08-11 20:50:00,2023-08-13 22:00:00,Long,1913.1,1913.1,0.0,SL Hit,1913.1,1,-18.959999999992533,2950.0,-0.2999999999999545,1.8500000000001364
2023-08-13 22:25:00,2023-08-13 22:40:00,Long,1914.0,1914.0,0.0,SL Hit,1914.0,1,-18.959999999992533,15.0,-0.900000000000091,0.8699999999998909
2023-08-14 00:15:00,2023-08-14 00:20:00,Short,1911.94,1911.94,0.0,SL Hit,1911.94,1,-18.959999999992533,5.0,-0.0,-0.4500000000000455
2023-08-14 00:45:00,2023-08-14 00:55:00,Short,1911.12,1911.2600000000007,-0.14000000000078217,SL Hit,1911.2600000000007,1,-19.099999999993315,10.0,0.2700000000002092,-1.1199999999998909
2023-08-14 06:05:00,2023-08-14 06:10:00,Short,1912.33,1912.6100000000006,-0.28000000000065484,SL Hit,1912.6100000000006,1,-19.37999999999397,5.0,0.36000000000012733,-0.5799999999999272
2023-08-14 06:25:00,2023-08-14 06:45:00,Long,1912.85,1912.0099999999998,-0.8400000000001455,SL Hit,1912.0099999999998,1,-20.219999999994116,20.0,-1.0199999999999818,0.42000000000007276
2023-08-14 08:20:00,2023-08-14 08:30:00,Long,1915.07,1915.07,0.0,SL Hit,1915.07,1,-20.219999999994116,10.0,-0.5899999999999181,0.8500000000001364
2023-08-14 09:15:00,2023-08-14 10:15:00,Short,1913.8249999999998,1914.04,-0.43000000000029104,SL Hit,1914.04,2,-20.649999999994407,60.0,0.48500000000012733,-2.224999999999909
2023-08-14 10:25:00,2023-08-14 11:05:00,Long,1914.3200000000002,1914.11,-0.4200000000005275,SL Hit,1914.11,2,-21.069999999994934,40.0,-0.45000000000027285,0.5899999999999181
2023-08-14 11:30:00,2023-08-14 11:40:00,Short,1913.68,1914.0999999999997,-0.419999999999618,SL Hit,1914.0999999999997,1,-21.489999999994552,10.0,1.1199999999998909,-0.37000000000011823
2023-08-14 16:50:00,2023-08-14 17:15:00,Long,1912.3899999999999,1911.86,-1.0599999999999454,SL Hit,1911.86,2,-22.549999999994498,25.0,-0.9799999999997908,0.5800000000001546
2023-08-14 20:00:00,2023-08-14 22:25:00,Short,1907.2775000000001,1907.63,-1.4099999999998545,SL Hit,1907.63,4,-23.959999999994352,145.0,0.4724999999998545,-0.7775000000001455
2023-08-14 22:50:00,2023-08-14 22:55:00,Long,1907.53,1907.46,-0.06999999999993634,SL Hit,1907.46,1,-24.02999999999429,5.0,-0.8299999999999272,0.17000000000007276
2023-08-15 01:05:00,2023-08-15 01:20:00,Long,1906.05,1905.0700000000002,-0.9799999999997908,SL Hit,1905.0700000000002,1,-25.00999999999408,15.0,-1.0399999999999636,0.9600000000000364
2023-08-15 01:35:00,2023-08-15 01:40:00,Short,1904.52,1904.7999999999997,-0.27999999999974534,SL Hit,1904.7999999999997,1,-25.289999999993825,5.0,1.759999999999991,-1.0199999999999818
2023-08-15 04:35:00,2023-08-15 05:30:00,Short,1906.83,1907.4250000000002,-0.5950000000002547,Bullish Trade Reversal,1907.4250000000002,1,-25.88499999999408,55.0,0.5099999999999909,-1.509999999999991
2023-08-15 05:30:00,2023-08-15 05:35:00,Long,1905.32,1905.32,0.0,SL Hit,1905.32,1,-25.88499999999408,5.0,-0.7400000000000091,0.7899999999999636
2023-08-15 06:45:00,2023-08-15 06:55:00,Short,1905.0,1905.0,0.0,SL Hit,1905.0,1,-25.88499999999408,10.0,0.07999999999992724,-1.0
2023-08-15 07:30:00,2023-08-15 09:45:00,Short,1904.25,1904.79,-2.699999999999818,SL Hit,1904.79,5,-28.584999999993897,135.0,0.9300000000000637,-1.4500000000000455
2023-08-15 12:25:00,2023-08-15 12:40:00,Short,1903.34,1903.34,0.0,SL Hit,1903.34,1,-28.584999999993897,15.0,0.8900000000001,-6.649999999999864
2023-08-15 12:55:00,2023-08-15 13:30:00,Long,1904.48,1902.01,-4.940000000000055,SL Hit,1902.01,2,-33.52499999999395,35.0,-3.7100000000000364,2.6099999999999
2023-08-15 14:15:00,2023-08-15 16:00:00,Long,1906.1,1906.0,-0.1999999999998181,SL Hit,1906.0,2,-33.72499999999377,105.0,-1.9800000000000182,5.240000000000009
2023-08-15 18:50:00,2023-08-15 19:35:00,Short,1903.225,1903.2,0.04999999999972715,SL Hit,1903.2,2,-33.67499999999404,45.0,0.4550000000001546,-1.324999999999818
2023-08-15 19:45:00,2023-08-15 19:55:00,Long,1902.75,1900.8250000000003,-1.9249999999997272,Bearish Trade Reversal,1900.8250000000003,1,-35.59999999999377,10.0,-0.5499999999999545,0.39000000000010004
2023-08-15 19:55:00,2023-08-15 23:55:00,Short,1901.89,1901.81,0.4800000000009277,SL Hit,1901.81,6,-35.11999999999284,240.0,1.4199999999998454,-1.6700000000000728
2023-08-16 01:50:00,2023-08-16 01:55:00,Long,1903.03,1902.6800000000003,-0.3499999999996817,SL Hit,1902.6800000000003,1,-35.469999999992524,5.0,-0.5099999999999909,0.9400000000000546
2023-08-16 03:35:00,2023-08-16 03:50:00,Long,1904.075,1903.94,-0.2699999999999818,SL Hit,1903.94,2,-35.739999999992506,15.0,-0.6749999999999545,0.3450000000000273
2023-08-16 03:55:00,2023-08-16 05:00:00,Short,1904.09,1904.46,-0.7400000000002365,SL Hit,1904.46,2,-36.47999999999274,65.0,0.38000000000010914,-1.25
2023-08-16 05:05:00,2023-08-16 06:50:00,Long,1905.005,1905.4,1.5799999999999272,SL Hit,1905.4,4,-34.899999999992815,105.0,-1.5050000000001091,1.4149999999999636
2023-08-16 07:05:00,2023-08-16 08:30:00,Short,1904.82,1904.94,-0.3600000000003547,SL Hit,1904.94,3,-35.25999999999317,85.0,0.7100000000000364,-1.9399999999998272
2023-08-16 09:00:00,2023-08-16 09:50:00,Long,1905.35,1905.0700000000002,-0.27999999999974534,SL Hit,1905.0700000000002,1,-35.539999999992915,50.0,-0.34999999999990905,1.75
2023-08-16 10:55:00,2023-08-16 13:35:00,Short,1903.8250000000003,1903.97,-0.5799999999990177,SL Hit,1903.97,4,-36.11999999999193,160.0,2.7649999999996453,-3.4850000000003547
2023-08-16 15:05:00,2023-08-16 18:20:00,Short,1900.845,1898.53,13.890000000000327,SL Hit,1898.53,6,-22.229999999991605,195.0,3.8450000000000273,-5.845000000000027
2023-08-16 18:55:00,2023-08-16 19:00:00,Short,1895.0,1895.3149999999996,-0.3149999999995998,SL Hit,1895.3149999999996,1,-22.544999999991205,5.0,0.32999999999992724,-0.4900000000000091
2023-08-16 23:00:00,2023-08-17 01:40:00,Short,1892.556,1892.17,1.9299999999998363,SL Hit,1892.17,5,-20.61499999999137,160.0,1.69399999999996,-2.816000000000031
2023-08-17 01:55:00,2023-08-17 03:50:00,Long,1892.878,1892.4,-2.3899999999991905,SL Hit,1892.4,5,-23.00499999999056,115.0,-1.27800000000002,0.9320000000000164
2023-08-17 05:35:00,2023-08-17 06:00:00,Short,1892.65,1893.4199999999994,-0.7699999999992997,SL Hit,1893.4199999999994,1,-23.77499999998986,25.0,0.8199999999999363,-1.150000000000091
2023-08-17 06:15:00,2023-08-17 07:25:00,Long,1894.83,1896.13,2.600000000000364,SL Hit,1896.13,2,-21.174999999989495,70.0,-1.5599999999999454,2.490000000000009
2023-08-17 08:05:00,2023-08-17 08:15:00,Short,1895.95,1896.125,-0.17499999999995453,SL Hit,1896.125,1,-21.34999999998945,10.0,0.2400000000000091,-0.5699999999999363
2023-08-17 08:50:00,2023-08-17 09:45:00,Short,1894.54,1894.5,0.07999999999992724,SL Hit,1894.5,2,-21.269999999989523,55.0,0.8700000000001182,-0.8699999999998909
2023-08-17 11:30:00,2023-08-17 11:40:00,Long,1898.22,1898.0800000000002,-0.13999999999987267,SL Hit,1898.0800000000002,1,-21.409999999989395,10.0,-0.900000000000091,1.1800000000000637
2023-08-17 14:20:00,2023-08-17 14:45:00,Short,1895.97,1895.97,0.0,SL Hit,1895.97,1,-21.409999999989395,25.0,0.22000000000002728,-2.769999999999982
2023-08-17 15:25:00,2023-08-17 16:20:00,Short,1891.7733333333333,1890.64,3.399999999999636,SL Hit,1890.64,3,-18.00999999998976,55.0,2.1866666666667243,-2.9733333333333576
2023-08-17 17:05:00,2023-08-17 18:55:00,Short,1886.5075,1886.6,-0.36999999999989086,SL Hit,1886.6,4,-18.37999999998965,110.0,1.2425000000000637,-1.8074999999998909
2023-08-17 23:00:00,2023-08-17 23:05:00,Long,1889.94,1889.1,-0.8400000000001455,SL Hit,1889.1,1,-19.219999999989795,5.0,-0.9400000000000546,0.6499999999998636
2023-08-18 00:20:00,2023-08-18 00:30:00,Long,1891.51,1891.335,-0.17499999999995453,SL Hit,1891.335,1,-19.39499999998975,10.0,-0.8099999999999454,0.22000000000002728
2023-08-18 02:05:00,2023-08-18 02:10:00,Short,1893.66,1894.0449999999996,-0.38499999999953616,SL Hit,1894.0449999999996,1,-19.779999999989286,5.0,0.9299999999998363,-0.3000000000001819
2023-08-18 02:55:00,2023-08-18 05:40:00,Short,1893.07,1893.23,-0.48000000000024556,SL Hit,1893.23,3,-20.25999999998953,165.0,0.4700000000000273,-2.769999999999982
2023-08-18 05:50:00,2023-08-18 06:05:00,Long,1892.98,1892.3149999999998,-0.665000000000191,SL Hit,1892.3149999999998,1,-20.924999999989723,15.0,-0.6900000000000546,1.0299999999999727
2023-08-18 07:10:00,2023-08-18 08:20:00,Long,1892.7366666666667,1892.52,-0.650000000000091,SL Hit,1892.52,3,-21.574999999989814,70.0,-0.8266666666665969,1.1633333333334122
2023-08-18 09:35:00,2023-08-18 09:40:00,Short,1891.95,1893.4550000000004,-1.5050000000003365,Bullish Trade Reversal,1893.4550000000004,1,-23.07999999999015,5.0,0.6499999999998636,-0.05999999999994543
2023-08-18 09:40:00,2023-08-18 10:55:00,Long,1893.3375,1894.24,3.6099999999996726,SL Hit,1894.24,4,-19.469999999990478,75.0,-1.4375,2.0924999999999727
2023-08-18 11:00:00,2023-08-18 11:30:00,Short,1894.23,1894.23,0.0,SL Hit,1894.23,1,-19.469999999990478,30.0,-0.0,-1.4300000000000637
2023-08-18 17:20:00,2023-08-18 19:45:00,Short,1888.15,1888.96,-3.2399999999997817,SL Hit,1888.96,4,-22.70999999999026,145.0,1.4800000000000182,-1.3500000000001364
2023-08-18 20:30:00,2023-08-22 08:20:00,Long,1893.2633333333333,1899.6,19.009999999999764,SL Hit,1899.6,3,-3.699999999990496,5030.0,-4.9833333333333485,8.976666666666688
2023-08-22 16:40:00,2023-08-22 17:50:00,Short,1897.115,1897.94,-1.650000000000091,SL Hit,1897.94,2,-5.349999999990587,70.0,0.8949999999999818,-0.9149999999999636
2023-08-22 18:00:00,2023-08-22 18:20:00,Long,1897.37,1896.9,-0.9399999999995998,SL Hit,1896.9,2,-6.2899999999901866,20.0,-0.959999999999809,0.3500000000001364
2023-08-22 20:20:00,2023-08-22 22:10:00,Short,1897.31,1897.9050000000002,-0.5950000000002547,SL Hit,1897.9050000000002,1,-6.884999999990441,110.0,0.7599999999999909,-0.7100000000000364
2023-08-22 23:05:00,2023-08-22 23:10:00,Short,1897.84,1897.9099999999999,-0.06999999999993634,SL Hit,1897.9099999999999,1,-6.9549999999903775,5.0,0.15000000000009095,-0.8399999999999181
2023-08-22 23:30:00,2023-08-23 02:45:00,Long,1899.782,1900.9,5.590000000000828,SL Hit,1900.9,5,-1.36499999998955,195.0,-2.3819999999998345,2.77800000000002
2023-08-23 02:50:00,2023-08-23 03:35:00,Short,1901.31,1901.31,0.0,SL Hit,1901.31,1,-1.36499999998955,45.0,0.6000000000001364,-1.2100000000000364
2023-08-23 05:40:00,2023-08-23 05:50:00,Long,1902.79,1902.79,0.0,SL Hit,1902.79,1,-1.36499999998955,10.0,-0.05999999999994543,1.0299999999999727
2023-08-23 07:10:00,2023-08-23 07:15:00,Short,1902.91,1903.3299999999997,-0.419999999999618,SL Hit,1903.3299999999997,1,-1.784999999989168,5.0,0.5199999999999818,-0.3300000000001546
2023-08-23 08:50:00,2023-08-23 09:25:00,Long,1904.0349999999999,1903.56,-0.9499999999998181,SL Hit,1903.56,2,-2.734999999988986,35.0,-0.9249999999999545,1.0450000000000728
2023-08-23 10:40:00,2023-08-23 10:50:00,Short,1901.97,1903.0899999999997,-1.1199999999996635,SL Hit,1903.0899999999997,1,-3.8549999999886495,10.0,1.4800000000000182,-0.43000000000006366
2023-08-23 11:35:00,2023-08-23 11:50:00,Long,1903.92,1902.84,-2.1600000000003092,SL Hit,1902.84,2,-6.014999999988959,15.0,-1.3200000000001637,0.5399999999999636
2023-08-23 11:55:00,2023-08-23 12:00:00,Short,1903.28,1904.0500000000002,-0.7700000000002092,SL Hit,1904.0500000000002,1,-6.784999999989168,5.0,1.0699999999999363,-0.18000000000006366
2023-08-23 18:05:00,2023-08-23 22:05:00,Short,1916.925,1916.61,0.6300000000001091,SL Hit,1916.61,2,-6.154999999989059,240.0,1.0750000000000455,-2.5650000000000546
2023-08-23 23:30:00,2023-08-24 01:10:00,Long,1917.7766666666666,1917.8,0.06999999999993634,SL Hit,1917.8,3,-6.084999999989122,100.0,-1.2766666666666424,1.4033333333334213
2023-08-24 01:25:00,2023-08-24 01:30:00,Short,1918.0,1918.0,0.0,SL Hit,1918.0,1,-6.084999999989122,5.0,0.5299999999999727,-0.5099999999999909
2023-08-24 02:45:00,2023-08-24 02:50:00,Long,1919.94,1919.94,0.0,SL Hit,1919.94,1,-6.084999999989122,5.0,-0.09000000000014552,0.7999999999999545
2023-08-24 03:45:00,2023-08-24 04:05:00,Long,1920.9099999999999,1920.0,-1.819999999999709,SL Hit,1920.0,2,-7.904999999988831,20.0,-1.0099999999997635,0.3200000000001637
2023-08-24 05:55:00,2023-08-24 06:30:00,Long,1921.5749999999998,1920.56,-2.0299999999997453,SL Hit,1920.56,2,-9.934999999988577,35.0,-1.6749999999997272,1.0150000000001
2023-08-24 06:55:00,2023-08-24 07:15:00,Long,1921.61,1920.3500000000004,-1.2599999999995362,SL Hit,1920.3500000000004,1,-11.194999999988113,20.0,-1.3799999999998818,0.40000000000009095
2023-08-24 07:55:00,2023-08-24 08:25:00,Short,1919.97,1921.42,-2.900000000000091,SL Hit,1921.42,2,-14.094999999988204,30.0,1.9500000000000455,-0.4900000000000091
2023-08-24 10:05:00,2023-08-24 13:45:00,Short,1916.1842857142856,1914.93,8.779999999998608,SL Hit,1914.93,7,-5.314999999989595,220.0,4.465714285714512,-4.1442857142856155
2023-08-24 13:50:00,2023-08-24 15:15:00,Long,1918.4025,1920.6,8.789999999999964,SL Hit,1920.6,4,3.4750000000103682,85.0,-3.3924999999999272,4.607500000000073
2023-08-24 16:25:00,2023-08-24 17:25:00,Short,1918.9599999999998,1918.23,2.1899999999993724,SL Hit,1918.23,3,5.665000000009741,60.0,0.7700000000002092,-2.2599999999997635
2023-08-24 18:50:00,2023-08-24 19:20:00,Short,1917.7,1917.7,0.0,SL Hit,1917.7,1,5.665000000009741,30.0,0.2400000000000091,-1.1000000000001364
2023-08-24 20:00:00,2023-08-24 22:05:00,Short,1916.9399999999998,1917.05,-0.330000000000382,SL Hit,1917.05,3,5.335000000009359,125.0,0.39000000000010004,-1.0399999999997362
2023-08-25 02:25:00,2023-08-25 04:50:00,Short,1914.9133333333332,1914.33,1.7499999999997726,SL Hit,1914.33,3,7.085000000009131,145.0,2.006666666666888,-2.013333333333094
2023-08-25 05:05:00,2023-08-25 05:30:00,Short,1913.48,1913.8,-0.6399999999998727,SL Hit,1913.8,2,6.445000000009259,25.0,0.5299999999999727,-1.1800000000000637
2023-08-25 11:55:00,2023-08-25 12:30:00,Long,1917.17,1917.17,0.0,SL Hit,1917.17,1,6.445000000009259,35.0,-0.4700000000000273,2.980000000000018
2023-08-25 12:50:00,2023-08-25 13:55:00,Short,1915.3266666666666,1915.57,-0.7300000000000182,SL Hit,1915.57,3,5.7150000000092405,65.0,2.1133333333334576,-2.5266666666666424
2023-08-25 14:00:00,2023-08-25 14:05:00,Long,1915.62,1900.4650000000001,-15.154999999999745,Bearish Trade Reversal,1900.4650000000001,1,-9.439999999990505,5.0,-4.329999999999927,5.480000000000018
2023-08-25 14:05:00,2023-08-25 14:15:00,Short,1918.19,1921.1,-5.819999999999709,SL Hit,1921.1,2,-15.259999999990214,10.0,4.059999999999945,-2.3099999999999454
2023-08-25 14:30:00,2023-08-25 15:25:00,Short,1907.645,1906.98,1.3299999999999272,SL Hit,1906.98,2,-13.929999999990287,55.0,4.434999999999945,-4.244999999999891
2023-08-25 15:30:00,2023-08-25 19:50:00,Long,1910.61375,1913.39,22.210000000000946,SL Hit,1913.39,8,8.28000000001066,260.0,-4.623749999999973,3.996249999999918
2023-08-25 20:25:00,2023-08-25 20:45:00,Short,1913.56,1914.2250000000001,-0.665000000000191,SL Hit,1914.2250000000001,1,7.615000000010468,20.0,1.1600000000000819,-0.7599999999999909
2023-08-25 20:55:00,2023-08-27 23:55:00,Long,1914.81,1914.2,-1.2199999999998,SL Hit,1914.2,2,6.395000000010668,3060.0,-0.9700000000000273,1.1600000000000819
2023-08-28 01:15:00,2023-08-28 01:40:00,Long,1916.385,1915.68,-1.4099999999998545,SL Hit,1915.68,2,4.985000000010814,25.0,-0.9949999999998909,0.8350000000000364
2023-08-28 01:45:00,2023-08-28 02:15:00,Short,1915.83,1915.8999999999999,-0.06999999999993634,SL Hit,1915.8999999999999,1,4.915000000010878,30.0,0.11000000000012733,-0.6699999999998454
2023-08-28 04:55:00,2023-08-28 05:05:00,Short,1915.59,1915.7650000000006,-0.17500000000063665,SL Hit,1915.7650000000006,1,4.740000000010241,10.0,0.2799999999999727,-0.4499999999998181
2023-08-28 07:15:00,2023-08-28 09:05:00,Short,1914.97,1915.16,-0.7600000000002183,SL Hit,1915.16,4,3.9800000000100226,110.0,0.9900000000000091,-1.8700000000001182
2023-08-28 12:05:00,2023-08-28 12:15:00,Long,1914.1,1914.1,0.0,SL Hit,1914.1,1,3.9800000000100226,10.0,-0.6099999999999,1.1900000000000546
2023-08-28 12:25:00,2023-08-28 12:40:00,Short,1914.74,1915.58,-1.6799999999998363,SL Hit,1915.58,2,2.3000000000101863,15.0,1.9500000000000455,-1.4200000000000728
2023-08-28 13:50:00,2023-08-28 15:00:00,Long,1917.54,1918.52,1.9600000000000364,SL Hit,1918.52,2,4.260000000010223,70.0,-1.0899999999999181,2.2000000000000455
2023-08-28 15:10:00,2023-08-28 15:15:00,Short,1918.63,1920.1699999999996,-1.5399999999995089,SL Hit,1920.1699999999996,1,2.720000000010714,5.0,1.6199999999998909,-0.9300000000000637
2023-08-28 18:10:00,2023-08-28 18:55:00,Short,1919.585,1919.77,-0.36999999999989086,SL Hit,1919.77,2,2.350000000010823,45.0,0.4049999999999727,-0.7850000000000819
2023-08-28 19:00:00,2023-08-28 19:55:00,Long,1920.0233333333333,1919.1,-2.770000000000209,SL Hit,1919.1,3,-0.4199999999893862,55.0,-1.2233333333333576,0.5066666666666606
2023-08-28 23:10:00,2023-08-28 23:35:00,Long,1920.9566666666667,1920.1,-2.570000000000391,SL Hit,1920.1,3,-2.9899999999897773,25.0,-0.856666666666797,0.43333333333339397
2023-08-29 00:05:00,2023-08-29 00:25:00,Long,1921.025,1920.4,-1.25,SL Hit,1920.4,2,-4.239999999989777,20.0,-0.8250000000000455,0.9249999999999545
2023-08-29 04:05:00,2023-08-29 05:40:00,Short,1924.915,1925.06,-0.2899999999999636,SL Hit,1925.06,2,-4.529999999989741,95.0,0.5050000000001091,-1.8150000000000546
2023-08-29 06:00:00,2023-08-29 06:15:00,Long,1924.72,1924.3,-0.8400000000001455,SL Hit,1924.3,2,-5.369999999989886,15.0,-0.4800000000000182,0.43000000000006366
2023-08-29 08:50:00,2023-08-29 09:15:00,Long,1923.3633333333335,1922.77,-1.7800000000004275,SL Hit,1922.77,3,-7.149999999990314,25.0,-1.1633333333334122,0.37666666666655146
2023-08-29 09:20:00,2023-08-29 09:30:00,Short,1922.8,1923.0099999999998,-0.209999999999809,SL Hit,1923.0099999999998,1,-7.359999999990123,10.0,0.5900000000001455,-0.25
2023-08-29 10:20:00,2023-08-29 12:50:00,Short,1919.7399999999998,1916.4,10.019999999999072,SL Hit,1916.4,3,2.6600000000089494,150.0,3.130000000000109,-5.209999999999809
2023-08-29 13:40:00,2023-08-29 16:10:00,Long,1928.288,1936.25,39.809999999999945,SL Hit,1936.25,5,42.470000000008895,150.0,-10.188000000000102,9.261999999999944
2023-08-29 16:40:00,2023-08-29 16:45:00,Short,1934.63,1934.63,0.0,SL Hit,1934.63,1,42.470000000008895,5.0,0.4799999999997908,-0.290000000000191
2023-08-29 19:55:00,2023-08-29 20:30:00,Long,1937.53,1937.1,-0.8600000000001273,SL Hit,1937.1,2,41.61000000000877,35.0,-0.8299999999999272,0.4900000000000091
2023-08-29 20:35:00,2023-08-29 20:45:00,Short,1937.62,1937.62,0.0,SL Hit,1937.62,1,41.61000000000877,10.0,0.07000000000016371,-0.1999999999998181
2023-08-29 22:10:00,2023-08-29 23:00:00,Short,1936.9850000000001,1937.16,-0.34999999999990905,SL Hit,1937.16,2,41.26000000000886,50.0,0.45499999999992724,-0.9850000000001273
2023-08-29 23:05:00,2023-08-29 23:15:00,Long,1936.98,1936.4,-1.1599999999998545,SL Hit,1936.4,2,40.100000000009004,10.0,-0.9800000000000182,0.21000000000003638
2023-08-29 23:40:00,2023-08-30 00:15:00,Short,1936.395,1936.52,-0.25,SL Hit,1936.52,2,39.850000000009004,35.0,0.1349999999999909,-0.9949999999998909
2023-08-30 03:10:00,2023-08-30 03:40:00,Short,1936.36,1936.7450000000003,-0.38500000000044565,SL Hit,1936.7450000000003,1,39.46500000000856,30.0,0.43000000000006366,-0.959999999999809
2023-08-30 10:00:00,2023-08-30 10:05:00,Long,1937.9,1937.8650000000002,-0.03499999999985448,SL Hit,1937.8650000000002,1,39.430000000008704,5.0,-0.3000000000001819,0.2799999999999727
2023-08-30 10:25:00,2023-08-30 10:50:00,Short,1936.8,1937.605,-0.8050000000000637,SL Hit,1937.605,1,38.62500000000864,25.0,0.9600000000000364,-0.7999999999999545
2023-08-30 11:20:00,2023-08-30 15:05:00,Long,1943.042857142857,1945.34,16.08000000000061,SL Hit,1945.34,7,54.70500000000925,225.0,-5.542857142856974,5.6571428571430715
2023-08-30 18:15:00,2023-08-30 22:00:00,Short,1943.3500000000001,1943.03,1.9200000000009823,SL Hit,1943.03,6,56.62500000001023,225.0,1.0199999999997544,-1.4500000000000455
2023-08-31 02:25:00,2023-08-31 02:35:00,Long,1946.2,1946.2,0.0,SL Hit,1946.2,1,56.62500000001023,10.0,-0.08000000000015461,1.1299999999998818
2023-08-31 05:20:00,2023-08-31 06:00:00,Short,1945.07,1945.35,-0.5599999999999454,SL Hit,1945.35,2,56.065000000010286,40.0,0.5099999999999909,-1.0699999999999363
2023-08-31 06:30:00,2023-08-31 07:00:00,Short,1944.4,1944.54,-0.13999999999987267,SL Hit,1944.54,1,55.925000000010414,30.0,0.6599999999998545,-1.1600000000000819
2023-08-31 09:10:00,2023-08-31 09:40:00,Short,1944.38,1944.78,-0.7999999999997272,SL Hit,1944.78,2,55.12500000001069,30.0,0.459999999999809,-0.7700000000002092
2023-08-31 09:50:00,2023-08-31 09:55:00,Long,1944.43,1944.43,0.0,SL Hit,1944.43,1,55.12500000001069,5.0,-0.009999999999990905,0.35999999999989996
2023-08-31 11:50:00,2023-08-31 12:35:00,Long,1944.89,1944.5399999999995,-0.35000000000059117,SL Hit,1944.5399999999995,1,54.775000000010095,45.0,-1.3800000000001091,2.689999999999827
2023-08-31 13:40:00,2023-08-31 14:00:00,Short,1943.315,1944.01,-1.3899999999998727,SL Hit,1944.01,2,53.38500000001022,20.0,1.3049999999998363,-2.1549999999999727
2023-08-31 14:40:00,2023-08-31 15:00:00,Short,1942.93,1943.0,-0.06999999999993634,SL Hit,1943.0,1,53.315000000010286,20.0,0.5199999999999818,-1.4100000000000819
2023-08-31 16:40:00,2023-08-31 16:45:00,Long,1942.02,1941.3549999999998,-0.665000000000191,SL Hit,1941.3549999999998,1,52.650000000010095,5.0,-0.7000000000000455,0.09999999999990905
2023-08-31 16:55:00,2023-08-31 17:50:00,Short,1940.88,1940.62,0.5200000000004366,SL Hit,1940.62,2,53.17000000001053,55.0,1.0199999999999818,-1.7700000000002092
2023-08-31 17:55:00,2023-08-31 19:10:00,Long,1941.2266666666667,1940.8,-1.2800000000002,SL Hit,1940.8,3,51.89000000001033,75.0,-1.0166666666666515,0.8233333333332666
2023-08-31 19:15:00,2023-09-01 00:00:00,Short,1940.4566666666663,1940.08,2.2599999999979445,SL Hit,1940.08,6,54.150000000008276,285.0,0.9233333333338578,-2.0566666666661604
2023-09-01 00:45:00,2023-09-01 00:55:00,Short,1938.85,1939.0600000000004,-0.21000000000049113,SL Hit,1939.0600000000004,1,53.940000000007785,10.0,0.4500000000000455,-0.15999999999985448
2023-09-01 02:05:00,2023-09-01 04:35:00,Short,1940.6766666666665,1939.15,4.579999999999245,SL Hit,1939.15,3,58.52000000000703,150.0,1.8633333333334576,-3.176666666666506
2023-09-01 05:40:00,2023-09-01 05:45:00,Long,1940.1,1939.4700000000005,-0.629999999999427,SL Hit,1939.4700000000005,1,57.8900000000076,5.0,-0.7999999999999545,0.4700000000000273
2023-09-01 06:15:00,2023-09-01 06:55:00,Short,1939.3866666666665,1939.78,-1.180000000000291,SL Hit,1939.78,3,56.71000000000731,40.0,0.9533333333333758,-1.2866666666666333
2023-09-01 08:00:00,2023-09-01 08:25:00,Long,1943.1666666666667,1942.4,-2.2999999999999545,SL Hit,1942.4,3,54.41000000000736,25.0,-1.0466666666668516,0.4833333333333485
2023-09-01 12:30:00,2023-09-01 13:20:00,Long,1949.7833333333335,1947.29,-7.4800000000007,SL Hit,1947.29,3,46.93000000000666,50.0,-4.343333333333476,2.5066666666664332
2023-09-01 14:20:00,2023-09-01 14:55:00,Short,1938.93,1939.875,-0.9449999999999363,SL Hit,1939.875,1,45.98500000000672,35.0,1.1099999999999,-4.320000000000164
2023-09-01 19:40:00,2023-09-04 00:45:00,Short,1940.3066666666666,1940.13,0.529999999999518,SL Hit,1940.13,3,46.51500000000624,3185.0,1.3533333333334667,-1.3066666666666151
2023-09-04 01:30:00,2023-09-04 03:20:00,Long,1943.735,1944.8,2.130000000000109,SL Hit,1944.8,2,48.64500000000635,110.0,-2.334999999999809,2.2450000000001182
2023-09-04 06:45:00,2023-09-04 06:50:00,Short,1944.99,1944.99,0.0,SL Hit,1944.99,1,48.64500000000635,5.0,0.12999999999988177,-0.5499999999999545
2023-09-04 07:00:00,2023-09-04 07:55:00,Short,1944.2649999999999,1944.13,0.26999999999952706,SL Hit,1944.13,2,48.915000000005875,55.0,0.8250000000000455,-1.1449999999999818
2023-09-04 08:40:00,2023-09-04 09:00:00,Short,1943.59,1943.8700000000003,-0.28000000000042746,SL Hit,1943.8700000000003,1,48.63500000000545,20.0,0.37000000000011823,-1.6899999999998272
2023-09-04 11:30:00,2023-09-04 11:35:00,Short,1940.19,1940.8550000000002,-0.665000000000191,SL Hit,1940.8550000000002,1,47.97000000000526,5.0,0.7200000000000273,-0.30999999999994543
2023-09-04 14:10:00,2023-09-04 14:30:00,Short,1937.62,1937.9000000000005,-0.28000000000065484,SL Hit,1937.9000000000005,1,47.6900000000046,20.0,0.9500000000000455,-0.8199999999999363
2023-09-04 15:00:00,2023-09-04 15:40:00,Long,1938.39,1937.8,-1.7700000000004366,SL Hit,1937.8,3,45.920000000004165,40.0,-1.0900000000001455,0.6199999999998909
2023-09-04 16:55:00,2023-09-04 17:25:00,Short,1938.165,1938.35,-0.36999999999989086,SL Hit,1938.35,2,45.550000000004275,30.0,0.20499999999992724,-0.8650000000000091
2023-09-04 22:10:00,2023-09-04 23:25:00,Long,1938.16,1936.1999999999994,-1.9600000000007185,Bearish Trade Reversal,1936.1999999999994,1,43.590000000003556,75.0,-1.1600000000000819,0.33999999999991815
2023-09-04 23:25:00,2023-09-05 01:20:00,Short,1937.6899999999998,1937.88,-0.5700000000008458,SL Hit,1937.88,3,43.02000000000271,115.0,0.5700000000001637,-1.3899999999998727
2023-09-05 05:00:00,2023-09-05 05:15:00,Long,1938.56,1937.9300000000005,-0.629999999999427,SL Hit,1937.9300000000005,1,42.39000000000328,15.0,-0.7599999999999909,0.2400000000000091
2023-09-05 06:05:00,2023-09-05 07:00:00,Short,1936.76,1937.0749999999998,-0.3149999999998272,SL Hit,1937.0749999999998,1,42.075000000003456,55.0,0.7300000000000182,-1.6600000000000819
2023-09-05 08:00:00,2023-09-05 10:40:00,Short,1933.39,1932.06,3.990000000000464,SL Hit,1932.06,3,46.06500000000392,160.0,2.1399999999998727,-3.3900000000001
2023-09-05 10:45:00,2023-09-05 11:05:00,Long,1931.71,1930.3,-2.8200000000001637,SL Hit,1930.3,2,43.245000000003756,20.0,-2.2100000000000364,0.22000000000002728
2023-09-05 12:00:00,2023-09-05 12:15:00,Long,1930.5,1930.0800000000004,-0.419999999999618,SL Hit,1930.0800000000004,1,42.82500000000414,15.0,-0.7699999999999818,1.150000000000091
2023-09-05 12:45:00,2023-09-05 12:50:00,Short,1933.32,1933.32,0.0,SL Hit,1933.32,1,42.82500000000414,5.0,1.0199999999999818,-1.8899999999998727
2023-09-05 14:35:00,2023-09-05 14:45:00,Long,1926.57,1926.3600000000001,-0.209999999999809,SL Hit,1926.3600000000001,1,42.61500000000433,10.0,-1.2000000000000455,0.9800000000000182
2023-09-05 17:15:00,2023-09-05 17:20:00,Short,1926.68,1926.75,-0.06999999999993634,SL Hit,1926.75,1,42.54500000000439,5.0,0.30999999999994543,-0.40000000000009095
2023-09-05 17:45:00,2023-09-05 18:15:00,Short,1926.3899999999999,1926.73,-0.680000000000291,SL Hit,1926.73,2,41.8650000000041,30.0,0.8700000000001182,-0.7899999999999636
2023-09-05 20:20:00,2023-09-05 20:35:00,Short,1925.64,1925.64,0.0,SL Hit,1925.64,1,41.8650000000041,15.0,0.03999999999996362,-0.9400000000000546
2023-09-05 22:35:00,2023-09-05 22:55:00,Short,1926.24,1926.3449999999998,-0.10499999999979082,SL Hit,1926.3449999999998,1,41.76000000000431,20.0,0.10999999999989996,-1.0399999999999636
2023-09-06 00:30:00,2023-09-06 02:15:00,Short,1925.295,1925.29,0.020000000000436557,SL Hit,1925.29,4,41.78000000000475,105.0,1.134999999999991,-1.3949999999999818
2023-09-06 07:35:00,2023-09-06 08:50:00,Short,1923.855,1924.66,-1.6100000000001273,SL Hit,1924.66,2,40.17000000000462,75.0,0.8650000000000091,-1.1549999999999727
2023-09-06 08:55:00,2023-09-06 10:55:00,Long,1924.8366666666668,1926.0,3.4899999999995543,SL Hit,1926.0,3,43.660000000004175,120.0,-2.1366666666667697,2.6833333333331666
2023-09-06 11:00:00,2023-09-06 11:10:00,Short,1926.71,1926.71,0.0,SL Hit,1926.71,1,43.660000000004175,10.0,0.08999999999991815,-0.8400000000001455
2023-09-06 12:20:00,2023-09-06 13:50:00,Short,1926.08,1927.8999999999999,-1.8199999999999363,SL Hit,1927.8999999999999,1,41.84000000000424,90.0,2.1900000000000546,-4.939999999999827
2023-09-06 20:20:00,2023-09-06 20:25:00,Short,1916.8,1916.8,0.0,SL Hit,1916.8,1,41.84000000000424,5.0,-0.0,-0.2400000000000091
2023-09-06 23:30:00,2023-09-07 01:05:00,Short,1916.9099999999999,1916.99,-0.24000000000046384,SL Hit,1916.99,3,41.600000000003774,95.0,0.5800000000001546,-1.209999999999809
2023-09-07 02:10:00,2023-09-07 02:45:00,Long,1918.6533333333334,1918.27,-1.1500000000003183,SL Hit,1918.27,3,40.450000000003456,35.0,-0.933333333333394,0.5266666666666424
2023-09-07 07:40:00,2023-09-07 07:55:00,Short,1917.66,1918.2549999999997,-0.5949999999995725,SL Hit,1918.2549999999997,1,39.85500000000388,15.0,0.8599999999999,-0.5900000000001455
2023-09-07 09:10:00,2023-09-07 09:15:00,Long,1918.79,1918.1249999999998,-0.665000000000191,SL Hit,1918.1249999999998,1,39.19000000000369,5.0,-0.7899999999999636,0.6200000000001182
2023-09-07 12:30:00,2023-09-07 13:05:00,Short,1918.16,1929.4650000000001,-11.305000000000064,Bullish Trade Reversal,1929.4650000000001,1,27.88500000000363,35.0,5.199999999999818,-1.8800000000001091
2023-09-07 13:05:00,2023-09-07 13:30:00,Long,1922.29,1921.0300000000002,-1.2599999999997635,SL Hit,1921.0300000000002,1,26.625000000003865,25.0,-2.869999999999891,1.0
2023-09-07 14:15:00,2023-09-07 14:20:00,Short,1918.56,1918.56,0.0,SL Hit,1918.56,1,26.625000000003865,5.0,0.11000000000012733,-0.7899999999999636
2023-09-07 14:25:00,2023-09-07 14:35:00,Short,1918.68,1918.68,0.0,SL Hit,1918.68,1,26.625000000003865,10.0,0.2699999999999818,-1.7799999999999727
2023-09-07 17:05:00,2023-09-07 17:20:00,Short,1918.25,1918.25,0.0,SL Hit,1918.25,1,26.625000000003865,15.0,0.38000000000010914,-0.7799999999999727
2023-09-07 22:55:00,2023-09-07 23:05:00,Long,1919.46,1919.46,0.0,SL Hit,1919.46,1,26.625000000003865,10.0,-0.4600000000000364,0.7300000000000182
2023-09-08 02:05:00,2023-09-08 02:15:00,Long,1925.58,1925.58,0.0,SL Hit,1925.58,1,26.625000000003865,10.0,-1.0799999999999272,0.5900000000001455
2023-09-08 03:10:00,2023-09-08 06:00:00,Short,1925.7649999999999,1926.17,-0.8100000000004002,SL Hit,1926.17,2,25.815000000003465,170.0,0.4450000000001637,-2.1649999999999636
2023-09-08 06:45:00,2023-09-08 07:05:00,Short,1925.48,1925.6899999999998,-0.209999999999809,SL Hit,1925.6899999999998,1,25.605000000003656,20.0,0.36999999999989086,-1.0799999999999272
2023-09-08 07:30:00,2023-09-08 08:55:00,Short,1924.3174999999999,1924.44,-0.4900000000006912,SL Hit,1924.44,4,25.115000000002965,85.0,0.9425000000001091,-1.7174999999999727
2023-09-08 09:05:00,2023-09-08 09:35:00,Long,1924.4866666666667,1924.52,0.09999999999990905,SL Hit,1924.52,3,25.215000000002874,30.0,-0.7866666666666333,1.2633333333333212
2023-09-08 10:35:00,2023-09-08 12:05:00,Short,1923.6233333333332,1923.66,-0.11000000000058208,SL Hit,1923.66,3,25.105000000002292,90.0,0.5766666666668243,-1.3233333333332666
2023-09-08 13:15:00,2023-09-08 13:20:00,Short,1920.52,1921.395,-0.875,SL Hit,1921.395,1,24.230000000002292,5.0,0.8800000000001091,-0.22000000000002728
2023-09-08 14:45:00,2023-09-08 16:55:00,Short,1922.87,1919.59,6.559999999999945,SL Hit,1919.59,2,30.790000000002237,130.0,4.440000000000055,-5.349999999999909
2023-09-08 17:30:00,2023-09-08 18:45:00,Long,1918.795,1918.9,0.21000000000003638,SL Hit,1918.9,2,31.000000000002274,75.0,-0.6950000000001637,1.824999999999818
2023-09-10 22:05:00,2023-09-10 23:30:00,Short,1918.72,1918.88,-0.3200000000001637,SL Hit,1918.88,2,30.68000000000211,85.0,0.7300000000000182,-1.5199999999999818
2023-09-10 23:35:00,2023-09-10 23:55:00,Long,1918.97,1918.2,-1.5399999999999636,SL Hit,1918.2,2,29.140000000002146,20.0,-1.0699999999999363,0.5099999999999909
2023-09-11 00:35:00,2023-09-11 01:05:00,Long,1919.5033333333333,1919.1,-1.2100000000002638,SL Hit,1919.1,3,27.930000000001883,30.0,-0.4633333333333667,0.8366666666665878
2023-09-11 02:10:00,2023-09-11 02:15:00,Long,1923.12,1922.5250000000005,-0.5949999999993452,SL Hit,1922.5250000000005,1,27.335000000002537,5.0,-0.709999999999809,0.39000000000010004
2023-09-11 03:00:00,2023-09-11 03:25:00,Short,1922.57,1923.39,-1.6400000000003274,SL Hit,1923.39,2,25.69500000000221,25.0,0.8400000000001455,-0.4700000000000273
2023-09-11 03:30:00,2023-09-11 04:05:00,Long,1923.0433333333333,1922.91,-0.3999999999996362,SL Hit,1922.91,3,25.295000000002574,35.0,-0.7433333333333394,0.42666666666673336
2023-09-11 05:20:00,2023-09-11 05:50:00,Long,1926.675,1926.68,0.010000000000218279,SL Hit,1926.68,2,25.305000000002792,30.0,-0.19499999999993634,1.2350000000001273
2023-09-11 06:35:00,2023-09-11 06:40:00,Long,1927.75,1927.5400000000002,-0.209999999999809,SL Hit,1927.5400000000002,1,25.095000000002983,5.0,-0.2799999999999727,0.6800000000000637
2023-09-11 09:45:00,2023-09-11 10:45:00,Short,1925.755,1926.14,-0.7699999999999818,SL Hit,1926.14,2,24.325000000003,60.0,0.625,-1.0550000000000637
2023-09-11 11:35:00,2023-09-11 11:40:00,Long,1925.75,1925.2949999999996,-0.455000000000382,SL Hit,1925.2949999999996,1,23.87000000000262,5.0,-1.0399999999999636,0.41000000000008185
2023-09-11 12:20:00,2023-09-11 12:35:00,Long,1925.54,1923.5100000000002,-2.0299999999997453,Bearish Trade Reversal,1923.5100000000002,1,21.840000000002874,15.0,-1.0799999999999272,0.7799999999999727
2023-09-11 12:35:00,2023-09-11 12:55:00,Short,1925.71,1927.2500000000002,-1.540000000000191,SL Hit,1927.2500000000002,1,20.300000000002683,20.0,1.5899999999999181,-0.37000000000011823
2023-09-11 14:10:00,2023-09-11 14:15:00,Short,1925.5,1925.5,0.0,SL Hit,1925.5,1,20.300000000002683,5.0,1.0299999999999727,-1.1099999999999
2023-09-11 17:45:00,2023-09-11 19:20:00,Short,1922.48,1922.1,0.7600000000002183,SL Hit,1922.1,2,21.0600000000029,95.0,0.599999999999909,-1.0499999999999545
2023-09-11 23:30:00,2023-09-12 00:20:00,Short,1921.635,1922.07,-0.8699999999998909,SL Hit,1922.07,2,20.19000000000301,50.0,0.6449999999999818,-0.7349999999999
2023-09-12 02:50:00,2023-09-12 02:55:00,Long,1922.86,1922.86,0.0,SL Hit,1922.86,1,20.19000000000301,5.0,-0.8599999999999,0.25
2023-09-12 04:20:00,2023-09-12 08:05:00,Short,1920.7720000000002,1919.87,4.510000000001355,SL Hit,1919.87,5,24.700000000004366,225.0,2.2679999999998017,-2.5720000000001164
2023-09-12 09:25:00,2023-09-12 14:25:00,Short,1913.385,1910.61,16.650000000000546,SL Hit,1910.61,6,41.35000000000491,300.0,6.154999999999973,-5.5150000000001
2023-09-12 18:50:00,2023-09-12 19:00:00,Long,1913.05,1913.05,0.0,SL Hit,1913.05,1,41.35000000000491,10.0,-0.75,0.37000000000011823
2023-09-12 19:10:00,2023-09-12 19:50:00,Long,1912.9366666666667,1912.4,-1.6099999999999,SL Hit,1912.4,3,39.74000000000501,40.0,-0.6366666666667697,0.6033333333332394
2023-09-12 19:55:00,2023-09-12 20:30:00,Short,1912.95,1913.27,-0.6399999999998727,SL Hit,1913.27,2,39.10000000000514,35.0,0.31999999999993634,-0.9500000000000455
2023-09-12 21:00:00,2023-09-12 22:00:00,Long,1913.29,1913.29,0.0,SL Hit,1913.29,1,39.10000000000514,60.0,-0.36999999999989086,0.049999999999954525
2023-09-12 23:20:00,2023-09-12 23:45:00,Short,1913.1,1913.23,-0.2600000000002183,SL Hit,1913.23,2,38.84000000000492,25.0,0.25,-0.8999999999998636
2023-09-13 00:00:00,2023-09-13 00:20:00,Long,1913.105,1912.83,-0.5500000000001819,SL Hit,1912.83,2,38.29000000000474,20.0,-0.44499999999993634,0.48499999999989996
2023-09-13 00:25:00,2023-09-13 00:30:00,Short,1912.84,1912.875,-0.035000000000081855,SL Hit,1912.875,1,38.25500000000466,5.0,0.41000000000008185,-0.12999999999988177
2023-09-13 00:40:00,2023-09-13 01:15:00,Short,1913.0,1913.27,-0.5399999999999636,SL Hit,1913.27,2,37.71500000000469,35.0,0.7200000000000273,-0.5899999999999181
2023-09-13 02:30:00,2023-09-13 03:40:00,Short,1909.355,1909.24,0.2300000000000182,SL Hit,1909.24,2,37.94500000000471,70.0,0.8849999999999909,-1.8550000000000182
2023-09-13 04:50:00,2023-09-13 05:05:00,Long,1911.42,1910.65,-0.7699999999999818,SL Hit,1910.65,1,37.17500000000473,15.0,-0.9200000000000728,0.5
2023-09-13 05:25:00,2023-09-13 05:30:00,Short,1910.85,1910.8849999999998,-0.03499999999985448,SL Hit,1910.8849999999998,1,37.140000000004875,5.0,1.6800000000000637,-0.6499999999998636
2023-09-13 06:00:00,2023-09-13 07:10:00,Short,1909.8466666666666,1910.27,-1.2700000000002092,SL Hit,1910.27,3,35.870000000004666,70.0,0.683333333333394,-1.6366666666665424
2023-09-13 09:50:00,2023-09-13 10:30:00,Short,1911.29,1911.57,-0.5599999999999454,SL Hit,1911.57,2,35.31000000000472,40.0,0.44000000000005457,-0.9900000000000091
2023-09-13 12:10:00,2023-09-13 12:25:00,Short,1911.38,1911.415,-0.03499999999985448,SL Hit,1911.415,1,35.275000000004866,15.0,0.7199999999997999,-1.6400000000001
2023-09-13 12:30:00,2023-09-13 12:45:00,Short,1907.645,1912.1,-8.909999999999854,SL Hit,1912.1,2,26.36500000000501,15.0,4.585000000000036,-1.2850000000000819
2023-09-13 19:00:00,2023-09-13 22:00:00,Short,1908.665,1908.84,-0.6999999999998181,SL Hit,1908.84,4,25.665000000005193,180.0,0.6449999999999818,-1.365000000000009
2023-09-14 01:55:00,2023-09-14 03:00:00,Short,1910.455,1910.34,0.2300000000000182,SL Hit,1910.34,2,25.89500000000521,65.0,0.8650000000000091,-1.5149999999998727
2023-09-14 04:25:00,2023-09-14 05:45:00,Long,1909.92,1908.95,-3.880000000000109,SL Hit,1908.95,4,22.015000000005102,80.0,-1.25,0.8399999999999181
2023-09-14 07:35:00,2023-09-14 08:30:00,Short,1906.295,1906.35,-0.10999999999967258,SL Hit,1906.35,2,21.90500000000543,55.0,0.47499999999990905,-1.1950000000001637
2023-09-14 09:45:00,2023-09-14 12:20:00,Long,1907.0300000000002,1907.17,0.5599999999994907,SL Hit,1907.17,4,22.46500000000492,155.0,-1.5300000000002,2.7699999999997544
2023-09-14 14:45:00,2023-09-14 15:40:00,Long,1906.88,1906.88,0.0,SL Hit,1906.88,1,22.46500000000492,55.0,-1.0300000000002,4.239999999999782
2023-09-14 17:40:00,2023-09-14 18:25:00,Short,1909.045,1909.41,-0.7300000000000182,SL Hit,1909.41,2,21.735000000004902,45.0,0.5749999999998181,-1.1449999999999818
2023-09-14 18:55:00,2023-09-14 19:05:00,Short,1908.35,1908.6300000000006,-0.28000000000065484,SL Hit,1908.6300000000006,1,21.455000000004247,10.0,0.3200000000001637,-0.1899999999998272
2023-09-14 22:00:00,2023-09-14 22:15:00,Short,1910.66,1910.8,-0.13999999999987267,SL Hit,1910.8,1,21.315000000004375,15.0,0.15999999999985448,-0.8600000000001273
2023-09-14 23:35:00,2023-09-15 00:00:00,Long,1910.0500000000002,1909.3,-1.5000000000004547,SL Hit,1909.3,2,19.81500000000392,25.0,-0.9500000000002728,0.7799999999997453
2023-09-15 00:15:00,2023-09-15 00:20:00,Long,1910.87,1910.87,0.0,SL Hit,1910.87,1,19.81500000000392,5.0,-1.0699999999999363,0.17000000000007276
2023-09-15 01:25:00,2023-09-15 03:05:00,Long,1914.1766666666665,1914.98,2.4100000000005366,SL Hit,1914.98,3,22.225000000004457,100.0,-2.936666666666497,1.723333333333585
2023-09-15 03:10:00,2023-09-15 03:20:00,Short,1915.02,1915.2649999999999,-0.24499999999989086,SL Hit,1915.2649999999999,1,21.980000000004566,10.0,0.6200000000001182,-1.0199999999999818
2023-09-15 07:00:00,2023-09-15 07:55:00,Short,1917.705,1917.94,-0.47000000000025466,SL Hit,1917.94,2,21.51000000000431,55.0,0.8250000000000455,-2.1849999999999454
2023-09-15 08:55:00,2023-09-15 09:55:00,Long,1918.0833333333333,1917.72,-1.0899999999996908,SL Hit,1917.72,3,20.42000000000462,60.0,-0.8833333333332121,1.0666666666668334
2023-09-15 10:00:00,2023-09-15 11:10:00,Short,1917.49,1918.2,-1.4200000000000728,SL Hit,1918.2,2,19.000000000004547,70.0,0.7799999999999727,-0.6900000000000546
2023-09-15 11:15:00,2023-09-15 11:20:00,Short,1918.27,1918.27,0.0,SL Hit,1918.27,1,19.000000000004547,5.0,0.37000000000011823,-0.6399999999998727
2023-09-15 15:15:00,2023-09-15 16:10:00,Short,1927.39,1927.74,-1.0499999999997272,SL Hit,1927.74,3,17.95000000000482,55.0,1.4099999999998545,-2.520000000000209
2023-09-15 16:20:00,2023-09-15 20:25:00,Short,1924.3575,1923.03,10.6200000000008,SL Hit,1923.03,8,28.57000000000562,245.0,3.2124999999998636,-2.6575000000000273
2023-09-17 22:55:00,2023-09-17 23:35:00,Short,1922.7800000000002,1923.16,-0.7599999999997635,SL Hit,1923.16,2,27.810000000005857,40.0,0.9099999999998545,-0.8800000000001091
2023-09-18 00:00:00,2023-09-18 01:35:00,Long,1923.935,1923.6,-1.3400000000001455,SL Hit,1923.6,4,26.47000000000571,95.0,-1.2349999999999,2.505000000000109
2023-09-18 01:40:00,2023-09-18 01:50:00,Short,1924.76,1925.4250000000002,-0.665000000000191,SL Hit,1925.4250000000002,1,25.80500000000552,10.0,1.0199999999999818,-0.7400000000000091
2023-09-18 02:10:00,2023-09-18 04:00:00,Long,1926.9866666666667,1928.1,3.3399999999996908,SL Hit,1928.1,3,29.14500000000521,110.0,-1.4766666666666879,2.4633333333333667
2023-09-18 04:05:00,2023-09-18 05:30:00,Short,1928.5533333333333,1928.57,-0.049999999999954525,SL Hit,1928.57,3,29.095000000005257,85.0,0.716666666666697,-1.5533333333332848
2023-09-18 07:35:00,2023-09-18 09:35:00,Short,1926.875,1926.5,0.75,SL Hit,1926.5,2,29.845000000005257,120.0,1.2550000000001091,-2.275000000000091
2023-09-18 09:40:00,2023-09-18 10:35:00,Long,1926.3566666666666,1926.31,-0.13999999999987267,SL Hit,1926.31,3,29.705000000005384,55.0,-0.7666666666666515,1.1133333333334576
2023-09-18 10:50:00,2023-09-18 11:00:00,Short,1926.755,1927.19,-0.8699999999998909,SL Hit,1927.19,2,28.835000000005493,10.0,0.43499999999994543,-0.7550000000001091
2023-09-18 12:25:00,2023-09-18 12:30:00,Long,1926.53,1923.4150000000004,-3.1149999999995543,Bearish Trade Reversal,1923.4150000000004,1,25.72000000000594,5.0,-0.8899999999998727,0.5399999999999636
2023-09-18 12:30:00,2023-09-18 13:15:00,Short,1926.81,1927.7199999999998,-0.9099999999998545,SL Hit,1927.7199999999998,1,24.810000000006085,45.0,1.1900000000000546,-3.1799999999998363
2023-09-18 15:35:00,2023-09-18 18:10:00,Long,1930.2900000000002,1931.4,5.5499999999995,SL Hit,1931.4,5,30.360000000005584,155.0,-3.450000000000273,3.049999999999727
2023-09-18 21:00:00,2023-09-18 22:00:00,Short,1933.42,1933.42,0.0,SL Hit,1933.42,1,30.360000000005584,60.0,0.11999999999989086,-0.12000000000011823
2023-09-19 05:00:00,2023-09-19 05:30:00,Short,1931.005,1931.44,-0.8699999999998909,SL Hit,1931.44,2,29.490000000005693,30.0,0.7149999999999181,-0.7050000000001546
2023-09-19 05:55:00,2023-09-19 06:20:00,Short,1930.94,1931.17,-0.4600000000000364,SL Hit,1931.17,2,29.030000000005657,25.0,0.31999999999993634,-0.8200000000001637
2023-09-19 06:50:00,2023-09-19 07:00:00,Short,1930.55,1930.7599999999998,-0.209999999999809,SL Hit,1930.7599999999998,1,28.820000000005848,10.0,0.9600000000000364,-0.6599999999998545
2023-09-19 07:05:00,2023-09-19 08:25:00,Long,1932.54,1933.6,2.119999999999891,SL Hit,1933.6,2,30.94000000000574,80.0,-1.4300000000000637,2.1900000000000546
2023-09-19 09:00:00,2023-09-19 09:15:00,Short,1933.71,1934.3050000000003,-0.5950000000002547,SL Hit,1934.3050000000003,1,30.345000000005484,15.0,0.8999999999998636,-0.09000000000014552
2023-09-19 10:25:00,2023-09-19 11:15:00,Long,1935.6333333333334,1935.23,-1.2100000000002638,SL Hit,1935.23,3,29.13500000000522,50.0,-0.933333333333394,1.076666666666597
2023-09-19 11:45:00,2023-09-19 11:55:00,Short,1935.12,1935.12,0.0,SL Hit,1935.12,1,29.13500000000522,10.0,0.09000000000014552,-0.4799999999997908
2023-09-19 12:45:00,2023-09-19 12:50:00,Short,1935.34,1935.34,0.0,SL Hit,1935.34,1,29.13500000000522,5.0,0.39000000000010004,-1.1499999999998636
2023-09-19 14:10:00,2023-09-19 14:35:00,Short,1933.16,1933.6499999999996,-0.48999999999955435,SL Hit,1933.6499999999996,1,28.645000000005666,25.0,1.3299999999999272,-2.660000000000082
2023-09-19 15:45:00,2023-09-19 15:55:00,Short,1932.81,1933.1950000000004,-0.38500000000044565,SL Hit,1933.1950000000004,1,28.26000000000522,10.0,0.42000000000007276,-0.5099999999999909
2023-09-19 17:55:00,2023-09-19 19:20:00,Short,1931.09,1931.7200000000003,-0.6300000000003365,SL Hit,1931.7200000000003,1,27.630000000004884,85.0,0.6600000000000819,-1.3299999999999272
2023-09-20 00:45:00,2023-09-20 02:10:00,Short,1930.3600000000001,1930.76,-0.7999999999997272,SL Hit,1930.76,2,26.830000000005157,85.0,0.5699999999999363,-2.660000000000082
2023-09-20 03:25:00,2023-09-20 03:35:00,Long,1931.025,1930.58,-0.8900000000003274,SL Hit,1930.58,2,25.94000000000483,10.0,-0.9250000000001819,0.334999999999809
2023-09-20 03:45:00,2023-09-20 05:05:00,Short,1930.59,1930.29,0.8999999999998636,SL Hit,1930.29,3,26.840000000004693,80.0,0.5700000000001637,-1.0899999999999181
2023-09-20 06:10:00,2023-09-20 06:50:00,Long,1931.345,1930.37,-1.9500000000002728,SL Hit,1930.37,2,24.89000000000442,40.0,-1.1050000000000182,0.8650000000000091
2023-09-20 14:35:00,2023-09-20 14:45:00,Short,1942.61,1943.415,-0.8050000000000637,SL Hit,1943.415,1,24.085000000004356,10.0,0.9200000000000728,-1.209999999999809
2023-09-20 16:50:00,2023-09-20 17:25:00,Long,1945.48,1946.0,1.0399999999999636,SL Hit,1946.0,2,25.12500000000432,35.0,-0.14000000000010004,1.8599999999999
2023-09-20 23:55:00,2023-09-21 01:45:00,Short,1928.3100000000002,1926.54,5.3100000000006276,SL Hit,1926.54,3,30.435000000004948,110.0,1.4899999999997817,-4.010000000000218
2023-09-21 02:35:00,2023-09-21 03:15:00,Short,1926.65,1927.8399999999997,-1.1899999999995998,SL Hit,1927.8399999999997,1,29.245000000005348,40.0,1.4299999999998363,-0.6000000000001364
2023-09-21 04:20:00,2023-09-21 05:00:00,Long,1927.73,1927.4,-0.6599999999998545,SL Hit,1927.4,2,28.585000000005493,40.0,-0.7200000000000273,0.7899999999999636
2023-09-21 05:35:00,2023-09-21 07:00:00,Long,1928.6533333333334,1927.8,-2.5600000000004,SL Hit,1927.8,3,26.025000000005093,85.0,-1.4133333333334122,1.6966666666664878
2023-09-21 07:10:00,2023-09-21 07:15:00,Short,1927.7,1927.9099999999999,-0.209999999999809,SL Hit,1927.9099999999999,1,25.815000000005284,5.0,0.6399999999998727,-0.5599999999999454
2023-09-21 09:25:00,2023-09-21 09:40:00,Short,1922.79,1923.9099999999999,-1.1199999999998909,SL Hit,1923.9099999999999,1,24.695000000005393,15.0,1.4500000000000455,-0.4900000000000091
2023-09-21 11:05:00,2023-09-21 13:00:00,Short,1919.8633333333335,1917.0,8.590000000000373,SL Hit,1917.0,3,33.285000000005766,115.0,4.086666666666588,-5.803333333333512
2023-09-21 13:15:00,2023-09-21 13:20:00,Short,1915.45,1915.45,0.0,SL Hit,1915.45,1,33.285000000005766,5.0,1.6199999999998909,-0.9500000000000455
2023-09-21 13:45:00,2023-09-21 13:50:00,Long,1916.6,1916.2850000000003,-0.3149999999995998,SL Hit,1916.2850000000003,1,32.970000000006166,5.0,-0.8199999999999363,2.0700000000001637
2023-09-21 16:30:00,2023-09-21 19:05:00,Long,1919.3825,1919.62,0.9499999999998181,SL Hit,1919.62,4,33.920000000005984,155.0,-1.4624999999998636,1.8275000000001
2023-09-21 19:15:00,2023-09-21 19:35:00,Short,1920.705,1920.84,-0.2699999999999818,SL Hit,1920.84,2,33.650000000006,20.0,0.24500000000011823,-0.3949999999999818
2023-09-21 22:25:00,2023-09-22 00:20:00,Long,1920.5825,1920.8,0.8699999999998909,SL Hit,1920.8,4,34.52000000000589,115.0,-1.2825000000000273,1.087500000000091
2023-09-22 01:35:00,2023-09-22 03:20:00,Long,1923.7033333333336,1923.42,-0.8500000000005912,SL Hit,1923.42,3,33.6700000000053,105.0,-1.7033333333336032,1.7066666666664787
2023-09-22 04:10:00,2023-09-22 04:40:00,Short,1923.87,1924.39,-1.0400000000004184,SL Hit,1924.39,2,32.630000000004884,30.0,0.7300000000000182,-0.5699999999999363
2023-09-22 04:50:00,2023-09-22 04:55:00,Long,1923.95,1921.325,-2.625,Bearish Trade Reversal,1921.325,1,30.005000000004884,5.0,-0.75,0.43000000000006366
2023-09-22 04:55:00,2023-09-22 05:05:00,Short,1924.33,1924.3649999999998,-0.03499999999985448,SL Hit,1924.3649999999998,1,29.97000000000503,10.0,0.2599999999999909,-0.9299999999998363
2023-09-22 06:10:00,2023-09-22 06:15:00,Long,1925.05,1924.91,-0.13999999999987267,SL Hit,1924.91,1,29.830000000005157,5.0,-0.5199999999999818,0.5599999999999454
2023-09-22 08:30:00,2023-09-22 08:35:00,Short,1926.5,1926.605,-0.10500000000001819,SL Hit,1926.605,1,29.72500000000514,5.0,0.42000000000007276,-0.19000000000005457
2023-09-22 09:50:00,2023-09-22 10:25:00,Short,1925.84,1925.84,0.0,SL Hit,1925.84,1,29.72500000000514,35.0,0.11000000000012733,-1.740000000000009
2023-09-22 11:35:00,2023-09-22 12:10:00,Long,1926.08,1924.3649999999998,-1.7150000000001455,SL Hit,1924.3649999999998,1,28.010000000004993,35.0,-1.7200000000000273,0.6200000000001182
2023-09-22 13:00:00,2023-09-22 13:30:00,Long,1925.92,1925.5699999999997,-0.3500000000003638,SL Hit,1925.5699999999997,1,27.66000000000463,30.0,-0.38000000000010914,1.490000000000009
2023-09-22 14:35:00,2023-09-22 15:10:00,Long,1927.52,1926.4,-1.1199999999998909,SL Hit,1926.4,1,26.54000000000474,35.0,-1.1199999999998909,1.3299999999999272
2023-09-22 16:00:00,2023-09-22 16:20:00,Long,1927.815,1927.49,-0.650000000000091,SL Hit,1927.49,2,25.890000000004648,20.0,-0.5450000000000728,0.46499999999991815
2023-09-22 18:15:00,2023-09-22 19:45:00,Short,1924.926666666667,1925.14,-0.6399999999994179,SL Hit,1925.14,3,25.25000000000523,90.0,0.5933333333330211,-0.8266666666670517
2023-09-22 20:55:00,2023-09-24 22:20:00,Long,1925.45,1925.07,-0.7600000000002183,SL Hit,1925.07,2,24.49000000000501,2965.0,-0.5,2.3999999999998636
2023-09-24 22:30:00,2023-09-25 00:45:00,Short,1924.9599999999998,1924.85,0.5499999999994998,SL Hit,1924.85,5,25.04000000000451,135.0,1.050000000000182,-1.7599999999997635
2023-09-25 01:10:00,2023-09-25 02:40:00,Short,1923.565,1923.44,0.25,SL Hit,1923.44,2,25.29000000000451,90.0,1.0349999999998545,-0.9249999999999545
2023-09-25 02:45:00,2023-09-25 03:20:00,Long,1923.35,1922.7200000000005,-0.629999999999427,SL Hit,1922.7200000000005,1,24.660000000005084,35.0,-0.849999999999909,0.8400000000001455
2023-09-25 05:40:00,2023-09-25 06:35:00,Short,1921.76,1921.94,-0.36000000000012733,SL Hit,1921.94,2,24.300000000004957,55.0,0.8700000000001182,-1.259999999999991
2023-09-25 11:10:00,2023-09-25 11:20:00,Long,1924.655,1924.0,-1.3099999999999454,SL Hit,1924.0,2,22.99000000000501,10.0,-1.1549999999999727,0.20499999999992724
2023-09-25 11:25:00,2023-09-25 12:05:00,Short,1924.1100000000001,1924.67,-1.1199999999998909,SL Hit,1924.67,2,21.87000000000512,40.0,0.9699999999997999,-0.37000000000011823
2023-09-25 14:15:00,2023-09-25 15:30:00,Short,1919.0633333333335,1918.54,1.5700000000006185,SL Hit,1918.54,3,23.44000000000574,75.0,3.826666666666597,-3.953333333333603
2023-09-25 16:25:00,2023-09-25 16:30:00,Short,1916.48,1916.48,0.0,SL Hit,1916.48,1,23.44000000000574,5.0,0.11999999999989086,-0.43000000000006366
2023-09-25 16:35:00,2023-09-25 16:45:00,Short,1916.105,1916.6,-0.9899999999997817,SL Hit,1916.6,2,22.450000000005957,10.0,0.49499999999989086,-0.9049999999999727
2023-09-25 17:10:00,2023-09-25 17:20:00,Long,1917.095,1915.7,-2.7899999999999636,SL Hit,1915.7,2,19.660000000005994,10.0,-1.6949999999999363,0.16499999999996362
2023-09-25 18:05:00,2023-09-25 18:25:00,Short,1916.165,1916.44,-0.5500000000001819,SL Hit,1916.44,2,19.11000000000581,20.0,0.9149999999999636,-0.30500000000006366
2023-09-25 18:40:00,2023-09-25 18:50:00,Short,1915.75,1915.75,0.0,SL Hit,1915.75,1,19.11000000000581,10.0,0.01999999999998181,-1.25
2023-09-25 19:55:00,2023-09-25 22:00:00,Short,1915.615,1915.81,-0.38999999999987267,SL Hit,1915.81,2,18.72000000000594,125.0,0.46499999999991815,-0.9149999999999636
2023-09-25 22:45:00,2023-09-25 23:45:00,Short,1916.3499999999997,1916.54,-0.5700000000008458,SL Hit,1916.54,3,18.150000000005093,60.0,0.2600000000002183,-1.0499999999997272
2023-09-25 23:55:00,2023-09-26 00:10:00,Long,1915.4,1915.4,0.0,SL Hit,1915.4,2,18.150000000005093,15.0,-0.10000000000013642,0.9699999999997999
2023-09-26 00:15:00,2023-09-26 04:25:00,Short,1914.4685714285713,1913.78,4.819999999999254,SL Hit,1913.78,7,22.970000000004347,250.0,1.6514285714285961,-1.7385714285712766
2023-09-26 08:25:00,2023-09-26 08:35:00,Long,1915.21,1914.9650000000001,-0.24499999999989086,SL Hit,1914.9650000000001,1,22.725000000004457,10.0,-1.1400000000001,0.2999999999999545
2023-09-26 09:15:00,2023-09-26 09:30:00,Short,1912.94,1912.94,0.0,SL Hit,1912.94,1,22.725000000004457,15.0,0.10999999999989996,-1.1400000000001
2023-09-26 13:15:00,2023-09-26 14:00:00,Short,1906.5,1907.15,-1.300000000000182,SL Hit,1907.15,2,21.425000000004275,45.0,2.5599999999999454,-1.8900000000001
2023-09-26 14:25:00,2023-09-26 14:50:00,Long,1907.93,1905.7599999999998,-2.1700000000003,SL Hit,1905.7599999999998,1,19.255000000003974,25.0,-2.1800000000000637,0.5099999999999909
2023-09-26 18:20:00,2023-09-26 19:10:00,Short,1899.7699999999998,1900.06,-0.870000000000573,SL Hit,1900.06,3,18.3850000000034,50.0,1.0100000000002183,-1.069999999999709
2023-09-26 20:35:00,2023-09-26 20:40:00,Short,1900.44,1900.44,0.0,SL Hit,1900.44,1,18.3850000000034,5.0,-0.0,-1.0399999999999636
2023-09-26 20:45:00,2023-09-26 22:00:00,Short,1900.3,1900.6500000000005,-0.35000000000059117,SL Hit,1900.6500000000005,1,18.03500000000281,75.0,0.38000000000010914,-0.7999999999999545
2023-09-26 23:35:00,2023-09-26 23:40:00,Long,1901.29,1901.29,0.0,SL Hit,1901.29,1,18.03500000000281,5.0,-0.38999999999987267,0.5900000000001455
2023-09-27 00:40:00,2023-09-27 01:30:00,Short,1901.27,1901.7250000000004,-0.455000000000382,SL Hit,1901.7250000000004,1,17.58000000000243,50.0,2.1900000000000546,-1.8699999999998909
2023-09-27 03:20:00,2023-09-27 06:05:00,Short,1898.8225,1898.31,2.050000000000182,SL Hit,1898.31,4,19.63000000000261,165.0,1.9974999999999454,-3.4224999999999
2023-09-27 10:10:00,2023-09-27 10:20:00,Short,1895.15,1895.15,0.0,SL Hit,1895.15,1,19.63000000000261,10.0,0.4800000000000182,-0.5600000000001728
2023-09-27 11:10:00,2023-09-27 11:40:00,Short,1893.345,1893.96,-1.2300000000000182,SL Hit,1893.96,2,18.400000000002592,30.0,0.6749999999999545,-0.8849999999999909
2023-09-27 14:55:00,2023-09-27 18:30:00,Short,1878.5880000000002,1875.16,17.140000000000555,SL Hit,1875.16,5,35.54000000000315,215.0,6.771999999999707,-6.788000000000238
2023-09-27 22:05:00,2023-09-28 00:20:00,Long,1877.015,1876.1,-3.660000000000764,SL Hit,1876.1,4,31.880000000002383,135.0,-1.7150000000001455,0.7549999999998818
2023-09-28 01:00:00,2023-09-28 02:30:00,Short,1875.36,1874.49,3.4799999999995634,SL Hit,1874.49,4,35.360000000001946,90.0,1.9400000000000546,-2.229999999999791
2023-09-28 02:35:00,2023-09-28 03:00:00,Long,1874.21,1874.21,0.0,SL Hit,1874.21,1,35.360000000001946,25.0,-0.41000000000008185,0.8299999999999272
2023-09-28 04:05:00,2023-09-28 04:35:00,Short,1874.4,1874.435,-0.03499999999985448,SL Hit,1874.435,1,35.32500000000209,30.0,0.25,-1.1000000000001364
2023-09-28 05:10:00,2023-09-28 06:15:00,Long,1876.085,1875.93,-0.6199999999998909,SL Hit,1875.93,4,34.7050000000022,65.0,-1.525000000000091,1.3350000000000364
2023-09-28 11:20:00,2023-09-28 11:35:00,Long,1875.54,1874.9449999999997,-0.5950000000002547,SL Hit,1874.9449999999997,1,34.110000000001946,15.0,-0.8599999999999,0.5
2023-09-28 12:15:00,2023-09-28 12:20:00,Long,1876.71,1876.5350000000003,-0.17499999999972715,SL Hit,1876.5350000000003,1,33.93500000000222,5.0,-0.8500000000001364,1.0699999999999363
2023-09-28 12:35:00,2023-09-28 13:35:00,Short,1876.3933333333334,1876.41,-0.049999999999954525,SL Hit,1876.41,3,33.885000000002265,60.0,2.7066666666664787,-4.553333333333512
2023-09-28 13:55:00,2023-09-28 14:00:00,Short,1873.11,1873.88,-0.7700000000002092,SL Hit,1873.88,1,33.115000000002055,5.0,1.900000000000091,-0.4699999999997999
2023-09-28 16:35:00,2023-09-28 16:50:00,Long,1865.35,1863.7400000000007,-1.6099999999992178,SL Hit,1863.7400000000007,1,31.505000000002838,15.0,-2.25,0.3300000000001546
2023-09-28 18:50:00,2023-09-28 20:15:00,Long,1866.08,1866.4,1.6000000000008185,SL Hit,1866.4,5,33.105000000003656,85.0,-1.5299999999999727,1.1400000000001
2023-09-28 20:35:00,2023-09-28 22:05:00,Short,1865.39,1865.22,0.3400000000001455,SL Hit,1865.22,2,33.4450000000038,90.0,0.7400000000000091,-1.290000000000191
2023-09-28 22:40:00,2023-09-28 23:10:00,Short,1864.74,1864.74,0.0,SL Hit,1864.74,1,33.4450000000038,30.0,0.2300000000000182,-1.740000000000009
2023-09-29 00:35:00,2023-09-29 02:00:00,Short,1866.23,1866.21,0.03999999999996362,SL Hit,1866.21,2,33.485000000003765,85.0,0.38999999999987267,-1.7200000000000273
2023-09-29 02:25:00,2023-09-29 02:35:00,Long,1865.39,1865.1799999999994,-0.2100000000007185,SL Hit,1865.1799999999994,1,33.27500000000305,10.0,-0.4900000000000091,0.8399999999999181
2023-09-29 02:55:00,2023-09-29 04:25:00,Short,1864.455,1864.43,0.04999999999972715,SL Hit,1864.43,2,33.325000000002774,90.0,0.6950000000001637,-1.5950000000000273
2023-09-29 09:00:00,2023-09-29 09:30:00,Short,1871.3766666666668,1872.12,-2.229999999999336,SL Hit,1872.12,3,31.095000000003438,30.0,0.783333333333303,-0.4566666666667061
2023-09-29 09:35:00,2023-09-29 10:55:00,Long,1872.5033333333333,1872.46,-0.12999999999988177,SL Hit,1872.46,3,30.965000000003556,80.0,-0.7533333333333303,1.0166666666666515
2023-09-29 12:55:00,2023-09-29 13:50:00,Long,1873.14,1870.69,-2.4500000000000455,SL Hit,1870.69,1,28.51500000000351,55.0,-3.130000000000109,6.089999999999918
2023-09-29 16:35:00,2023-09-29 16:45:00,Long,1855.12,1854.4900000000005,-0.629999999999427,SL Hit,1854.4900000000005,1,27.885000000004084,10.0,-1.349999999999909,1.050000000000182
2023-09-29 18:05:00,2023-10-01 19:00:00,Short,1850.07,1850.04,0.08999999999991815,SL Hit,1850.04,3,27.975000000004002,2935.0,0.5900000000001455,-4.169999999999845
2023-10-02 03:15:00,2023-10-02 03:25:00,Short,1843.98,1843.98,0.0,SL Hit,1843.98,1,27.975000000004002,10.0,0.05999999999994543,-0.7799999999999727
2023-10-02 04:05:00,2023-10-02 04:10:00,Short,1843.14,1843.7349999999997,-0.5949999999995725,SL Hit,1843.7349999999997,1,27.38000000000443,5.0,0.8199999999999363,-0.3100000000001728
2023-10-02 05:30:00,2023-10-02 06:20:00,Short,1841.8366666666668,1842.23,-1.179999999999609,SL Hit,1842.23,3,26.20000000000482,50.0,1.0133333333330938,-2.4666666666669244
2023-10-02 10:15:00,2023-10-02 10:30:00,Long,1834.45,1833.8899999999999,-0.5600000000001728,SL Hit,1833.8899999999999,1,25.640000000004648,15.0,-0.7400000000000091,1.5499999999999545
2023-10-02 10:35:00,2023-10-02 10:50:00,Long,1834.195,1833.71,-0.9699999999997999,SL Hit,1833.71,2,24.670000000004848,15.0,-0.5950000000000273,1.6950000000001637
2023-10-02 10:55:00,2023-10-02 11:00:00,Short,1834.21,1834.21,0.0,SL Hit,1834.21,1,24.670000000004848,5.0,-0.0,-1.3600000000001273
2023-10-02 11:30:00,2023-10-02 12:15:00,Long,1835.815,1836.65,1.6700000000000728,SL Hit,1836.65,2,26.34000000000492,45.0,-1.3150000000000546,2.2649999999998727
2023-10-02 12:25:00,2023-10-02 13:05:00,Short,1836.4899999999998,1836.77,-0.8400000000006003,SL Hit,1836.77,3,25.50000000000432,40.0,1.9200000000003001,-2.2199999999998
2023-10-02 14:10:00,2023-10-02 15:20:00,Short,1831.5,1832.53,-2.0599999999999454,SL Hit,1832.53,2,23.440000000004375,70.0,2.509999999999991,-4.2000000000000455
2023-10-02 20:15:00,2023-10-02 22:00:00,Short,1828.3400000000001,1828.16,0.36000000000012733,SL Hit,1828.16,2,23.800000000004502,105.0,0.7299999999997908,-1.4400000000000546
2023-10-02 22:40:00,2023-10-02 22:45:00,Short,1827.82,1827.8899999999999,-0.06999999999993634,SL Hit,1827.8899999999999,1,23.730000000004566,5.0,0.43000000000006366,-0.9199999999998454
2023-10-02 23:05:00,2023-10-03 03:35:00,Short,1822.2785714285712,1818.39,27.21999999999798,SL Hit,1818.39,7,50.95000000000255,270.0,4.641428571428833,-7.578571428571195
2023-10-03 04:55:00,2023-10-03 06:05:00,Short,1820.75,1821.2750000000003,-0.5250000000003183,SL Hit,1821.2750000000003,1,50.42500000000223,70.0,1.3099999999999454,-2.5699999999999363
2023-10-03 06:10:00,2023-10-03 06:20:00,Long,1821.77,1820.3349999999996,-1.4350000000004002,SL Hit,1820.3349999999996,1,48.99000000000183,10.0,-1.4600000000000364,1.3900000000001
2023-10-03 06:25:00,2023-10-03 09:55:00,Long,1823.7940000000003,1825.77,9.87999999999829,SL Hit,1825.77,5,58.87000000000012,210.0,-3.11400000000026,5.13599999999974
2023-10-03 11:45:00,2023-10-03 11:50:00,Short,1825.93,1828.2749999999996,-2.3449999999995725,Bullish Trade Reversal,1828.2749999999996,1,56.525000000000546,5.0,1.1799999999998363,-0.8300000000001546
2023-10-03 11:50:00,2023-10-03 11:55:00,Long,1825.73,1823.5949999999996,-2.1350000000004457,Bearish Trade Reversal,1823.5949999999996,1,54.3900000000001,5.0,-0.6100000000001273,1.3799999999998818
2023-10-03 11:55:00,2023-10-03 12:10:00,Short,1826.42,1827.11,-1.3799999999996544,SL Hit,1827.11,2,53.010000000000446,15.0,0.9399999999998272,-1.3200000000001637
2023-10-03 12:15:00,2023-10-03 12:20:00,Long,1826.98,1826.91,-0.06999999999993634,SL Hit,1826.91,1,52.94000000000051,5.0,-0.4700000000000273,2.4400000000000546
2023-10-03 12:50:00,2023-10-03 13:35:00,Short,1825.3700000000001,1826.61,-3.719999999999345,SL Hit,1826.61,3,49.220000000001164,45.0,1.349999999999909,-1.7200000000000273
2023-10-03 14:40:00,2023-10-03 14:50:00,Long,1830.08,1827.385,-2.6949999999999363,SL Hit,1827.385,1,46.52500000000123,10.0,-4.919999999999845,1.6400000000001
2023-10-03 22:05:00,2023-10-03 22:10:00,Short,1823.71,1823.745,-0.03499999999985448,SL Hit,1823.745,1,46.49000000000137,5.0,0.10999999999989996,-0.8099999999999454
2023-10-04 02:30:00,2023-10-04 02:55:00,Short,1821.57,1821.57,0.0,SL Hit,1821.57,1,46.49000000000137,25.0,0.03999999999996362,-2.269999999999982
2023-10-04 12:05:00,2023-10-04 12:10:00,Short,1824.67,1824.9849999999997,-0.3149999999995998,SL Hit,1824.9849999999997,1,46.17500000000177,5.0,0.9199999999998454,-1.2699999999999818
2023-10-04 14:55:00,2023-10-04 15:00:00,Short,1818.78,1819.0249999999996,-0.2449999999996635,SL Hit,1819.0249999999996,1,45.93000000000211,5.0,2.4200000000000728,-0.9700000000000273
2023-10-04 16:35:00,2023-10-04 16:40:00,Short,1822.44,1822.44,0.0,SL Hit,1822.44,1,45.93000000000211,5.0,0.31999999999993634,-1.0599999999999454
2023-10-04 22:40:00,2023-10-04 23:05:00,Short,1821.94,1822.5699999999995,-0.629999999999427,SL Hit,1822.5699999999995,1,45.30000000000268,25.0,0.6799999999998363,-0.7400000000000091
2023-10-05 00:05:00,2023-10-05 00:10:00,Short,1823.14,1823.14,0.0,SL Hit,1823.14,1,45.30000000000268,5.0,0.07999999999992724,-0.6900000000000546
2023-10-05 06:45:00,2023-10-05 09:35:00,Short,1822.0149999999999,1822.33,-1.2600000000002183,SL Hit,1822.33,4,44.040000000002465,170.0,1.8250000000000455,-2.9149999999999636
2023-10-05 09:40:00,2023-10-05 11:00:00,Long,1822.6133333333335,1822.53,-0.25000000000045475,SL Hit,1822.53,3,43.79000000000201,80.0,-1.923333333333403,1.186666666666497
2023-10-05 16:30:00,2023-10-05 16:40:00,Long,1817.59,1817.59,0.0,SL Hit,1817.59,1,43.79000000000201,10.0,-0.2300000000000182,0.6700000000000728
2023-10-05 17:35:00,2023-10-05 17:40:00,Long,1818.05,1817.875,-0.17499999999995453,SL Hit,1817.875,1,43.615000000002055,5.0,-0.25,0.8800000000001091
2023-10-05 18:10:00,2023-10-05 20:50:00,Long,1819.7750000000003,1819.55,-1.3500000000021828,SL Hit,1819.55,6,42.26499999999987,160.0,-1.0150000000003274,1.0149999999996453
2023-10-06 01:10:00,2023-10-06 01:30:00,Short,1820.2,1820.7599999999995,-0.5599999999994907,SL Hit,1820.7599999999995,1,41.70500000000038,20.0,1.4500000000000455,-0.7999999999999545
2023-10-06 04:45:00,2023-10-06 07:10:00,Short,1821.1733333333334,1819.74,4.300000000000182,SL Hit,1819.74,3,46.005000000000564,145.0,2.336666666666588,-2.583333333333485
2023-10-06 07:20:00,2023-10-06 08:20:00,Long,1819.676666666667,1819.69,0.0399999999992815,SL Hit,1819.69,3,46.044999999999845,60.0,-0.8866666666669971,1.9333333333329392
2023-10-06 12:10:00,2023-10-06 13:20:00,Short,1820.34,1821.46,-2.2400000000002365,SL Hit,1821.46,2,43.80499999999961,70.0,2.8600000000001273,-9.599999999999909
2023-10-06 14:15:00,2023-10-06 14:50:00,Long,1824.41,1824.41,0.0,SL Hit,1824.41,1,43.80499999999961,35.0,-0.3400000000001455,6.639999999999873
2023-10-06 17:35:00,2023-10-06 17:40:00,Long,1830.67,1830.565,-0.10500000000001819,SL Hit,1830.565,1,43.69999999999959,5.0,-0.17000000000007276,0.6299999999998818
2023-10-09 02:00:00,2023-10-09 03:35:00,Long,1848.695,1848.7,0.010000000000218279,SL Hit,1848.7,2,43.70999999999981,95.0,-0.3949999999999818,3.5850000000000364
2023-10-09 05:45:00,2023-10-09 06:05:00,Short,1851.575,1852.27,-1.3899999999998727,SL Hit,1852.27,2,42.319999999999936,20.0,0.7649999999998727,-0.7050000000001546
2023-10-09 06:55:00,2023-10-09 07:35:00,Short,1850.55,1850.585,-0.035000000000081855,SL Hit,1850.585,1,42.284999999999854,40.0,1.990000000000009,-2.2799999999999727
2023-10-09 15:15:00,2023-10-09 15:25:00,Long,1852.41,1851.1149999999998,-1.2950000000003001,SL Hit,1851.1149999999998,1,40.989999999999554,10.0,-1.3100000000001728,0.5299999999999727
2023-10-09 15:45:00,2023-10-09 15:55:00,Long,1852.78,1852.0449999999998,-0.7350000000001273,SL Hit,1852.0449999999998,1,40.25499999999943,10.0,-1.5799999999999272,0.19000000000005457
2023-10-09 17:10:00,2023-10-09 22:05:00,Long,1854.6933333333334,1860.4,34.24000000000024,SL Hit,1860.4,6,74.49499999999966,295.0,-4.563333333333276,8.696666666666715
2023-10-09 22:10:00,2023-10-09 22:15:00,Short,1860.94,1860.94,0.0,SL Hit,1860.94,1,74.49499999999966,5.0,0.01999999999998181,-0.8400000000001455
2023-10-09 23:25:00,2023-10-09 23:30:00,Short,1861.09,1861.5450000000003,-0.455000000000382,SL Hit,1861.5450000000003,1,74.03999999999928,5.0,0.540000000000191,-0.5899999999999181
2023-10-10 01:20:00,2023-10-10 01:50:00,Long,1864.43,1863.3099999999995,-1.120000000000573,SL Hit,1863.3099999999995,1,72.91999999999871,30.0,-1.150000000000091,0.5799999999999272
2023-10-10 04:10:00,2023-10-10 07:40:00,Short,1859.9060000000002,1857.54,11.830000000001064,SL Hit,1857.54,5,84.74999999999977,210.0,2.313999999999851,-4.716000000000122
2023-10-10 08:10:00,2023-10-10 08:15:00,Long,1856.18,1852.0499999999997,-4.1300000000003365,Bearish Trade Reversal,1852.0499999999997,1,80.61999999999944,5.0,-1.1800000000000637,2.0
2023-10-10 08:15:00,2023-10-10 08:30:00,Short,1856.435,1858.18,-3.4900000000002365,SL Hit,1858.18,2,77.1299999999992,15.0,2.1950000000001637,-0.5249999999998636
2023-10-10 08:45:00,2023-10-10 09:15:00,Long,1858.69,1857.76,-1.8600000000001273,SL Hit,1857.76,2,75.26999999999907,30.0,-0.9600000000000364,0.8799999999998818
2023-10-10 09:20:00,2023-10-10 09:25:00,Short,1858.27,1858.9700000000003,-0.7000000000002728,SL Hit,1858.9700000000003,1,74.5699999999988,5.0,1.2799999999999727,-0.2999999999999545
2023-10-10 09:45:00,2023-10-10 09:50:00,Short,1858.23,1858.23,0.0,SL Hit,1858.23,1,74.5699999999988,5.0,0.8299999999999272,-0.6300000000001091
2023-10-10 11:00:00,2023-10-10 11:15:00,Short,1856.61,1856.61,0.0,SL Hit,1856.61,1,74.5699999999988,15.0,-0.0,-1.4799999999997908
2023-10-10 12:40:00,2023-10-10 13:15:00,Short,1854.8000000000002,1856.19,-2.7799999999997453,SL Hit,1856.19,2,71.78999999999905,35.0,1.8799999999998818,-1.4100000000000819
2023-10-10 14:05:00,2023-10-10 14:35:00,Long,1857.19,1856.2,-1.9800000000000182,SL Hit,1856.2,2,69.80999999999904,30.0,-1.6100000000001273,1.3699999999998909
2023-10-10 15:25:00,2023-10-10 16:15:00,Long,1859.256666666667,1859.02,-0.7100000000007185,SL Hit,1859.02,3,69.09999999999832,50.0,-2.5666666666668334,2.983333333333121
2023-10-10 16:20:00,2023-10-10 16:25:00,Short,1859.57,1859.745,-0.17499999999995453,SL Hit,1859.745,1,68.92499999999836,5.0,0.4900000000000091,-1.0199999999999818
2023-10-10 17:30:00,2023-10-10 18:25:00,Short,1859.83,1859.89,-0.12000000000034561,SL Hit,1859.89,2,68.80499999999802,55.0,1.800000000000182,-1.6599999999998545
2023-10-10 19:35:00,2023-10-10 19:40:00,Long,1859.73,1859.73,0.0,SL Hit,1859.73,1,68.80499999999802,5.0,-0.009999999999990905,0.31999999999993634
2023-10-10 22:15:00,2023-10-10 23:20:00,Short,1860.32,1860.6350000000004,-0.3150000000005093,SL Hit,1860.6350000000004,1,68.48999999999751,65.0,0.3200000000001637,-1.5199999999999818
2023-10-10 23:55:00,2023-10-11 00:00:00,Short,1860.09,1860.09,0.0,SL Hit,1860.09,1,68.48999999999751,5.0,0.09000000000014552,-0.459999999999809
2023-10-11 01:15:00,2023-10-11 01:50:00,Short,1861.24,1861.72,-0.9600000000000364,SL Hit,1861.72,2,67.52999999999747,35.0,0.5099999999999909,-0.9500000000000455
2023-10-11 01:55:00,2023-10-11 03:05:00,Long,1861.1275,1861.0,-0.5100000000002183,SL Hit,1861.0,4,67.01999999999725,70.0,-1.3475000000000819,0.7925000000000182
2023-10-11 03:35:00,2023-10-11 05:10:00,Short,1859.905,1860.08,-0.6999999999998181,SL Hit,1860.08,4,66.31999999999744,95.0,0.9349999999999454,-0.7049999999999272
2023-10-11 05:25:00,2023-10-11 05:40:00,Long,1859.81,1859.28,-1.0599999999999454,SL Hit,1859.28,2,65.25999999999749,15.0,-0.9700000000000273,0.7100000000000364
2023-10-11 06:20:00,2023-10-11 06:25:00,Long,1860.18,1860.18,0.0,SL Hit,1860.18,1,65.25999999999749,5.0,-0.11000000000012733,0.4700000000000273
2023-10-11 09:55:00,2023-10-11 10:00:00,Short,1870.73,1871.1849999999995,-0.4549999999994725,Bullish Trade Reversal,1871.1849999999995,1,64.80499999999802,5.0,0.12999999999988177,-0.6700000000000728
2023-10-11 10:00:00,2023-10-11 11:40:00,Long,1870.9433333333334,1871.4,1.3700000000001182,SL Hit,1871.4,3,66.17499999999814,100.0,-0.933333333333394,3.6466666666665333
2023-10-11 11:45:00,2023-10-11 12:00:00,Short,1871.8,1871.8,0.0,SL Hit,1871.8,1,66.17499999999814,15.0,0.4500000000000455,-0.8399999999999181
2023-10-11 13:40:00,2023-10-11 13:55:00,Short,1870.04,1871.3350000000005,-1.2950000000005275,SL Hit,1871.3350000000005,1,64.87999999999761,15.0,2.160000000000082,-1.6700000000000728
2023-10-11 15:15:00,2023-10-11 15:25:00,Short,1870.36,1871.7250000000004,-1.3650000000004638,SL Hit,1871.7250000000004,1,63.514999999997144,10.0,1.800000000000182,-0.7799999999999727
2023-10-11 17:30:00,2023-10-11 18:00:00,Short,1872.96,1872.96,0.0,SL Hit,1872.96,1,63.514999999997144,30.0,0.08999999999991815,-2.1000000000001364
2023-10-11 23:40:00,2023-10-11 23:45:00,Long,1875.03,1874.89,-0.13999999999987267,SL Hit,1874.89,1,63.37499999999727,5.0,-0.5299999999999727,0.37000000000011823
2023-10-12 00:15:00,2023-10-12 00:25:00,Long,1875.0900000000001,1874.72,-0.7400000000002365,SL Hit,1874.72,2,62.634999999997035,10.0,-0.39000000000010004,0.5299999999997453
2023-10-12 01:20:00,2023-10-12 02:20:00,Long,1876.32,1876.32,0.0,SL Hit,1876.32,1,62.634999999997035,60.0,-0.31999999999993634,2.259999999999991
2023-10-12 02:50:00,2023-10-12 02:55:00,Short,1876.58,1876.8600000000006,-0.28000000000065484,SL Hit,1876.8600000000006,1,62.35499999999638,5.0,0.37000000000011823,-0.7799999999999727
2023-10-12 03:40:00,2023-10-12 03:55:00,Long,1877.4850000000001,1877.12,-0.7300000000004729,SL Hit,1877.12,2,61.62499999999591,15.0,-0.6250000000002274,0.3549999999997908
2023-10-12 04:00:00,2023-10-12 04:05:00,Short,1877.38,1877.6949999999997,-0.3149999999995998,SL Hit,1877.6949999999997,1,61.30999999999631,5.0,0.33999999999991815,-0.5800000000001546
2023-10-12 06:35:00,2023-10-12 07:50:00,Long,1880.8500000000001,1879.94,-2.7300000000002456,SL Hit,1879.94,3,58.57999999999606,75.0,-1.6900000000000546,1.709999999999809
2023-10-12 09:30:00,2023-10-12 12:05:00,Long,1882.1657142857143,1882.97,5.629999999999882,SL Hit,1882.97,7,64.20999999999594,155.0,-1.9657142857142844,2.1742857142855883
2023-10-12 12:10:00,2023-10-12 12:20:00,Short,1883.45,1883.45,0.0,SL Hit,1883.45,1,64.20999999999594,10.0,0.34999999999990905,-1.3500000000001364
2023-10-12 12:30:00,2023-10-12 16:00:00,Short,1875.9862500000002,1872.95,24.290000000000873,SL Hit,1872.95,8,88.49999999999682,210.0,7.483749999999873,-5.036250000000109
2023-10-12 23:25:00,2023-10-13 00:35:00,Long,1871.0575,1870.5,-2.2299999999995634,SL Hit,1870.5,4,86.26999999999725,70.0,-1.0574999999998909,1.0625
2023-10-13 01:15:00,2023-10-13 01:35:00,Long,1871.92,1871.78,-0.2800000000002001,SL Hit,1871.78,2,85.98999999999705,20.0,-0.3000000000001819,0.9800000000000182
2023-10-13 01:45:00,2023-10-13 02:05:00,Short,1872.04,1872.2499999999998,-0.209999999999809,SL Hit,1872.2499999999998,1,85.77999999999724,20.0,0.5499999999999545,-1.0399999999999636
2023-10-13 02:40:00,2023-10-13 03:25:00,Long,1872.7,1872.9,0.6000000000001364,SL Hit,1872.9,3,86.37999999999738,45.0,-0.2999999999999545,1.1599999999998545
2023-10-13 03:30:00,2023-10-13 04:00:00,Short,1873.475,1873.75,-0.5500000000001819,SL Hit,1873.75,2,85.8299999999972,30.0,0.4350000000001728,-0.6749999999999545
2023-10-13 04:05:00,2023-10-13 06:00:00,Long,1875.3025,1876.2,3.5900000000001455,SL Hit,1876.2,4,89.41999999999734,115.0,-1.6825000000001182,2.6275000000000546
2023-10-13 07:05:00,2023-10-13 09:05:00,Long,1881.234,1883.28,10.230000000000246,SL Hit,1883.28,5,99.64999999999759,120.0,-4.293999999999869,3.4860000000001037
2023-10-13 10:40:00,2023-10-13 10:55:00,Long,1888.32,1888.32,0.0,SL Hit,1888.32,1,99.64999999999759,15.0,-0.6799999999998363,1.5499999999999545
2023-10-13 12:25:00,2023-10-13 13:40:00,Long,1906.3533333333335,1905.94,-1.2400000000002365,SL Hit,1905.94,3,98.40999999999735,75.0,-7.64333333333343,11.61666666666656
2023-10-13 18:00:00,2023-10-13 18:35:00,Long,1929.075,1928.27,-1.6100000000001273,SL Hit,1928.27,2,96.79999999999723,35.0,-1.1849999999999454,1.4149999999999636
2023-10-13 18:45:00,2023-10-13 19:50:00,Short,1928.0033333333333,1928.54,-1.6099999999999,SL Hit,1928.54,3,95.18999999999733,65.0,0.8266666666665969,-0.5033333333333303
2023-10-16 01:45:00,2023-10-16 02:35:00,Short,1921.3533333333335,1921.22,0.4000000000003183,SL Hit,1921.22,3,95.58999999999764,50.0,0.38666666666654237,-1.8533333333334667
2023-10-16 03:25:00,2023-10-16 03:30:00,Short,1919.18,1919.18,0.0,SL Hit,1919.18,1,95.58999999999764,5.0,0.16999999999984539,-0.5199999999999818
2023-10-16 05:20:00,2023-10-16 08:00:00,Short,1915.6680000000001,1912.07,17.99000000000092,SL Hit,1912.07,5,113.57999999999856,160.0,4.201999999999771,-7.238000000000056
2023-10-16 10:10:00,2023-10-16 11:20:00,Long,1916.53,1915.5,-3.089999999999918,SL Hit,1915.5,3,110.48999999999864,70.0,-1.849999999999909,1.6000000000001364
2023-10-16 11:25:00,2023-10-16 12:15:00,Short,1916.04,1917.79,-1.75,SL Hit,1917.79,1,108.73999999999864,50.0,1.7999999999999545,-1.3399999999999181
2023-10-16 12:50:00,2023-10-16 13:25:00,Long,1918.325,1916.6,-3.450000000000273,SL Hit,1916.6,2,105.28999999999837,35.0,-1.884999999999991,0.6949999999999363
2023-10-16 13:30:00,2023-10-16 13:45:00,Short,1917.39,1918.5449999999998,-1.1549999999997453,SL Hit,1918.5449999999998,1,104.13499999999863,15.0,3.709999999999809,-2.810000000000173
2023-10-16 15:55:00,2023-10-16 17:00:00,Short,1921.685,1922.07,-0.7699999999999818,SL Hit,1922.07,2,103.36499999999864,65.0,0.9450000000001637,-2.0850000000000364
2023-10-16 18:35:00,2023-10-16 18:40:00,Short,1919.3,1919.3,0.0,SL Hit,1919.3,1,103.36499999999864,5.0,0.06999999999993634,-0.4600000000000364
2023-10-16 18:55:00,2023-10-16 19:00:00,Short,1919.09,1919.09,0.0,SL Hit,1919.09,1,103.36499999999864,5.0,0.07000000000016371,-0.6099999999999
2023-10-16 19:15:00,2023-10-16 19:20:00,Short,1919.32,1919.7050000000004,-0.38500000000044565,SL Hit,1919.7050000000004,1,102.9799999999982,5.0,0.5600000000001728,-0.4399999999998272
2023-10-17 05:40:00,2023-10-17 05:50:00,Short,1915.31,1916.3949999999998,-1.084999999999809,SL Hit,1916.3949999999998,1,101.89499999999839,10.0,1.3200000000001637,-0.4099999999998545
2023-10-17 07:05:00,2023-10-17 07:35:00,Long,1917.76,1917.585,-0.17499999999995453,SL Hit,1917.585,1,101.71999999999844,30.0,-0.35999999999989996,2.3900000000001
2023-10-17 10:00:00,2023-10-17 11:00:00,Long,1924.4166666666667,1923.15,-3.7999999999999545,SL Hit,1923.15,3,97.91999999999848,60.0,-1.8766666666667788,1.9333333333331666
2023-10-17 16:20:00,2023-10-17 18:55:00,Short,1922.4425,1920.91,6.130000000000109,SL Hit,1920.91,4,104.04999999999859,155.0,2.707499999999982,-3.6425000000001546
2023-10-18 00:45:00,2023-10-18 00:55:00,Short,1927.79,1927.9299999999998,-0.13999999999987267,Bullish Trade Reversal,1927.9299999999998,1,103.90999999999872,10.0,0.22000000000002728,-1.2899999999999636
2023-10-18 00:55:00,2023-10-18 02:55:00,Long,1932.46,1937.92,10.920000000000073,SL Hit,1937.92,2,114.82999999999879,120.0,-5.440000000000055,9.920000000000073
2023-10-18 08:10:00,2023-10-18 09:00:00,Long,1937.9666666666665,1938.0,0.10000000000059117,SL Hit,1938.0,3,114.92999999999938,50.0,-1.2666666666664241,1.6933333333336122
2023-10-18 09:15:00,2023-10-18 10:05:00,Long,1941.44,1943.0,3.119999999999891,SL Hit,1943.0,2,118.04999999999927,50.0,-2.5900000000001455,4.399999999999864
2023-10-18 10:10:00,2023-10-18 10:30:00,Short,1943.435,1943.9,-0.930000000000291,SL Hit,1943.9,2,117.11999999999898,20.0,0.9049999999999727,-0.44499999999993634
2023-10-18 10:50:00,2023-10-18 11:45:00,Long,1945.22,1944.88,-1.0199999999997544,SL Hit,1944.88,3,116.09999999999923,55.0,-1.3399999999999181,2.019999999999982
2023-10-18 13:20:00,2023-10-18 14:45:00,Long,1948.73,1948.3099999999995,-0.4200000000005275,SL Hit,1948.3099999999995,1,115.6799999999987,85.0,-5.009999999999991,13.680000000000064
2023-10-18 16:05:00,2023-10-18 20:00:00,Long,1949.2375,1949.03,-0.8299999999999272,SL Hit,1949.03,4,114.84999999999877,235.0,-4.377500000000055,7.212500000000091
2023-10-18 20:40:00,2023-10-18 22:05:00,Short,1948.645,1949.69,-2.0900000000001455,SL Hit,1949.69,2,112.75999999999863,85.0,1.2149999999999181,-1.7449999999998909
2023-10-18 22:10:00,2023-10-18 22:20:00,Short,1950.18,1950.5999999999997,-0.419999999999618,SL Hit,1950.5999999999997,1,112.33999999999901,10.0,0.6099999999999,-0.9200000000000728
2023-10-18 22:45:00,2023-10-18 23:05:00,Short,1950.17,1950.17,0.0,SL Hit,1950.17,1,112.33999999999901,20.0,0.6699999999998454,-0.7300000000000182
2023-10-18 23:10:00,2023-10-18 23:20:00,Long,1949.5,1949.5,0.0,SL Hit,1949.5,1,112.33999999999901,10.0,0.0,1.75
2023-10-19 05:50:00,2023-10-19 06:20:00,Short,1947.03,1947.6950000000002,-0.665000000000191,SL Hit,1947.6950000000002,1,111.67499999999882,30.0,1.0799999999999272,-1.7300000000000182
2023-10-19 07:05:00,2023-10-19 07:10:00,Long,1948.26,1948.26,0.0,SL Hit,1948.26,1,111.67499999999882,5.0,-0.10999999999989996,1.490000000000009
2023-10-19 10:50:00,2023-10-19 10:55:00,Long,1950.87,1950.87,0.0,SL Hit,1950.87,1,111.67499999999882,5.0,0.0,0.4800000000000182
2023-10-19 17:55:00,2023-10-19 19:50:00,Long,1974.396,1975.9,7.520000000000664,SL Hit,1975.9,5,119.19499999999948,115.0,-3.7259999999998854,3.183999999999969
2023-10-19 19:55:00,2023-10-19 22:30:00,Short,1974.885,1974.61,0.5500000000001819,SL Hit,1974.61,2,119.74499999999966,155.0,1.6849999999999454,-2.6849999999999454
2023-10-19 22:40:00,2023-10-19 23:00:00,Long,1973.92,1972.6599999999996,-1.2600000000004457,SL Hit,1972.6599999999996,1,118.48499999999922,20.0,-1.3300000000001546,2.3899999999998727
2023-10-20 04:40:00,2023-10-20 04:45:00,Short,1976.86,1977.0700000000006,-0.2100000000007185,SL Hit,1977.0700000000006,1,118.2749999999985,5.0,0.3000000000001819,-0.22999999999979082
2023-10-20 05:05:00,2023-10-20 05:15:00,Short,1976.55,1977.45,-1.800000000000182,SL Hit,1977.45,2,116.47499999999832,10.0,1.4100000000000819,-0.6299999999998818
2023-10-20 11:35:00,2023-10-20 12:45:00,Short,1979.895,1979.63,0.5299999999997453,SL Hit,1979.63,2,117.00499999999806,70.0,2.894999999999982,-6.345000000000027
2023-10-20 15:55:00,2023-10-20 19:05:00,Short,1983.8559999999998,1981.12,13.679999999999382,SL Hit,1981.12,5,130.68499999999744,190.0,9.084000000000287,-9.165999999999713
2023-10-20 19:10:00,2023-10-20 19:45:00,Long,1981.57,1980.3,-3.8099999999999454,SL Hit,1980.3,3,126.8749999999975,35.0,-1.9800000000000182,0.4700000000000273
2023-10-22 23:30:00,2023-10-23 01:35:00,Short,1971.4800000000002,1967.41,12.210000000000491,SL Hit,1967.41,3,139.084999999998,125.0,4.4699999999998,-6.960000000000264
2023-10-23 06:05:00,2023-10-23 06:40:00,Long,1975.95,1975.8450000000003,-0.10499999999979082,SL Hit,1975.8450000000003,1,138.9799999999982,35.0,-0.7799999999999727,1.3899999999998727
2023-10-23 07:15:00,2023-10-23 07:20:00,Short,1975.69,1975.69,0.0,SL Hit,1975.69,1,138.9799999999982,5.0,0.7999999999999545,-0.6600000000000819
2023-10-23 08:45:00,2023-10-23 08:50:00,Long,1981.23,1981.0200000000002,-0.209999999999809,SL Hit,1981.0200000000002,1,138.7699999999984,5.0,-0.7300000000000182,0.599999999999909
2023-10-23 09:00:00,2023-10-23 09:10:00,Long,1982.2649999999999,1980.5,-3.5299999999997453,SL Hit,1980.5,2,135.23999999999864,10.0,-1.974999999999909,0.4350000000001728
2023-10-23 15:35:00,2023-10-23 16:30:00,Short,1976.95,1978.67,-3.4400000000000546,SL Hit,1978.67,2,131.7999999999986,55.0,2.0499999999999545,-4.0499999999999545
2023-10-23 16:40:00,2023-10-23 16:45:00,Long,1977.12,1976.4550000000004,-0.6649999999995089,SL Hit,1976.4550000000004,1,131.13499999999908,5.0,-0.7199999999997999,0.7700000000002092
2023-10-23 18:45:00,2023-10-23 18:50:00,Long,1977.37,1977.37,0.0,SL Hit,1977.37,1,131.13499999999908,5.0,-0.08999999999991815,0.40000000000009095
2023-10-23 22:05:00,2023-10-23 22:10:00,Long,1973.29,1972.9400000000003,-0.3499999999996817,SL Hit,1972.9400000000003,1,130.7849999999994,5.0,-0.8899999999998727,0.37000000000011823
2023-10-23 22:40:00,2023-10-23 22:45:00,Short,1973.14,1973.1750000000002,-0.035000000000081855,SL Hit,1973.1750000000002,1,130.74999999999932,5.0,0.16999999999984539,-0.09000000000014552
2023-10-23 23:25:00,2023-10-23 23:30:00,Long,1973.35,1973.35,0.0,SL Hit,1973.35,1,130.74999999999932,5.0,-0.8899999999998727,0.22000000000002728
2023-10-23 23:35:00,2023-10-23 23:40:00,Long,1972.34,1968.7,-3.6399999999998727,Bearish Trade Reversal,1968.7,1,127.10999999999945,5.0,-1.0399999999999636,0.19000000000005457
2023-10-23 23:40:00,2023-10-23 23:45:00,Short,1972.53,1972.53,0.0,SL Hit,1972.53,1,127.10999999999945,5.0,0.33999999999991815,-1.0299999999999727
2023-10-23 23:55:00,2023-10-24 00:35:00,Long,1974.21,1973.3,-1.8200000000001637,SL Hit,1973.3,2,125.28999999999928,40.0,-1.1200000000001182,1.5299999999999727
2023-10-24 00:45:00,2023-10-24 01:00:00,Short,1973.94,1973.94,0.0,SL Hit,1973.94,1,125.28999999999928,15.0,1.4299999999998363,-1.5199999999999818
2023-10-24 01:45:00,2023-10-24 02:10:00,Short,1976.5549999999998,1977.26,-1.4100000000003092,SL Hit,1977.26,2,123.87999999999897,25.0,1.0550000000000637,-0.8749999999997726
2023-10-24 04:10:00,2023-10-24 04:50:00,Short,1976.14,1976.5249999999996,-0.38499999999953616,SL Hit,1976.5249999999996,1,123.49499999999944,40.0,1.1899999999998272,-0.790000000000191
2023-10-24 05:30:00,2023-10-24 05:55:00,Short,1975.71,1976.39,-1.3600000000001273,SL Hit,1976.39,2,122.13499999999931,25.0,0.75,-0.9900000000000091
2023-10-24 06:00:00,2023-10-24 07:25:00,Long,1976.7366666666667,1975.8,-2.810000000000173,SL Hit,1975.8,3,119.32499999999914,85.0,-1.5366666666666333,2.2533333333333303
2023-10-24 07:50:00,2023-10-24 11:45:00,Short,1969.0483333333334,1962.65,38.38999999999987,SL Hit,1962.65,6,157.714999999999,235.0,7.061666666666497,-15.148333333333312
2023-10-24 13:30:00,2023-10-24 14:25:00,Short,1963.5700000000002,1965.5,-3.8599999999996726,SL Hit,1965.5,2,153.85499999999934,55.0,1.949999999999818,-3.7500000000002274
2023-10-24 15:10:00,2023-10-24 15:25:00,Short,1962.22,1963.5849999999996,-1.3649999999995543,SL Hit,1963.5849999999996,1,152.48999999999978,15.0,2.410000000000082,-0.8600000000001273
2023-10-24 15:45:00,2023-10-24 18:25:00,Long,1969.1166666666668,1973.3,12.5499999999995,SL Hit,1973.3,3,165.03999999999928,160.0,-3.736666666666679,8.36333333333323
2023-10-24 18:30:00,2023-10-24 20:15:00,Short,1972.8933333333334,1972.71,0.5500000000001819,SL Hit,1972.71,3,165.58999999999946,105.0,1.3866666666665424,-2.3933333333334303
2023-10-24 23:00:00,2023-10-24 23:25:00,Long,1970.5900000000001,1970.29,-0.6000000000003638,SL Hit,1970.29,2,164.9899999999991,25.0,-0.39000000000010004,0.4499999999998181
2023-10-25 01:05:00,2023-10-25 01:10:00,Long,1973.96,1973.96,0.0,SL Hit,1973.96,1,164.9899999999991,5.0,-0.4600000000000364,1.2200000000000273
2023-10-25 03:20:00,2023-10-25 03:55:00,Short,1972.39,1972.6699999999998,-0.27999999999974534,SL Hit,1972.6699999999998,1,164.70999999999935,35.0,0.7199999999997999,-1.540000000000191
2023-10-25 04:35:00,2023-10-25 04:40:00,Long,1974.11,1973.7600000000002,-0.3499999999996817,SL Hit,1973.7600000000002,1,164.35999999999967,5.0,-1.1099999999999,0.09000000000014552
2023-10-25 05:00:00,2023-10-25 05:50:00,Short,1972.415,1972.89,-0.9500000000002728,SL Hit,1972.89,2,163.4099999999994,50.0,0.8550000000000182,-1.5249999999998636
2023-10-25 06:00:00,2023-10-25 06:55:00,Long,1972.77,1971.2999999999997,-1.4700000000002547,Bearish Trade Reversal,1971.2999999999997,1,161.93999999999915,55.0,-1.3299999999999272,3.130000000000109
2023-10-25 06:55:00,2023-10-25 07:05:00,Short,1972.0,1972.8400000000001,-0.8400000000001455,SL Hit,1972.8400000000001,1,161.099999999999,10.0,1.0399999999999636,-1.0
2023-10-25 08:20:00,2023-10-25 09:00:00,Long,1970.64,1970.605,-0.035000000000081855,SL Hit,1970.605,1,161.06499999999892,40.0,-0.6400000000001,3.979999999999791
2023-10-25 09:35:00,2023-10-25 10:15:00,Short,1971.23,1971.76,-1.0599999999999454,SL Hit,1971.76,2,160.00499999999897,40.0,0.8799999999998818,-1.8099999999999454
2023-10-25 11:20:00,2023-10-25 12:25:00,Long,1974.3500000000001,1973.95,-1.2000000000002728,SL Hit,1973.95,3,158.8049999999987,65.0,-1.800000000000182,2.1799999999998363
2023-10-25 13:10:00,2023-10-25 13:20:00,Long,1976.21,1976.1750000000002,-0.03499999999985448,SL Hit,1976.1750000000002,1,158.76999999999884,10.0,-0.6100000000001273,2.009999999999991
2023-10-25 16:30:00,2023-10-25 17:15:00,Short,1980.94,1981.955,-1.0149999999998727,SL Hit,1981.955,1,157.75499999999897,45.0,2.1900000000000546,-4.2999999999999545
2023-10-26 02:10:00,2023-10-26 02:40:00,Long,1985.8233333333335,1984.83,-2.9800000000007003,SL Hit,1984.83,3,154.77499999999827,30.0,-1.333333333333485,0.7066666666664787
2023-10-26 04:50:00,2023-10-26 05:55:00,Long,1987.2350000000001,1985.61,-3.2500000000004547,SL Hit,1985.61,2,151.52499999999782,65.0,-2.0450000000000728,2.1849999999999454
2023-10-26 06:00:00,2023-10-26 06:45:00,Short,1985.35,1986.46,-2.2200000000002547,SL Hit,1986.46,2,149.30499999999756,45.0,1.3200000000001637,-1.25
2023-10-26 07:15:00,2023-10-26 07:20:00,Long,1987.05,1986.98,-0.06999999999993634,SL Hit,1986.98,1,149.23499999999763,5.0,-0.6399999999998727,0.40000000000009095
2023-10-26 07:35:00,2023-10-26 09:20:00,Long,1988.2366666666665,1988.75,1.5400000000006457,SL Hit,1988.75,3,150.77499999999827,105.0,-1.2266666666664605,4.963333333333594
2023-10-26 14:15:00,2023-10-26 14:30:00,Short,1975.72,1975.72,0.0,SL Hit,1975.72,1,150.77499999999827,15.0,0.4600000000000364,-3.6200000000001182
2023-10-26 19:00:00,2023-10-26 19:10:00,Long,1986.46,1985.1,-2.7200000000002547,SL Hit,1985.1,2,148.05499999999802,10.0,-3.7100000000000364,0.35999999999989996
2023-10-27 00:00:00,2023-10-27 00:45:00,Short,1983.6399999999999,1984.0,-0.7200000000002547,SL Hit,1984.0,2,147.33499999999776,45.0,0.9500000000000455,-1.4399999999998272
2023-10-27 01:10:00,2023-10-27 02:55:00,Long,1985.2350000000001,1986.12,3.539999999999054,SL Hit,1986.12,4,150.87499999999682,105.0,-1.4850000000001273,3.494999999999891
2023-10-27 05:10:00,2023-10-27 05:45:00,Short,1987.645,1987.72,-0.15000000000009095,SL Hit,1987.72,2,150.72499999999673,35.0,0.7450000000001182,-1.5450000000000728
2023-10-27 05:50:00,2023-10-27 06:25:00,Long,1987.41,1986.7799999999997,-0.6300000000003365,SL Hit,1986.7799999999997,1,150.0949999999964,35.0,-0.9700000000000273,2.1699999999998454
2023-10-27 06:30:00,2023-10-27 08:05:00,Long,1986.97,1986.1,-3.480000000000473,SL Hit,1986.1,4,146.61499999999592,95.0,-1.2699999999999818,2.0499999999999545
2023-10-27 09:35:00,2023-10-27 11:45:00,Short,1985.2825,1982.44,11.36999999999989,SL Hit,1982.44,4,157.9849999999958,130.0,2.3575000000000728,-5.272500000000036
2023-10-27 14:15:00,2023-10-27 14:25:00,Long,1984.09,1984.09,0.0,SL Hit,1984.09,1,157.9849999999958,10.0,-0.209999999999809,1.3600000000001273
2023-10-27 20:45:00,2023-10-27 20:50:00,Short,2005.47,2005.7499999999998,-0.27999999999974534,SL Hit,2005.7499999999998,1,157.70499999999606,5.0,0.38999999999987267,-1.3700000000001182
2023-10-30 02:55:00,2023-10-30 04:55:00,Short,2002.25,2001.75,2.0,SL Hit,2001.75,4,159.70499999999606,120.0,1.1400000000001,-2.119999999999891
2023-10-30 05:00:00,2023-10-30 05:05:00,Long,2001.22,2000.8699999999994,-0.35000000000059117,SL Hit,2000.8699999999994,1,159.35499999999547,5.0,-0.6200000000001182,0.4900000000000091
2023-10-30 06:15:00,2023-10-30 09:15:00,Short,1997.0100000000002,1994.64,9.480000000000473,SL Hit,1994.64,4,168.83499999999594,180.0,2.3499999999996817,-6.100000000000136
2023-10-30 10:40:00,2023-10-30 11:45:00,Short,1994.99,1994.9,0.1799999999998363,SL Hit,1994.9,2,169.01499999999578,65.0,1.4500000000000455,-2.3299999999999272
2023-10-30 11:50:00,2023-10-30 14:35:00,Long,1996.5900000000001,1996.47,-0.6000000000005912,SL Hit,1996.47,5,168.4149999999952,165.0,-2.8900000000001,5.839999999999918
2023-10-30 17:10:00,2023-10-30 17:40:00,Short,1998.43,1998.9199999999996,-0.48999999999955435,SL Hit,1998.9199999999996,1,167.92499999999563,30.0,1.240000000000009,-3.5900000000001455
2023-10-30 18:40:00,2023-10-30 18:55:00,Short,1997.8,1998.0099999999998,-0.209999999999809,SL Hit,1998.0099999999998,1,167.71499999999583,15.0,0.2400000000000091,-0.35999999999989996
2023-10-30 22:30:00,2023-10-30 23:35:00,Short,1995.21,1995.09,0.24000000000023647,SL Hit,1995.09,2,167.95499999999606,65.0,0.6199999999998909,-1.3099999999999454
2023-10-31 00:20:00,2023-10-31 01:35:00,Long,1995.7975000000001,1995.3,-1.9900000000006912,SL Hit,1995.3,4,165.96499999999537,75.0,-1.3975000000000364,1.412499999999909
2023-10-31 01:40:00,2023-10-31 01:55:00,Short,1995.99,1996.2699999999998,-0.27999999999974534,SL Hit,1996.2699999999998,1,165.68499999999563,15.0,0.33999999999991815,-1.1300000000001091
2023-10-31 02:45:00,2023-10-31 04:50:00,Short,1993.3733333333332,1992.58,2.3799999999998818,SL Hit,1992.58,3,168.0649999999955,125.0,2.106666666666797,-2.873333333333221
2023-10-31 10:25:00,2023-10-31 11:20:00,Long,1998.2033333333331,1998.3,0.29000000000041837,SL Hit,1998.3,3,168.35499999999593,55.0,-1.1633333333331848,1.6866666666669516
2023-10-31 11:50:00,2023-10-31 12:30:00,Long,1999.72,1998.6,-2.2400000000002365,SL Hit,1998.6,2,166.1149999999957,40.0,-2.2999999999999545,1.5399999999999636
2023-10-31 14:55:00,2023-10-31 18:55:00,Short,1992.755,1984.8,31.82000000000062,SL Hit,1984.8,4,197.9349999999963,240.0,8.114999999999782,-12.815000000000055
2023-10-31 19:00:00,2023-10-31 19:40:00,Long,1984.9850000000001,1984.83,-0.3100000000004002,SL Hit,1984.83,2,197.6249999999959,40.0,-0.7550000000001091,1.5549999999998363
2023-10-31 19:45:00,2023-10-31 22:05:00,Short,1984.3700000000001,1983.99,1.5200000000004366,SL Hit,1983.99,4,199.14499999999634,140.0,1.0299999999999727,-1.5700000000001637
2023-10-31 23:25:00,2023-11-01 02:05:00,Short,1982.0233333333333,1980.65,8.239999999999327,SL Hit,1980.65,6,207.38499999999567,160.0,2.6666666666667425,-4.523333333333312
2023-11-01 03:20:00,2023-11-01 03:30:00,Short,1978.61,1978.61,0.0,SL Hit,1978.61,1,207.38499999999567,10.0,0.07000000000016371,-0.849999999999909
2023-11-01 05:40:00,2023-11-01 07:05:00,Long,1979.32,1979.4,0.16000000000030923,SL Hit,1979.4,2,207.54499999999598,85.0,-1.7100000000000364,1.5900000000001455
2023-11-01 07:15:00,2023-11-01 08:40:00,Short,1978.895,1979.43,-1.0700000000001637,SL Hit,1979.43,2,206.47499999999582,85.0,1.0850000000000364,-2.115000000000009
2023-11-01 11:10:00,2023-11-01 11:15:00,Long,1983.45,1983.0649999999996,-0.38500000000044565,SL Hit,1983.0649999999996,1,206.08999999999537,5.0,-0.6400000000001,0.20000000000004547
2023-11-01 11:50:00,2023-11-01 12:00:00,Long,1984.0149999999999,1982.6,-2.8299999999999272,SL Hit,1982.6,2,203.25999999999544,10.0,-1.4149999999999636,0.25500000000010914
2023-11-01 13:25:00,2023-11-01 13:45:00,Short,1984.92,1984.92,0.0,SL Hit,1984.92,1,203.25999999999544,20.0,1.009999999999991,-3.550000000000182
2023-11-01 15:20:00,2023-11-01 17:30:00,Short,1980.6499999999999,1979.21,4.319999999999482,SL Hit,1979.21,3,207.57999999999493,130.0,4.860000000000127,-6.169999999999845
2023-11-01 17:35:00,2023-11-01 18:35:00,Long,1978.395,1977.1,-2.5900000000001455,SL Hit,1977.1,2,204.98999999999478,60.0,-1.4349999999999454,3.875
2023-11-01 18:40:00,2023-11-01 19:10:00,Short,1977.61,1977.61,0.0,SL Hit,1977.61,1,204.98999999999478,30.0,2.400000000000091,-7.529999999999973
2023-11-01 22:30:00,2023-11-01 22:35:00,Long,1983.13,1983.13,0.0,SL Hit,1983.13,1,204.98999999999478,5.0,-1.0300000000002,0.33999999999991815
2023-11-01 22:50:00,2023-11-01 23:00:00,Long,1983.25,1983.18,-0.06999999999993634,SL Hit,1983.18,1,204.91999999999484,10.0,-0.15000000000009095,1.0599999999999454
2023-11-01 23:40:00,2023-11-02 00:00:00,Short,1983.96,1985.1849999999997,-1.2249999999996817,SL Hit,1985.1849999999997,1,203.69499999999516,20.0,1.7699999999999818,-0.5499999999999545
2023-11-02 00:45:00,2023-11-02 01:05:00,Short,1984.31,1985.8500000000001,-1.540000000000191,SL Hit,1985.8500000000001,1,202.15499999999497,20.0,1.7699999999999818,-0.36999999999989086
2023-11-02 01:10:00,2023-11-02 02:00:00,Long,1985.935,1986.08,0.2899999999999636,SL Hit,1986.08,2,202.44499999999493,50.0,-0.3450000000000273,1.9049999999999727
2023-11-02 07:00:00,2023-11-02 07:25:00,Long,1985.605,1983.8,-3.6100000000001273,SL Hit,1983.8,2,198.8349999999948,25.0,-1.9850000000001273,0.04500000000007276
2023-11-02 09:15:00,2023-11-02 10:05:00,Long,1988.545,1986.6,-3.8900000000003274,SL Hit,1986.6,2,194.94499999999448,50.0,-2.025000000000091,0.9249999999999545
2023-11-02 10:15:00,2023-11-02 10:25:00,Short,1986.97,1986.97,0.0,SL Hit,1986.97,1,194.94499999999448,10.0,0.18000000000006366,-1.1300000000001091
2023-11-02 10:50:00,2023-11-02 10:55:00,Long,1988.59,1987.9950000000003,-0.5949999999995725,SL Hit,1987.9950000000003,1,194.3499999999949,5.0,-1.0899999999999181,0.7799999999999727
2023-11-02 14:00:00,2023-11-02 14:05:00,Short,1984.06,1984.1999999999998,-0.13999999999987267,SL Hit,1984.1999999999998,1,194.20999999999503,5.0,0.18000000000006366,-2.9700000000000273
2023-11-02 15:30:00,2023-11-02 16:35:00,Short,1980.7233333333334,1982.3,-4.729999999999791,SL Hit,1982.3,3,189.47999999999524,65.0,2.5366666666666333,-1.8233333333332666
2023-11-02 19:05:00,2023-11-02 19:20:00,Long,1985.9,1985.025,-0.875,SL Hit,1985.025,1,188.60499999999524,15.0,-1.5,0.3999999999998636
2023-11-02 20:55:00,2023-11-02 22:20:00,Long,1985.73,1985.4,-0.6599999999998545,SL Hit,1985.4,2,187.9449999999954,85.0,-0.7300000000000182,0.6700000000000728
2023-11-02 22:40:00,2023-11-02 23:45:00,Short,1984.71,1984.81,-0.29999999999972715,SL Hit,1984.81,3,187.64499999999566,65.0,0.5199999999999818,-1.009999999999991
2023-11-03 01:05:00,2023-11-03 02:30:00,Short,1985.135,1985.41,-0.5500000000001819,SL Hit,1985.41,2,187.09499999999548,85.0,1.474999999999909,-2.634999999999991
2023-11-03 04:05:00,2023-11-03 04:10:00,Short,1986.39,1986.39,0.0,Bullish Trade Reversal,1986.39,1,187.09499999999548,5.0,0.1999999999998181,-0.9900000000000091
2023-11-03 04:10:00,2023-11-03 05:25:00,Long,1986.2166666666665,1985.0,-3.649999999999409,SL Hit,1985.0,3,183.44499999999607,75.0,-1.3166666666663787,0.45333333333360315
2023-11-03 05:55:00,2023-11-03 06:00:00,Long,1986.67,1986.67,0.0,SL Hit,1986.67,1,183.44499999999607,5.0,-0.8700000000001182,0.5699999999999363
2023-11-03 06:20:00,2023-11-03 06:40:00,Short,1987.25,1987.47,-0.44000000000005457,SL Hit,1987.47,2,183.00499999999602,20.0,0.22000000000002728,-1.0499999999999545
2023-11-03 07:15:00,2023-11-03 07:30:00,Long,1988.2350000000001,1986.9,-2.6700000000000728,SL Hit,1986.9,2,180.33499999999594,15.0,-1.6350000000002183,0.7549999999998818
2023-11-03 07:50:00,2023-11-03 08:05:00,Short,1987.4,1987.4,0.0,SL Hit,1987.4,1,180.33499999999594,15.0,0.3999999999998636,-1.150000000000091
2023-11-03 10:00:00,2023-11-03 10:10:00,Long,1989.05,1988.21,-0.8399999999999181,Bearish Trade Reversal,1988.21,1,179.49499999999603,10.0,-0.75,0.5599999999999454
2023-11-03 10:10:00,2023-11-03 11:50:00,Short,1988.2366666666667,1988.09,0.44000000000028194,SL Hit,1988.09,3,179.9349999999963,100.0,1.3433333333332484,-1.9366666666667243
2023-11-03 11:55:00,2023-11-03 12:00:00,Long,1987.74,1987.74,0.0,SL Hit,1987.74,1,179.9349999999963,5.0,-0.2899999999999636,0.36999999999989086
2023-11-03 12:30:00,2023-11-03 13:20:00,Long,1997.275,1995.82,-2.9100000000003092,SL Hit,1995.82,2,177.024999999996,50.0,-7.065000000000055,6.625
2023-11-06 00:25:00,2023-11-06 02:10:00,Long,1990.6566666666668,1991.47,2.439999999999827,SL Hit,1991.47,3,179.46499999999583,105.0,-2.0066666666666606,2.3533333333332394
2023-11-06 02:30:00,2023-11-06 05:10:00,Short,1985.932,1983.97,9.809999999999945,SL Hit,1983.97,5,189.27499999999577,160.0,5.038000000000011,-3.6720000000000255
2023-11-06 05:20:00,2023-11-06 05:25:00,Long,1983.16,1981.8999999999996,-1.2600000000004457,Bearish Trade Reversal,1981.8999999999996,1,188.01499999999533,5.0,-0.36000000000012733,0.8699999999998909
2023-11-06 05:25:00,2023-11-06 05:45:00,Short,1983.2800000000002,1984.03,-1.4999999999995453,SL Hit,1984.03,2,186.51499999999578,20.0,1.6799999999998363,-1.7800000000002
2023-11-06 06:40:00,2023-11-06 06:45:00,Long,1984.77,1984.1049999999998,-0.665000000000191,SL Hit,1984.1049999999998,1,185.8499999999956,5.0,-0.8599999999999,0.21000000000003638
2023-11-06 07:35:00,2023-11-06 07:40:00,Short,1983.76,1983.935,-0.17499999999995453,SL Hit,1983.935,1,185.67499999999563,5.0,0.31999999999993634,-0.22000000000002728
2023-11-06 07:55:00,2023-11-06 08:00:00,Long,1983.39,1983.39,0.0,SL Hit,1983.39,1,185.67499999999563,5.0,-0.5099999999999909,1.2799999999999727
2023-11-06 08:55:00,2023-11-06 09:00:00,Short,1986.46,1986.46,0.0,SL Hit,1986.46,1,185.67499999999563,5.0,0.6599999999998545,-0.7799999999999727
2023-11-06 10:05:00,2023-11-06 10:45:00,Long,1987.4233333333334,1986.81,-1.840000000000373,SL Hit,1986.81,3,183.83499999999526,40.0,-1.2333333333333485,0.7766666666666424
2023-11-06 11:55:00,2023-11-06 12:10:00,Long,1987.52,1986.5,-2.0399999999999636,SL Hit,1986.5,2,181.7949999999953,15.0,-1.2300000000000182,0.4700000000000273
2023-11-06 14:50:00,2023-11-06 16:55:00,Short,1983.9199999999998,1982.94,3.9199999999991633,SL Hit,1982.94,4,185.71499999999446,125.0,1.6800000000000637,-3.7799999999997453
2023-11-06 19:05:00,2023-11-07 05:40:00,Short,1976.4046666666666,1973.2,48.06999999999789,SL Hit,1973.2,15,233.78499999999235,635.0,4.2053333333333285,-5.4046666666665715
2023-11-07 08:50:00,2023-11-07 09:25:00,Short,1967.79,1967.9999999999998,-0.209999999999809,SL Hit,1967.9999999999998,1,233.57499999999254,35.0,0.9600000000000364,-3.589999999999918
2023-11-07 10:20:00,2023-11-07 10:30:00,Short,1966.15,1966.4999999999998,-0.3499999999996817,SL Hit,1966.4999999999998,1,233.22499999999286,10.0,1.75,-0.5300000000002001
2023-11-07 13:25:00,2023-11-07 14:30:00,Long,1961.5266666666666,1964.37,8.529999999999745,SL Hit,1964.37,3,241.7549999999926,65.0,-3.6866666666667243,5.6233333333334485
2023-11-07 17:25:00,2023-11-07 17:55:00,Short,1963.46,1963.9149999999995,-0.4549999999994725,SL Hit,1963.9149999999995,1,241.29999999999313,30.0,0.4600000000000364,-2.3600000000001273
2023-11-07 22:00:00,2023-11-07 23:10:00,Long,1968.925,1968.0,-1.849999999999909,SL Hit,1968.0,2,239.44999999999322,70.0,-0.9249999999999545,0.28500000000008185
2023-11-07 23:30:00,2023-11-07 23:35:00,Short,1968.46,1968.7749999999996,-0.3149999999995998,SL Hit,1968.7749999999996,1,239.13499999999362,5.0,0.31999999999993634,-0.8600000000001273
2023-11-07 23:50:00,2023-11-08 00:40:00,Long,1968.8,1968.8,0.0,SL Hit,1968.8,3,239.13499999999362,50.0,-1.099999999999909,1.1600000000000819
2023-11-08 04:35:00,2023-11-08 04:40:00,Short,1967.67,1967.74,-0.06999999999993634,SL Hit,1967.74,1,239.0649999999937,5.0,0.09999999999990905,-0.16000000000008185
2023-11-08 04:55:00,2023-11-08 05:00:00,Short,1967.62,1967.7600000000007,-0.14000000000078217,SL Hit,1967.7600000000007,1,238.9249999999929,5.0,0.2400000000000091,-0.09999999999990905
2023-11-08 05:25:00,2023-11-08 06:15:00,Short,1966.65,1966.9649999999997,-0.3149999999995998,SL Hit,1966.9649999999997,1,238.6099999999933,50.0,0.599999999999909,-2.050000000000182
2023-11-08 08:10:00,2023-11-08 08:15:00,Long,1968.07,1964.8500000000004,-3.2199999999995725,Bearish Trade Reversal,1964.8500000000004,1,235.38999999999373,5.0,-0.9600000000000364,0.6100000000001273
2023-11-08 08:15:00,2023-11-08 12:40:00,Short,1965.7849999999999,1963.54,8.979999999999563,SL Hit,1963.54,4,244.3699999999933,265.0,2.8750000000002274,-6.064999999999827
2023-11-08 14:50:00,2023-11-08 16:15:00,Short,1957.71,1956.43,2.5599999999999454,SL Hit,1956.43,2,246.92999999999324,85.0,4.210000000000036,-6.710000000000036
2023-11-08 17:45:00,2023-11-08 20:50:00,Short,1952.39,1949.57,14.100000000000819,SL Hit,1949.57,5,261.02999999999406,185.0,1.990000000000009,-5.5900000000001455
2023-11-08 23:45:00,2023-11-08 23:50:00,Short,1950.37,1950.4050000000007,-0.035000000000763976,Bullish Trade Reversal,1950.4050000000007,1,260.9949999999933,5.0,0.16000000000008185,-0.25
2023-11-08 23:50:00,2023-11-09 00:15:00,Long,1950.255,1949.4,-1.7100000000000364,SL Hit,1949.4,2,259.28499999999326,25.0,-1.8550000000000182,0.6549999999999727
2023-11-09 04:25:00,2023-11-09 04:30:00,Long,1948.7,1945.9,-2.7999999999999545,Bearish Trade Reversal,1945.9,1,256.4849999999933,5.0,-0.7999999999999545,1.0499999999999545
2023-11-09 04:30:00,2023-11-09 05:45:00,Short,1949.1274999999998,1949.3,-0.6900000000005093,SL Hit,1949.3,4,255.7949999999928,75.0,0.6225000000001728,-1.1274999999998272
2023-11-09 05:50:00,2023-11-09 07:50:00,Long,1949.768,1949.44,-1.6399999999998727,SL Hit,1949.44,5,254.15499999999292,120.0,-1.268000000000029,0.6620000000000346
2023-11-09 10:25:00,2023-11-09 10:30:00,Short,1946.02,1946.02,0.0,SL Hit,1946.02,1,254.15499999999292,5.0,0.5,-0.7699999999999818
2023-11-09 10:40:00,2023-11-09 11:00:00,Long,1946.87,1946.6950000000002,-0.17499999999972715,SL Hit,1946.6950000000002,1,253.9799999999932,20.0,-0.30999999999994543,1.5200000000002092
2023-11-09 12:45:00,2023-11-09 13:15:00,Short,1946.72,1946.72,0.0,SL Hit,1946.72,1,253.9799999999932,30.0,1.5299999999999727,-2.1200000000001182
2023-11-09 13:25:00,2023-11-09 13:30:00,Long,1947.18,1947.18,0.0,SL Hit,1947.18,1,253.9799999999932,5.0,-2.480000000000018,1.1799999999998363
2023-11-09 15:40:00,2023-11-09 16:55:00,Long,1962.2600000000002,1960.5,-5.280000000000655,SL Hit,1960.5,3,248.69999999999254,75.0,-2.310000000000173,2.479999999999791
2023-11-09 21:15:00,2023-11-09 21:25:00,Long,1957.81,1957.2500000000005,-0.5599999999994907,SL Hit,1957.2500000000005,1,248.13999999999305,10.0,-0.7100000000000364,0.41000000000008185
2023-11-09 21:50:00,2023-11-09 23:00:00,Long,1958.23,1957.9150000000004,-0.3149999999995998,SL Hit,1957.9150000000004,1,247.82499999999345,70.0,-0.8299999999999272,0.22000000000002728
2023-11-09 23:05:00,2023-11-09 23:10:00,Long,1958.18,1957.4099999999999,-0.7700000000002092,SL Hit,1957.4099999999999,1,247.05499999999324,5.0,-0.7799999999999727,0.5899999999999181
2023-11-09 23:55:00,2023-11-10 00:35:00,Long,1958.95,1958.53,-1.2600000000002183,SL Hit,1958.53,3,245.79499999999302,40.0,-0.5499999999999545,1.1599999999998545
2023-11-10 01:05:00,2023-11-10 01:30:00,Long,1960.12,1958.5,-3.2399999999997817,SL Hit,1958.5,2,242.55499999999324,25.0,-1.9199999999998454,0.6100000000001273
2023-11-10 01:35:00,2023-11-10 01:40:00,Short,1959.27,1959.3049999999998,-0.03499999999985448,SL Hit,1959.3049999999998,1,242.5199999999934,5.0,0.12000000000011823,-0.34999999999990905
2023-11-10 03:35:00,2023-11-10 04:00:00,Long,1959.5033333333333,1959.1,-1.2100000000002638,SL Hit,1959.1,3,241.30999999999312,25.0,-0.4933333333333394,0.9166666666667425
2023-11-10 05:45:00,2023-11-10 05:50:00,Short,1956.74,1957.1599999999996,-0.419999999999618,SL Hit,1957.1599999999996,1,240.8899999999935,5.0,0.8199999999999363,-0.39000000000010004
2023-11-10 06:40:00,2023-11-10 07:00:00,Long,1957.08,1956.66,-0.8399999999996908,SL Hit,1956.66,2,240.04999999999382,20.0,-1.0799999999999272,0.41000000000008185
2023-11-10 09:00:00,2023-11-10 09:45:00,Short,1954.395,1954.67,-0.5500000000001819,SL Hit,1954.67,2,239.49999999999363,45.0,0.8050000000000637,-1.1949999999999363
2023-11-10 12:20:00,2023-11-10 12:25:00,Long,1947.97,1947.4449999999997,-0.5250000000003183,SL Hit,1947.4449999999997,1,238.97499999999332,5.0,-1.0899999999999181,0.22000000000002728
2023-11-10 13:30:00,2023-11-10 13:45:00,Short,1945.81,1945.81,0.0,SL Hit,1945.81,1,238.97499999999332,15.0,0.4600000000000364,-1.5299999999999727
2023-11-10 14:45:00,2023-11-10 15:05:00,Short,1944.4,1945.7299999999996,-1.3299999999994725,SL Hit,1945.7299999999996,1,237.64499999999384,20.0,1.3299999999999272,-3.2200000000000273
2023-11-10 17:30:00,2023-11-10 20:55:00,Short,1936.6299999999999,1935.83,4.799999999999727,SL Hit,1935.83,6,242.44499999999357,205.0,2.5000000000002274,-3.6299999999998818
2023-11-13 01:05:00,2023-11-13 01:40:00,Short,1939.275,1940.31,-2.069999999999709,SL Hit,1940.31,2,240.37499999999386,35.0,1.365000000000009,-1.875
2023-11-13 04:10:00,2023-11-13 04:45:00,Short,1935.16,1935.16,0.0,SL Hit,1935.16,1,240.37499999999386,35.0,0.13999999999987267,-1.259999999999991
2023-11-13 06:45:00,2023-11-13 06:50:00,Long,1939.53,1938.86,-1.3400000000001455,SL Hit,1938.86,2,239.03499999999372,5.0,-0.9300000000000637,0.36000000000012733
2023-11-13 06:55:00,2023-11-13 07:30:00,Short,1939.53,1939.8800000000006,-0.35000000000059117,SL Hit,1939.8800000000006,1,238.68499999999312,35.0,1.0,-1.5
2023-11-13 10:35:00,2023-11-13 10:45:00,Short,1937.65,1937.65,0.0,SL Hit,1937.65,1,238.68499999999312,10.0,0.209999999999809,-0.9500000000000455
2023-11-13 14:15:00,2023-11-13 14:20:00,Short,1934.8,1934.8,0.0,SL Hit,1934.8,1,238.68499999999312,5.0,0.2300000000000182,-1.0199999999999818
2023-11-13 14:25:00,2023-11-13 14:30:00,Short,1934.73,1935.3950000000002,-0.665000000000191,SL Hit,1935.3950000000002,1,238.01999999999293,5.0,1.0499999999999545,-0.8700000000001182
2023-11-13 14:45:00,2023-11-13 15:05:00,Short,1934.39,1935.335,-0.9449999999999363,SL Hit,1935.335,1,237.074999999993,20.0,1.5299999999999727,-2.1000000000001364
2023-11-13 18:55:00,2023-11-13 19:15:00,Long,1946.93,1946.93,0.0,SL Hit,1946.93,1,237.074999999993,20.0,-1.3300000000001546,0.8999999999998636
2023-11-13 19:45:00,2023-11-13 23:00:00,Short,1946.1200000000001,1946.37,-0.7499999999993179,SL Hit,1946.37,3,236.32499999999368,195.0,0.4199999999998454,-1.2200000000000273
2023-11-13 23:05:00,2023-11-13 23:40:00,Long,1946.13,1945.1,-2.0600000000004,SL Hit,1945.1,2,234.26499999999328,35.0,-1.3300000000001546,0.34999999999990905
2023-11-14 00:05:00,2023-11-14 00:20:00,Long,1946.3,1946.3,0.0,SL Hit,1946.3,1,234.26499999999328,15.0,-0.20000000000004547,0.75
2023-11-14 01:50:00,2023-11-14 01:55:00,Short,1945.57,1945.57,0.0,SL Hit,1945.57,1,234.26499999999328,5.0,0.6200000000001182,-0.22000000000002728
2023-11-14 02:00:00,2023-11-14 02:05:00,Short,1945.41,1945.41,0.0,SL Hit,1945.41,1,234.26499999999328,5.0,0.09999999999990905,-0.9200000000000728
2023-11-14 03:55:00,2023-11-14 04:05:00,Short,1945.03,1945.065,-0.035000000000081855,SL Hit,1945.065,1,234.2299999999932,10.0,0.049999999999954525,-1.5299999999999727
2023-11-14 04:30:00,2023-11-14 05:05:00,Long,1944.78,1943.5,-2.5599999999999454,SL Hit,1943.5,2,231.66999999999325,35.0,-1.3799999999998818,0.6600000000000819
2023-11-14 05:10:00,2023-11-14 05:30:00,Short,1944.56,1944.56,0.0,SL Hit,1944.56,1,231.66999999999325,20.0,0.049999999999954525,-1.4600000000000364
2023-11-14 06:45:00,2023-11-14 07:05:00,Short,1944.52,1945.15,-0.6300000000001091,SL Hit,1945.15,1,231.03999999999314,20.0,1.5199999999999818,-0.2999999999999545
2023-11-14 07:15:00,2023-11-14 07:30:00,Long,1945.73,1945.4150000000004,-0.3149999999995998,SL Hit,1945.4150000000004,1,230.72499999999354,15.0,-0.31999999999993634,0.6600000000000819
2023-11-14 09:00:00,2023-11-14 10:55:00,Long,1946.3999999999999,1946.43,0.09000000000060027,SL Hit,1946.43,3,230.81499999999414,115.0,-1.0599999999999454,1.7100000000000364
2023-11-14 11:00:00,2023-11-14 13:15:00,Short,1945.9679999999996,1946.17,-1.0100000000022646,SL Hit,1946.17,5,229.80499999999188,135.0,1.1120000000003074,-1.6579999999996744
2023-11-14 14:15:00,2023-11-14 15:50:00,Long,1964.4466666666667,1965.25,2.4099999999998545,SL Hit,1965.25,3,232.21499999999173,95.0,-6.206666666666706,5.313333333333276
2023-11-14 20:40:00,2023-11-14 20:45:00,Long,1964.09,1963.88,-0.209999999999809,SL Hit,1963.88,1,232.00499999999192,5.0,-0.8299999999999272,0.3100000000001728
2023-11-14 21:30:00,2023-11-14 21:45:00,Short,1962.73,1962.9049999999997,-0.17499999999972715,SL Hit,1962.9049999999997,1,231.8299999999922,15.0,0.22000000000002728,-0.5299999999999727
2023-11-14 23:20:00,2023-11-14 23:25:00,Short,1963.0,1963.0349999999999,-0.03499999999985448,SL Hit,1963.0349999999999,1,231.79499999999234,5.0,0.08999999999991815,-1.0
2023-11-15 01:50:00,2023-11-15 04:55:00,Long,1965.0183333333334,1966.63,9.670000000000073,SL Hit,1966.63,6,241.46499999999241,185.0,-2.568333333333385,2.8516666666664605
2023-11-15 05:00:00,2023-11-15 06:05:00,Short,1967.1,1967.47,-0.7400000000002365,SL Hit,1967.47,2,240.72499999999218,65.0,0.43000000000006366,-1.2999999999999545
2023-11-15 12:15:00,2023-11-15 13:00:00,Short,1971.426666666667,1971.95,-1.5699999999992542,SL Hit,1971.95,3,239.15499999999292,45.0,1.7333333333331211,-1.2266666666669153
2023-11-15 20:15:00,2023-11-15 20:30:00,Long,1961.6799999999998,1961.0,-1.3599999999996726,SL Hit,1961.0,2,237.79499999999325,15.0,-1.3799999999998818,0.48000000000024556
2023-11-15 20:35:00,2023-11-15 23:00:00,Short,1959.9466666666667,1959.48,1.400000000000091,SL Hit,1959.48,3,239.19499999999334,145.0,1.3033333333332848,-1.1466666666667606
2023-11-16 01:10:00,2023-11-16 02:15:00,Short,1958.1933333333334,1958.44,-0.7400000000000091,SL Hit,1958.44,3,238.45499999999333,65.0,1.206666666666706,-1.793333333333294
2023-11-16 04:25:00,2023-11-16 04:30:00,Long,1961.67,1961.67,0.0,SL Hit,1961.67,1,238.45499999999333,5.0,-0.2699999999999818,0.4800000000000182
2023-11-16 05:55:00,2023-11-16 06:05:00,Short,1962.6,1964.0700000000002,-1.4700000000002547,Bullish Trade Reversal,1964.0700000000002,1,236.98499999999308,10.0,1.1600000000000819,-0.2799999999999727
2023-11-16 06:05:00,2023-11-16 07:35:00,Long,1965.5366666666669,1965.8,0.7899999999992815,SL Hit,1965.8,3,237.77499999999236,90.0,-2.1466666666667606,1.9833333333331211
2023-11-16 08:15:00,2023-11-16 08:20:00,Short,1965.29,1965.395,-0.10500000000001819,SL Hit,1965.395,1,237.66999999999234,5.0,0.43000000000006366,-0.4500000000000455
2023-11-16 09:45:00,2023-11-16 11:05:00,Short,1966.0766666666666,1965.74,1.0099999999997635,SL Hit,1965.74,3,238.6799999999921,80.0,1.2133333333333667,-1.676666666666506
2023-11-16 11:45:00,2023-11-16 11:50:00,Short,1965.35,1965.35,0.0,SL Hit,1965.35,1,238.6799999999921,5.0,0.14000000000010004,-1.25
2023-11-16 13:30:00,2023-11-16 16:45:00,Long,1976.3766666666668,1982.1,17.16999999999939,SL Hit,1982.1,3,255.8499999999915,195.0,-10.676666666666733,11.323333333333267
2023-11-16 17:25:00,2023-11-16 17:30:00,Long,1982.44,1982.44,0.0,SL Hit,1982.44,1,255.8499999999915,5.0,-0.9400000000000546,0.9099999999998545
2023-11-16 18:35:00,2023-11-16 18:45:00,Long,1984.71,1984.0099999999998,-0.7000000000002728,SL Hit,1984.0099999999998,1,255.14999999999122,10.0,-0.8700000000001182,0.4600000000000364
2023-11-16 19:05:00,2023-11-16 20:00:00,Short,1983.7849999999999,1983.77,0.02999999999974534,SL Hit,1983.77,2,255.17999999999097,55.0,0.4750000000001364,-0.8249999999998181
2023-11-16 20:05:00,2023-11-16 20:10:00,Long,1983.65,1983.15,-1.0,SL Hit,1983.15,2,254.17999999999097,5.0,-1.1200000000001182,0.38999999999987267
2023-11-16 21:20:00,2023-11-16 21:50:00,Short,1980.825,1981.14,-0.6300000000001091,SL Hit,1981.14,2,253.54999999999086,30.0,0.3849999999999909,-0.9249999999999545
2023-11-16 23:05:00,2023-11-17 01:30:00,Long,1982.1999999999998,1983.5,7.800000000001091,SL Hit,1983.5,6,261.34999999999195,145.0,-2.099999999999909,4.550000000000182
2023-11-17 01:45:00,2023-11-17 02:00:00,Short,1983.53,1983.53,0.0,SL Hit,1983.53,1,261.34999999999195,15.0,0.7999999999999545,-1.1299999999998818
2023-11-17 03:50:00,2023-11-17 04:20:00,Long,1986.225,1985.1,-2.25,SL Hit,1985.1,2,259.09999999999195,30.0,-1.125,0.775000000000091
2023-11-17 04:45:00,2023-11-17 05:00:00,Long,1985.66,1984.8200000000002,-0.8399999999999181,SL Hit,1984.8200000000002,1,258.25999999999203,15.0,-0.9600000000000364,0.709999999999809
2023-11-17 06:20:00,2023-11-17 07:10:00,Short,1983.78,1983.94,-0.3200000000001637,SL Hit,1983.94,2,257.93999999999187,50.0,0.6800000000000637,-1.3799999999998818
2023-11-17 09:45:00,2023-11-17 11:05:00,Long,1991.67,1990.57,-3.3000000000004093,SL Hit,1990.57,3,254.63999999999146,80.0,-1.400000000000091,1.599999999999909
2023-11-17 11:55:00,2023-11-17 12:30:00,Short,1989.8,1990.5,-1.400000000000091,SL Hit,1990.5,2,253.23999999999137,35.0,0.8300000000001546,-2.1499999999998636
2023-11-17 17:15:00,2023-11-17 17:20:00,Short,1979.8,1979.8,0.0,SL Hit,1979.8,1,253.23999999999137,5.0,0.41000000000008185,-1.1199999999998909
2023-11-17 19:05:00,2023-11-17 20:15:00,Short,1980.9099999999999,1980.3,1.8299999999996999,SL Hit,1980.3,3,255.06999999999107,70.0,0.8900000000001,-2.709999999999809
2023-11-17 20:20:00,2023-11-17 21:05:00,Long,1980.1499999999999,1980.16,0.030000000000654836,SL Hit,1980.16,3,255.09999999999172,45.0,-1.0499999999999545,0.8700000000001182
2023-11-19 23:55:00,2023-11-20 01:05:00,Short,1975.9,1979.2249999999995,-3.3249999999993634,SL Hit,1979.2249999999995,1,251.77499999999236,70.0,5.529999999999973,-2.900000000000091
2023-11-20 06:00:00,2023-11-20 06:20:00,Short,1980.1,1981.08,-1.9600000000000364,SL Hit,1981.08,2,249.81499999999232,20.0,1.0900000000001455,-1.209999999999809
2023-11-20 06:30:00,2023-11-20 06:55:00,Long,1980.52,1980.3450000000003,-0.17499999999972715,SL Hit,1980.3450000000003,1,249.6399999999926,25.0,-0.7300000000000182,1.0399999999999636
2023-11-20 08:20:00,2023-11-20 09:00:00,Short,1977.58,1977.7550000000006,-0.17500000000063665,SL Hit,1977.7550000000006,1,249.46499999999196,40.0,0.5800000000001546,-1.6699999999998454
2023-11-20 11:10:00,2023-11-20 14:45:00,Short,1972.21,1969.59,10.480000000000473,SL Hit,1969.59,4,259.94499999999243,215.0,3.0499999999999545,-6.660000000000082
2023-11-20 15:55:00,2023-11-20 16:00:00,Long,1971.89,1971.89,0.0,SL Hit,1971.89,1,259.94499999999243,5.0,-0.22000000000002728,1.1199999999998909
2023-11-20 16:05:00,2023-11-20 16:35:00,Long,1972.9,1972.9,0.0,SL Hit,1972.9,1,259.94499999999243,30.0,-0.2300000000000182,2.019999999999982
2023-11-20 21:30:00,2023-11-20 21:55:00,Short,1977.23,1977.6849999999995,-0.4549999999994725,SL Hit,1977.6849999999995,1,259.48999999999296,25.0,0.6900000000000546,-0.2300000000000182
2023-11-20 22:00:00,2023-11-20 23:00:00,Long,1977.6,1977.6,0.0,SL Hit,1977.6,1,259.48999999999296,60.0,-0.09999999999990905,0.8400000000001455
2023-11-21 07:10:00,2023-11-21 08:20:00,Long,1992.4875,1991.57,-3.6700000000000728,SL Hit,1991.57,4,255.8199999999929,70.0,-1.5874999999998636,1.7225000000000819
2023-11-21 09:10:00,2023-11-21 10:05:00,Short,1986.2099999999998,1986.73,-1.5600000000006276,SL Hit,1986.73,3,254.25999999999226,55.0,1.1700000000003001,-2.0099999999997635
2023-11-21 10:15:00,2023-11-21 15:20:00,Long,1991.6557142857143,2003.41,82.2800000000002,SL Hit,2003.41,7,336.53999999999246,305.0,-5.9557142857142935,15.44428571428557
2023-11-21 15:25:00,2023-11-21 15:30:00,Short,2003.74,2004.615,-0.875,SL Hit,2004.615,1,335.66499999999246,5.0,1.6099999999999,-0.6200000000001182
2023-11-21 18:05:00,2023-11-21 18:10:00,Long,2000.29,2000.29,0.0,SL Hit,2000.29,1,335.66499999999246,5.0,-0.7599999999999909,0.8099999999999454
2023-11-21 19:25:00,2023-11-21 20:10:00,Long,1999.23,1999.23,0.0,SL Hit,1999.23,2,335.66499999999246,45.0,-0.8299999999999272,1.25
2023-11-21 20:30:00,2023-11-21 23:15:00,Short,1998.82,1998.66,0.31999999999970896,SL Hit,1998.66,2,335.98499999999217,165.0,0.6400000000001,-1.6199999999998909
2023-11-22 00:30:00,2023-11-22 01:15:00,Short,1997.685,1998.17,-0.9700000000002547,SL Hit,1998.17,2,335.0149999999919,45.0,0.8450000000000273,-1.0850000000000364
2023-11-22 01:30:00,2023-11-22 02:50:00,Short,1996.1599999999999,1996.95,-2.370000000000573,SL Hit,1996.95,3,332.64499999999134,80.0,1.300000000000182,-0.7599999999997635
2023-11-22 03:10:00,2023-11-22 03:40:00,Long,1996.6833333333334,1996.12,-1.6900000000005093,SL Hit,1996.12,3,330.95499999999083,30.0,-0.7133333333333667,0.8466666666665787
2023-11-22 04:00:00,2023-11-22 04:05:00,Short,1996.43,1996.9549999999995,-0.5249999999994088,SL Hit,1996.9549999999995,1,330.4299999999914,5.0,0.7000000000000455,-0.2599999999999909
2023-11-22 07:55:00,2023-11-22 08:35:00,Long,2003.11,2001.045,-2.064999999999827,SL Hit,2001.045,1,328.3649999999916,40.0,-3.349999999999909,2.980000000000018
2023-11-22 12:20:00,2023-11-22 12:55:00,Long,2001.8966666666668,2001.9,0.009999999999990905,SL Hit,2001.9,3,328.3749999999916,35.0,-0.9966666666666697,1.0833333333332575
2023-11-22 13:05:00,2023-11-22 14:35:00,Short,2000.5475,2000.6,-0.21000000000003638,SL Hit,2000.6,4,328.16499999999155,90.0,2.332500000000209,-3.5474999999999
2023-11-22 17:00:00,2023-11-22 17:15:00,Short,1991.18,1991.3899999999999,-0.209999999999809,SL Hit,1991.3899999999999,1,327.95499999999174,15.0,0.4199999999998454,-2.5299999999999727
2023-11-22 20:05:00,2023-11-22 20:10:00,Long,1991.22,1990.7649999999996,-0.455000000000382,SL Hit,1990.7649999999996,1,327.49999999999136,5.0,-0.75,0.19000000000005457
2023-11-22 20:55:00,2023-11-22 21:05:00,Short,1989.9,1989.9,0.0,SL Hit,1989.9,1,327.49999999999136,10.0,0.1899999999998272,-0.44000000000005457
2023-11-22 21:20:00,2023-11-22 21:35:00,Short,1989.84,1989.84,0.0,SL Hit,1989.84,1,327.49999999999136,15.0,0.009999999999990905,-1.0399999999999636
2023-11-22 21:40:00,2023-11-22 21:50:00,Short,1989.8,1990.0099999999998,-0.209999999999809,SL Hit,1990.0099999999998,1,327.28999999999155,10.0,0.21000000000003638,-0.7000000000000455
2023-11-23 01:00:00,2023-11-23 03:15:00,Long,1992.846,1993.16,1.570000000000391,SL Hit,1993.16,5,328.85999999999194,135.0,-1.7460000000000946,1.9039999999999964
2023-11-23 04:45:00,2023-11-23 05:40:00,Short,1995.19,1995.64,-0.900000000000091,SL Hit,1995.64,2,327.95999999999185,55.0,0.5599999999999454,-1.5900000000001455
2023-11-23 07:05:00,2023-11-23 07:10:00,Short,1995.33,1995.33,0.0,SL Hit,1995.33,1,327.95999999999185,5.0,0.3000000000001819,-1.0
2023-11-23 08:50:00,2023-11-23 09:05:00,Long,1994.6550000000002,1993.7,-1.9100000000003092,SL Hit,1993.7,2,326.04999999999154,15.0,-1.555000000000291,0.6449999999997544
2023-11-23 09:15:00,2023-11-23 09:45:00,Short,1994.27,1994.27,0.0,SL Hit,1994.27,1,326.04999999999154,30.0,0.01999999999998181,-1.9700000000000273
2023-11-23 11:40:00,2023-11-23 11:45:00,Long,1994.04,1993.935,-0.10500000000001819,SL Hit,1993.935,1,325.9449999999915,5.0,-0.35999999999989996,0.2599999999999909
2023-11-23 11:50:00,2023-11-23 12:25:00,Long,1993.6750000000002,1993.0,-1.3500000000003638,SL Hit,1993.0,2,324.59499999999116,35.0,-1.4750000000001364,0.41499999999973625
2023-11-23 13:00:00,2023-11-23 13:15:00,Short,1992.4299999999998,1992.88,-0.9000000000005457,SL Hit,1992.88,2,323.6949999999906,15.0,0.6800000000000637,-0.5299999999997453
2023-11-23 13:20:00,2023-11-23 13:40:00,Long,1992.65,1991.9,-1.5,SL Hit,1991.9,2,322.1949999999906,20.0,-0.8500000000001364,0.5799999999999272
2023-11-23 15:55:00,2023-11-23 17:10:00,Short,1991.3025,1991.42,-0.47000000000025466,SL Hit,1991.42,4,321.72499999999036,75.0,0.8174999999998818,-2.0025000000000546
2023-11-23 19:30:00,2023-11-23 23:00:00,Short,1992.165,1992.46,-0.5900000000001455,SL Hit,1992.46,2,321.1349999999902,210.0,0.7950000000000728,-0.01499999999987267
2023-11-24 00:30:00,2023-11-24 00:50:00,Short,1993.37,1994.2800000000007,-0.910000000000764,SL Hit,1994.2800000000007,1,320.22499999998945,20.0,1.300000000000182,-0.6699999999998454
2023-11-24 02:50:00,2023-11-24 02:55:00,Long,1992.69,1992.6200000000001,-0.06999999999993634,SL Hit,1992.6200000000001,1,320.1549999999895,5.0,-0.43000000000006366,0.4199999999998454
2023-11-24 06:10:00,2023-11-24 06:50:00,Short,1993.335,1993.71,-0.75,SL Hit,1993.71,2,319.4049999999895,40.0,0.46499999999991815,-0.8450000000000273
2023-11-24 06:55:00,2023-11-24 07:10:00,Long,1993.565,1992.96,-1.2100000000000364,SL Hit,1992.96,2,318.1949999999895,15.0,-0.7250000000001364,0.4049999999999727
2023-11-24 07:20:00,2023-11-24 07:35:00,Short,1993.07,1993.945,-0.875,SL Hit,1993.945,1,317.3199999999895,15.0,0.8800000000001091,-0.5199999999999818
2023-11-24 09:10:00,2023-11-24 09:20:00,Long,1993.55,1993.41,-0.13999999999987267,SL Hit,1993.41,1,317.1799999999896,10.0,-0.4500000000000455,0.6900000000000546
2023-11-24 10:50:00,2023-11-24 11:05:00,Long,1995.64,1995.0099999999998,-0.6300000000003365,SL Hit,1995.0099999999998,1,316.54999999998927,15.0,-0.7200000000000273,0.4199999999998454
2023-11-24 12:05:00,2023-11-24 12:20:00,Long,1995.74,1995.67,-0.06999999999993634,SL Hit,1995.67,1,316.47999999998933,15.0,-0.16000000000008185,1.3399999999999181
2023-11-24 12:55:00,2023-11-24 13:10:00,Short,1995.425,1995.83,-0.8099999999999454,SL Hit,1995.83,2,315.6699999999894,15.0,0.6849999999999454,-0.3849999999999909
2023-11-24 14:30:00,2023-11-24 14:45:00,Long,2000.55,2000.0,-1.099999999999909,SL Hit,2000.0,2,314.5699999999895,15.0,-0.5599999999999454,2.3199999999999363
2023-11-24 14:55:00,2023-11-24 16:20:00,Short,2000.8566666666668,1999.16,5.0900000000001455,SL Hit,1999.16,3,319.6599999999896,85.0,2.3433333333332484,-3.516666666666879
2023-11-24 16:25:00,2023-11-24 18:30:00,Long,2000.2557142857142,2000.02,-1.6499999999998636,SL Hit,2000.02,7,318.00999999998976,125.0,-1.515714285714239,2.074285714285679
2023-11-24 18:35:00,2023-11-27 02:15:00,Long,2002.9471428571428,2009.12,43.20999999999958,SL Hit,2009.12,7,361.21999999998934,3340.0,-3.0671428571426986,14.622857142857129
2023-11-27 03:20:00,2023-11-27 03:30:00,Short,2009.28,2009.35,-0.06999999999993634,SL Hit,2009.35,1,361.1499999999894,10.0,0.9100000000000819,-1.4200000000000728
2023-11-27 07:10:00,2023-11-27 07:30:00,Long,2010.62,2009.8850000000007,-0.7349999999992178,SL Hit,2009.8850000000007,1,360.4149999999902,20.0,-1.7199999999998,0.3500000000001364
2023-11-27 07:35:00,2023-11-27 07:50:00,Short,2009.8,2011.7949999999996,-1.9949999999996635,Bullish Trade Reversal,2011.7949999999996,1,358.4199999999905,15.0,1.3600000000001273,-0.10999999999989996
2023-11-27 07:50:00,2023-11-27 10:15:00,Long,2012.37,2012.62,1.0,SL Hit,2012.62,4,359.4199999999905,145.0,-1.959999999999809,2.880000000000109
2023-11-27 11:50:00,2023-11-27 11:55:00,Short,2012.7,2012.7,0.0,SL Hit,2012.7,1,359.4199999999905,5.0,0.2400000000000091,-1.2999999999999545
2023-11-27 12:00:00,2023-11-27 12:05:00,Short,2013.04,2013.2149999999997,-0.17499999999972715,SL Hit,2013.2149999999997,1,359.2449999999908,5.0,0.6200000000001182,-0.5599999999999454
2023-11-27 15:45:00,2023-11-27 17:45:00,Short,2010.2966666666664,2010.24,0.16999999999916326,SL Hit,2010.24,3,359.41499999998996,120.0,1.0233333333335395,-4.446666666666488
2023-11-27 19:25:00,2023-11-27 19:35:00,Short,2012.82,2012.82,0.0,SL Hit,2012.82,1,359.41499999998996,10.0,0.6800000000000637,-0.8199999999999363
2023-11-27 23:05:00,2023-11-28 01:15:00,Long,2015.24,2016.2,5.760000000000218,SL Hit,2016.2,6,365.1749999999902,130.0,-2.839999999999918,2.5299999999999727
2023-11-28 03:45:00,2023-11-28 04:30:00,Short,2015.17,2015.205,-0.03499999999985448,SL Hit,2015.205,1,365.1399999999903,45.0,0.2799999999999727,-1.7699999999999818
2023-11-28 06:55:00,2023-11-28 07:15:00,Long,2015.88,2015.3,-1.1600000000003092,SL Hit,2015.3,2,363.97999999999,20.0,-0.9200000000000728,0.6999999999998181
2023-11-28 07:20:00,2023-11-28 08:50:00,Short,2014.21,2014.39,-0.540000000000191,SL Hit,2014.39,3,363.4399999999898,90.0,1.6099999999999,-2.1800000000000637
2023-11-28 09:25:00,2023-11-28 09:40:00,Long,2015.185,2014.7,-0.9699999999997999,SL Hit,2014.7,2,362.46999999999,15.0,-1.2849999999998545,0.9650000000001455
2023-11-28 10:40:00,2023-11-28 10:55:00,Short,2014.01,2014.3599999999997,-0.3499999999996817,SL Hit,2014.3599999999997,1,362.11999999999034,15.0,0.6600000000000819,-0.5799999999999272
2023-11-28 11:35:00,2023-11-28 11:50:00,Long,2015.42,2015.1049999999996,-0.3150000000005093,SL Hit,2015.1049999999996,1,361.80499999998983,15.0,-0.3300000000001546,0.13999999999987267
2023-11-28 12:30:00,2023-11-28 12:55:00,Long,2015.2033333333336,2014.3,-2.710000000000946,SL Hit,2014.3,3,359.0949999999889,25.0,-1.8033333333335122,0.5866666666663605
2023-11-28 14:55:00,2023-11-28 15:10:00,Long,2025.96,2023.9650000000001,-1.9949999999998909,SL Hit,2023.9650000000001,1,357.099999999989,15.0,-2.5599999999999454,2.2899999999999636
2023-11-28 20:55:00,2023-11-28 21:15:00,Long,2040.79,2040.2650000000003,-0.5249999999996362,SL Hit,2040.2650000000003,1,356.57499999998936,20.0,-0.5599999999999454,0.7200000000000273
2023-11-28 21:55:00,2023-11-29 01:45:00,Long,2043.625,2047.1,13.899999999999636,SL Hit,2047.1,4,370.474999999989,230.0,-3.0150000000001,8.114999999999782
2023-11-29 02:00:00,2023-11-29 04:50:00,Short,2046.865,2044.66,8.819999999999709,SL Hit,2044.66,4,379.2949999999887,170.0,1.915000000000191,-4.365000000000009
2023-11-29 07:15:00,2023-11-29 11:10:00,Short,2041.26,2038.95,13.859999999999673,SL Hit,2038.95,6,393.1549999999884,235.0,2.7100000000000364,-5.379999999999882
2023-11-29 15:00:00,2023-11-29 15:10:00,Long,2045.62,2042.95,-5.339999999999691,SL Hit,2042.95,2,387.8149999999887,10.0,-5.209999999999809,1.0300000000002
2023-11-29 17:20:00,2023-11-29 20:15:00,Long,2045.018,2044.5,-2.5900000000001455,SL Hit,2044.5,5,385.22499999998854,175.0,-2.7480000000000473,4.4220000000000255
2023-11-29 23:10:00,2023-11-29 23:25:00,Long,2044.55,2043.9,-1.2999999999997272,SL Hit,2043.9,2,383.9249999999888,15.0,-0.9500000000000455,0.650000000000091
2023-11-29 23:30:00,2023-11-29 23:35:00,Short,2044.57,2044.57,0.0,SL Hit,2044.57,1,383.9249999999888,5.0,-0.0,-1.1699999999998454
2023-11-29 23:40:00,2023-11-29 23:45:00,Short,2044.29,2044.29,0.0,SL Hit,2044.29,1,383.9249999999888,5.0,0.42000000000007276,-0.9900000000000091
2023-11-29 23:50:00,2023-11-30 01:30:00,Long,2044.9575,2044.9,-0.22999999999956344,SL Hit,2044.9,4,383.69499999998925,100.0,-0.837500000000091,1.7625000000000455
2023-11-30 01:35:00,2023-11-30 02:40:00,Short,2044.37,2044.1,0.5399999999999636,SL Hit,2044.1,2,384.2349999999892,65.0,0.8800000000001091,-1.8699999999998909
2023-11-30 04:40:00,2023-11-30 06:00:00,Short,2043.5166666666667,2042.71,2.4199999999998454,SL Hit,2042.71,3,386.65499999998906,80.0,1.0633333333332757,-2.0966666666665787
2023-11-30 06:20:00,2023-11-30 07:35:00,Long,2043.4066666666668,2043.8,1.179999999999609,SL Hit,2043.8,3,387.83499999998867,75.0,-0.8366666666668152,3.4533333333331484
2023-11-30 07:40:00,2023-11-30 07:55:00,Short,2044.18,2044.18,0.0,SL Hit,2044.18,1,387.83499999998867,15.0,0.09999999999990905,-1.8200000000001637
2023-11-30 10:10:00,2023-11-30 12:30:00,Short,2038.28,2038.97,-2.0700000000001637,SL Hit,2038.97,3,385.7649999999885,140.0,2.1800000000000637,-2.2200000000000273
2023-11-30 12:35:00,2023-11-30 12:45:00,Long,2037.94,2037.94,0.0,SL Hit,2037.94,1,385.7649999999885,10.0,-0.2300000000000182,0.8199999999999363
2023-11-30 15:40:00,2023-11-30 15:55:00,Long,2036.02,2036.02,0.0,SL Hit,2036.02,1,385.7649999999885,15.0,-0.2300000000000182,1.9100000000000819
2023-11-30 20:55:00,2023-11-30 21:05:00,Long,2035.32,2034.8650000000002,-0.45499999999969987,Bearish Trade Reversal,2034.8650000000002,1,385.3099999999888,10.0,-0.21000000000003638,0.6100000000001273
2023-11-30 21:05:00,2023-11-30 21:10:00,Short,2035.93,2035.93,0.0,SL Hit,2035.93,1,385.3099999999888,5.0,0.7100000000000364,-0.22000000000002728
2023-12-01 01:55:00,2023-12-01 02:25:00,Short,2041.73,2041.98,-0.5,SL Hit,2041.98,2,384.8099999999888,30.0,0.9300000000000637,-0.34999999999990905
2023-12-01 05:45:00,2023-12-01 06:35:00,Long,2041.1233333333332,2040.9,-0.6699999999993906,SL Hit,2040.9,3,384.1399999999894,50.0,-1.293333333333294,1.6366666666667697
2023-12-01 08:30:00,2023-12-01 10:15:00,Long,2043.6033333333332,2045.1,4.490000000000009,SL Hit,2045.1,3,388.6299999999894,105.0,-3.903333333333194,6.176666666666961
2023-12-01 16:05:00,2023-12-01 16:10:00,Short,2053.01,2053.01,0.0,Bullish Trade Reversal,2053.01,1,388.6299999999894,5.0,3.0099999999997635,-3.4200000000000728
2023-12-01 16:10:00,2023-12-01 19:50:00,Long,2062.951666666667,2067.2,25.489999999997963,SL Hit,2067.2,6,414.1199999999874,220.0,-12.241666666666788,11.998333333332994
2023-12-04 02:30:00,2023-12-04 02:50:00,Short,2085.94,2087.08,-2.2799999999997453,SL Hit,2087.08,2,411.83999999998764,20.0,1.5799999999999272,-0.5100000000002183
2023-12-04 04:05:00,2023-12-04 04:55:00,Short,2084.85,2085.25,-0.8000000000001819,SL Hit,2085.25,2,411.03999999998746,50.0,0.44000000000005457,-2.599999999999909
2023-12-04 06:10:00,2023-12-04 06:15:00,Short,2086.33,2086.6799999999994,-0.3499999999994543,SL Hit,2086.6799999999994,1,410.689999999988,5.0,0.9099999999998545,-1.0299999999997453
2023-12-04 06:35:00,2023-12-04 06:40:00,Short,2084.05,2084.05,0.0,SL Hit,2084.05,1,410.689999999988,5.0,0.1799999999998363,-1.6000000000003638
2023-12-04 07:35:00,2023-12-04 08:40:00,Short,2069.6850000000004,2065.14,9.090000000001055,SL Hit,2065.14,2,419.77999999998906,65.0,6.174999999999727,-11.2150000000006
2023-12-04 11:15:00,2023-12-04 11:25:00,Short,2067.02,2067.9300000000007,-0.910000000000764,SL Hit,2067.9300000000007,1,418.8699999999883,10.0,3.1599999999998545,-0.6700000000000728
2023-12-04 12:15:00,2023-12-04 12:20:00,Short,2069.53,2069.88,-0.34999999999990905,SL Hit,2069.88,1,418.5199999999884,5.0,1.3099999999999454,-0.6400000000003274
2023-12-04 12:35:00,2023-12-04 12:45:00,Short,2068.26,2068.6099999999997,-0.3499999999994543,SL Hit,2068.6099999999997,1,418.16999999998893,10.0,1.2799999999997453,-1.1100000000001273
2023-12-04 16:05:00,2023-12-04 17:05:00,Short,2024.405,2027.86,-6.9099999999998545,SL Hit,2027.86,2,411.2599999999891,60.0,3.6549999999999727,-3.1549999999999727
2023-12-04 18:15:00,2023-12-04 19:00:00,Short,2023.755,2025.31,-3.1099999999996726,SL Hit,2025.31,2,408.1499999999894,45.0,1.834999999999809,-1.4550000000001546
2023-12-04 19:10:00,2023-12-04 19:15:00,Long,2024.64,2024.64,0.0,SL Hit,2024.64,1,408.1499999999894,5.0,-1.6400000000001,0.5599999999999454
2023-12-04 21:15:00,2023-12-04 21:50:00,Long,2029.255,2028.8,-0.9100000000003092,SL Hit,2028.8,2,407.2399999999891,35.0,-0.5550000000000637,0.8249999999998181
2023-12-05 02:20:00,2023-12-05 03:20:00,Short,2035.0900000000001,2036.37,-2.5599999999994907,SL Hit,2036.37,2,404.6799999999896,60.0,1.8699999999998909,-1.5800000000001546
2023-12-05 03:35:00,2023-12-05 04:30:00,Long,2036.0900000000001,2035.2,-1.7800000000002,SL Hit,2035.2,2,402.8999999999894,55.0,-0.9600000000000364,2.0599999999999454
2023-12-05 05:35:00,2023-12-05 06:10:00,Short,2032.1999999999998,2033.35,-2.300000000000182,SL Hit,2033.35,2,400.5999999999892,35.0,1.3300000000001546,-1.0899999999999181
2023-12-05 13:10:00,2023-12-05 13:20:00,Long,2025.89,2025.4699999999998,-0.42000000000030013,SL Hit,2025.4699999999998,1,400.1799999999889,10.0,-0.5500000000001819,1.8099999999999454
2023-12-05 13:25:00,2023-12-05 14:20:00,Long,2028.1,2025.34,-5.519999999999982,SL Hit,2025.34,2,394.65999999998894,55.0,-3.3599999999999,2.519999999999982
2023-12-05 17:25:00,2023-12-05 17:30:00,Long,2018.6,2018.6,0.0,SL Hit,2018.6,1,394.65999999998894,5.0,-1.099999999999909,1.040000000000191
2023-12-05 18:30:00,2023-12-05 19:40:00,Long,2017.9766666666665,2017.62,-1.069999999999709,SL Hit,2017.62,3,393.58999999998923,70.0,-1.3166666666663787,1.4933333333335668
2023-12-05 19:45:00,2023-12-05 19:50:00,Short,2018.1,2018.6950000000002,-0.5950000000002547,SL Hit,2018.6950000000002,1,392.994999999989,5.0,1.9100000000000819,-0.10999999999989996
2023-12-05 21:10:00,2023-12-05 21:30:00,Long,2019.1599999999999,2018.75,-0.819999999999709,SL Hit,2018.75,2,392.17499999998927,20.0,-0.5599999999999454,0.3100000000001728
2023-12-05 21:40:00,2023-12-05 23:05:00,Long,2019.045,2018.6,-0.8900000000003274,SL Hit,2018.6,2,391.28499999998894,85.0,-0.5450000000000728,0.6150000000000091
2023-12-05 23:10:00,2023-12-06 00:05:00,Short,2018.9066666666668,2019.53,-1.8699999999996635,SL Hit,2019.53,3,389.4149999999893,55.0,0.6533333333331939,-1.8066666666668425
2023-12-06 00:10:00,2023-12-06 01:25:00,Long,2019.7833333333335,2019.6,-0.550000000000864,SL Hit,2019.6,3,388.8649999999884,75.0,-0.45333333333360315,2.796666666666397
2023-12-06 03:35:00,2023-12-06 03:45:00,Short,2022.06,2022.5850000000003,-0.5250000000003183,SL Hit,2022.5850000000003,1,388.3399999999881,10.0,0.8800000000001091,-0.11999999999989086
2023-12-06 04:30:00,2023-12-06 05:20:00,Short,2022.005,2021.93,0.15000000000009095,SL Hit,2021.93,2,388.4899999999882,50.0,0.5449999999998454,-1.8050000000000637
2023-12-06 07:30:00,2023-12-06 08:25:00,Long,2031.045,2032.23,2.369999999999891,SL Hit,2032.23,2,390.8599999999881,55.0,-3.425000000000182,4.214999999999918
2023-12-06 13:10:00,2023-12-06 14:20:00,Long,2029.5333333333335,2028.4,-3.4000000000003183,SL Hit,2028.4,3,387.45999999998776,70.0,-3.1033333333334667,1.7966666666663968
2023-12-06 14:40:00,2023-12-06 14:45:00,Long,2030.18,2028.3250000000003,-1.8549999999997908,SL Hit,2028.3250000000003,1,385.60499999998797,5.0,-4.529999999999973,0.2999999999999545
2023-12-06 19:10:00,2023-12-06 23:15:00,Short,2028.0549999999998,2026.1,7.819999999999709,SL Hit,2026.1,4,393.4249999999877,245.0,2.3450000000002547,-3.6949999999999363
2023-12-06 23:20:00,2023-12-06 23:25:00,Long,2025.86,2025.86,0.0,SL Hit,2025.86,1,393.4249999999877,5.0,-0.5599999999999454,0.7100000000000364
2023-12-07 02:40:00,2023-12-07 03:40:00,Long,2028.5566666666666,2028.1,-1.3700000000001182,SL Hit,2028.1,3,392.05499999998756,60.0,-1.4966666666666697,1.2533333333333303
2023-12-07 04:30:00,2023-12-07 04:45:00,Short,2026.45,2026.45,0.0,SL Hit,2026.45,1,392.05499999998756,15.0,0.16999999999984539,-1.0399999999999636
2023-12-07 06:40:00,2023-12-07 06:50:00,Short,2027.45,2028.7449999999997,-1.294999999999618,SL Hit,2028.7449999999997,1,390.75999999998794,10.0,1.4800000000000182,-0.8300000000001546
2023-12-07 07:40:00,2023-12-07 08:00:00,Long,2029.17,2029.17,0.0,SL Hit,2029.17,1,390.75999999998794,20.0,-0.39000000000010004,1.4700000000000273
2023-12-07 08:10:00,2023-12-07 09:25:00,Long,2031.5266666666666,2031.46,-0.1999999999998181,SL Hit,2031.46,3,390.5599999999881,75.0,-1.7266666666666879,3.1533333333334213
2023-12-07 09:55:00,2023-12-07 10:25:00,Long,2034.145,2033.1,-2.0900000000001455,SL Hit,2033.1,2,388.469999999988,30.0,-1.0650000000000546,0.6050000000000182
2023-12-07 13:25:00,2023-12-07 13:30:00,Long,2032.3249999999998,2031.91,-0.8299999999994725,SL Hit,2031.91,2,387.6399999999885,5.0,-1.224999999999909,2.1250000000002274
2023-12-07 13:35:00,2023-12-07 13:40:00,Short,2034.29,2037.5100000000002,-3.2200000000002547,SL Hit,2037.5100000000002,1,384.41999999998825,5.0,4.440000000000055,-0.9300000000000637
2023-12-07 15:25:00,2023-12-07 15:40:00,Long,2028.46,2028.1449999999995,-0.3150000000005093,SL Hit,2028.1449999999995,1,384.10499999998774,15.0,-0.7000000000000455,2.6599999999998545
2023-12-07 16:35:00,2023-12-07 16:45:00,Short,2026.88,2027.3349999999996,-0.4549999999994725,SL Hit,2027.3349999999996,1,383.64999999998827,10.0,1.1199999999998909,-0.7100000000000364
2023-12-07 21:35:00,2023-12-07 21:40:00,Short,2028.55,2028.55,0.0,SL Hit,2028.55,1,383.64999999998827,5.0,0.14000000000010004,-0.849999999999909
2023-12-07 21:55:00,2023-12-07 23:00:00,Short,2028.44,2028.475,-0.03499999999985448,SL Hit,2028.475,1,383.6149999999884,65.0,0.2899999999999636,-0.2999999999999545
2023-12-07 23:15:00,2023-12-08 00:05:00,Short,2028.06,2028.5500000000002,-0.49000000000023647,SL Hit,2028.5500000000002,1,383.1249999999882,50.0,0.7000000000000455,-1.240000000000009
2023-12-08 00:40:00,2023-12-08 02:40:00,Long,2030.7725,2031.84,4.269999999999527,SL Hit,2031.84,4,387.3949999999877,120.0,-1.8724999999999454,2.5674999999998818
2023-12-08 02:45:00,2023-12-08 02:50:00,Short,2031.97,2031.97,0.0,SL Hit,2031.97,1,387.3949999999877,5.0,0.25,-0.19000000000005457
2023-12-08 05:25:00,2023-12-08 05:30:00,Long,2031.13,2031.0949999999993,-0.035000000000763976,SL Hit,2031.0949999999993,1,387.35999999998694,5.0,-0.9900000000000091,0.2899999999999636
2023-12-08 05:35:00,2023-12-08 05:40:00,Short,2030.75,2030.82,-0.06999999999993634,SL Hit,2030.82,1,387.289999999987,5.0,0.9400000000000546,-0.75
2023-12-08 06:35:00,2023-12-08 06:45:00,Short,2029.85,2030.4,-1.1000000000003638,SL Hit,2030.4,2,386.18999999998664,10.0,0.790000000000191,-0.5399999999999636
2023-12-08 12:20:00,2023-12-08 14:50:00,Short,2021.3199999999997,2009.06,36.77999999999929,SL Hit,2009.06,3,422.96999999998593,150.0,7.9200000000003,-18.2199999999998
2023-12-08 15:05:00,2023-12-08 16:05:00,Long,2009.705,2006.46,-6.489999999999782,SL Hit,2006.46,2,416.47999999998615,60.0,-4.115000000000009,4.495000000000118
2023-12-08 16:10:00,2023-12-08 17:45:00,Short,2002.71,1998.11,13.80000000000041,SL Hit,1998.11,3,430.27999999998656,95.0,3.4500000000000455,-8.0
2023-12-08 19:40:00,2023-12-08 19:45:00,Long,2000.63,2000.4899999999993,-0.14000000000078217,SL Hit,2000.4899999999993,1,430.1399999999858,5.0,-1.2300000000000182,0.5099999999999909
2023-12-08 21:00:00,2023-12-11 00:25:00,Long,2004.6785714285713,2005.94,8.830000000001064,SL Hit,2005.94,7,438.96999999998684,3085.0,-2.4785714285712857,2.9414285714285597
2023-12-11 00:35:00,2023-12-11 04:35:00,Short,2000.4283333333333,1996.61,22.91000000000031,SL Hit,1996.61,6,461.87999999998715,240.0,6.211666666666815,-5.728333333333239
2023-12-11 09:40:00,2023-12-11 09:55:00,Short,1993.14,1993.14,0.0,SL Hit,1993.14,1,461.87999999998715,15.0,0.4799999999997908,-1.1800000000000637
2023-12-11 10:40:00,2023-12-11 10:45:00,Short,1992.38,1992.38,0.0,SL Hit,1992.38,1,461.87999999998715,5.0,1.0399999999999636,-0.37000000000011823
2023-12-11 11:20:00,2023-12-11 11:45:00,Long,1994.05,1993.7,-0.6999999999998181,SL Hit,1993.7,2,461.17999999998733,25.0,-0.44000000000005457,1.0
2023-12-11 12:20:00,2023-12-11 12:55:00,Long,1995.4333333333334,1994.1,-4.000000000000455,SL Hit,1994.1,3,457.1799999999869,35.0,-1.6333333333334394,1.186666666666497
2023-12-11 13:00:00,2023-12-11 13:20:00,Short,1995.0,1995.0,0.0,SL Hit,1995.0,1,457.1799999999869,20.0,0.41000000000008185,-2.8900000000001
2023-12-11 13:25:00,2023-12-11 16:00:00,Short,1990.2060000000001,1983.92,31.43000000000029,SL Hit,1983.92,5,488.60999999998717,155.0,5.2439999999999145,-9.576000000000022
2023-12-11 16:20:00,2023-12-11 16:30:00,Short,1981.84,1981.84,0.0,SL Hit,1981.84,1,488.60999999998717,10.0,0.3000000000001819,-1.6799999999998363
2023-12-11 17:10:00,2023-12-11 18:25:00,Short,1978.27,1978.03,0.9600000000000364,SL Hit,1978.03,4,489.5699999999872,75.0,2.599999999999909,-2.869999999999891
2023-12-11 20:05:00,2023-12-11 20:35:00,Long,1981.38,1980.6,-1.5600000000004002,SL Hit,1980.6,2,488.0099999999868,30.0,-1.0800000000001546,0.6299999999998818
2023-12-11 20:40:00,2023-12-11 21:00:00,Short,1981.21,1981.455,-0.24499999999989086,SL Hit,1981.455,1,487.7649999999869,20.0,0.2999999999999545,-1.8099999999999454
2023-12-11 21:30:00,2023-12-12 01:25:00,Long,1982.97625,1984.22,9.950000000000728,SL Hit,1984.22,8,497.71499999998764,235.0,-2.176249999999982,3.993750000000091
2023-12-12 03:15:00,2023-12-12 04:45:00,Long,1984.1799999999998,1984.6,0.8400000000001455,SL Hit,1984.6,2,498.5549999999878,90.0,-1.2299999999997908,2.160000000000082
2023-12-12 04:50:00,2023-12-12 05:00:00,Short,1985.25,1985.6349999999998,-0.38499999999976353,SL Hit,1985.6349999999998,1,498.169999999988,10.0,1.0,-0.75
2023-12-12 08:25:00,2023-12-12 10:25:00,Short,1985.6433333333334,1986.52,-2.6299999999996544,SL Hit,1986.52,3,495.53999999998837,120.0,1.3766666666665515,-2.763333333333321
2023-12-12 12:05:00,2023-12-12 13:35:00,Long,1989.54,1988.66,-2.6399999999996453,SL Hit,1988.66,3,492.8999999999887,90.0,-2.6299999999998818,5.420000000000073
2023-12-12 16:40:00,2023-12-12 18:00:00,Short,1980.19,1979.95,0.4800000000000182,SL Hit,1979.95,2,493.37999999998874,80.0,1.6799999999998363,-3.0299999999999727
2023-12-12 21:15:00,2023-12-12 21:20:00,Short,1979.66,1979.66,0.0,SL Hit,1979.66,1,493.37999999998874,5.0,0.1799999999998363,-1.0600000000001728
2023-12-12 21:50:00,2023-12-12 23:00:00,Short,1979.61,1979.6800000000007,-0.07000000000084583,SL Hit,1979.6800000000007,1,493.3099999999879,70.0,1.040000000000191,-1.1099999999999
2023-12-12 23:05:00,2023-12-13 00:20:00,Long,1980.8333333333333,1980.7,-0.3999999999996362,SL Hit,1980.7,3,492.90999999998826,75.0,-1.133333333333212,1.8766666666667788
2023-12-13 01:10:00,2023-12-13 01:25:00,Long,1980.9099999999999,1980.0,-1.819999999999709,SL Hit,1980.0,2,491.08999999998855,15.0,-1.209999999999809,0.37000000000011823
2023-12-13 02:05:00,2023-12-13 03:10:00,Short,1979.48,1979.65,-0.3400000000001455,SL Hit,1979.65,2,490.7499999999884,65.0,0.5499999999999545,-1.5399999999999636
2023-12-13 03:45:00,2023-12-13 04:20:00,Short,1978.73,1978.73,0.0,SL Hit,1978.73,1,490.7499999999884,35.0,0.01999999999998181,-1.5299999999999727
2023-12-13 06:10:00,2023-12-13 07:10:00,Short,1976.68,1975.71,1.9400000000000546,SL Hit,1975.71,2,492.68999999998846,60.0,1.4500000000000455,-3.6700000000000728
2023-12-13 08:25:00,2023-12-13 10:20:00,Long,1980.965,1981.23,1.0600000000004002,SL Hit,1981.23,4,493.74999999998886,115.0,-1.6649999999999636,1.7550000000001091
2023-12-13 10:25:00,2023-12-13 10:30:00,Short,1981.52,1982.325,-0.8050000000000637,Bullish Trade Reversal,1982.325,1,492.9449999999888,5.0,0.8099999999999454,-0.2999999999999545
2023-12-13 10:30:00,2023-12-13 11:20:00,Long,1981.8733333333332,1982.1,0.6800000000000637,SL Hit,1982.1,3,493.62499999998886,50.0,-0.6133333333332303,1.5666666666668334
2023-12-13 12:00:00,2023-12-13 13:30:00,Short,1981.6899999999998,1982.25,-1.6800000000005184,SL Hit,1982.25,3,491.94499999998834,90.0,4.5300000000002,-1.8799999999998818
2023-12-13 14:30:00,2023-12-13 14:35:00,Short,1982.92,1983.0949999999998,-0.17499999999972715,SL Hit,1983.0949999999998,1,491.7699999999886,5.0,0.9800000000000182,-1.3100000000001728
2023-12-13 15:05:00,2023-12-13 16:00:00,Short,1981.96,1981.96,0.0,SL Hit,1981.96,1,491.7699999999886,55.0,0.34999999999990905,-3.5299999999999727
2023-12-13 17:50:00,2023-12-13 19:00:00,Short,1981.8333333333333,1982.7,-2.600000000000364,SL Hit,1982.7,3,489.16999999998825,70.0,14.456666666666706,-2.1133333333332303
2023-12-13 21:25:00,2023-12-13 23:00:00,Long,2024.865,2026.05,2.369999999999891,SL Hit,2026.05,2,491.53999999998814,95.0,-1.2149999999999181,2.7049999999999272
2023-12-14 02:20:00,2023-12-14 02:30:00,Long,2032.35,2032.35,0.0,SL Hit,2032.35,1,491.53999999998814,10.0,-0.8599999999999,2.1200000000001182
2023-12-14 05:05:00,2023-12-14 05:25:00,Short,2031.24,2031.42,-0.36000000000012733,SL Hit,2031.42,2,491.179999999988,20.0,0.20000000000004547,-0.5299999999999727
2023-12-14 08:00:00,2023-12-14 09:40:00,Long,2034.8899999999999,2035.67,1.5600000000004002,SL Hit,2035.67,2,492.7399999999884,100.0,-2.2899999999999636,5.160000000000082
2023-12-14 11:35:00,2023-12-14 11:40:00,Short,2033.93,2034.0349999999999,-0.10499999999979082,SL Hit,2034.0349999999999,1,492.6349999999886,5.0,0.22000000000002728,-0.7000000000000455
2023-12-14 12:30:00,2023-12-14 13:20:00,Long,2036.29,2033.56,-2.730000000000018,SL Hit,2033.56,1,489.9049999999886,50.0,-5.389999999999873,2.6400000000001
2023-12-14 14:35:00,2023-12-14 14:50:00,Long,2043.28,2043.28,0.0,SL Hit,2043.28,1,489.9049999999886,15.0,-1.099999999999909,4.269999999999982
2023-12-14 17:40:00,2023-12-14 19:15:00,Short,2034.6133333333335,2032.59,6.0700000000006185,SL Hit,2032.59,3,495.9749999999892,95.0,3.4766666666664605,-4.853333333333467
2023-12-14 21:30:00,2023-12-14 23:00:00,Short,2035.95,2036.3349999999996,-0.38499999999953616,SL Hit,2036.3349999999996,1,495.5899999999897,90.0,0.5,-0.6000000000001364
2023-12-14 23:10:00,2023-12-14 23:55:00,Long,2036.3,2035.5,-1.599999999999909,SL Hit,2035.5,2,493.9899999999898,45.0,-1.099999999999909,2.25
2023-12-15 00:00:00,2023-12-15 02:10:00,Short,2033.8633333333335,2033.44,1.2700000000002092,SL Hit,2033.44,3,495.25999999999,130.0,2.3866666666665424,-3.4633333333333667
2023-12-15 03:25:00,2023-12-15 03:55:00,Short,2035.43,2036.1650000000002,-0.7350000000001273,SL Hit,2036.1650000000002,1,494.52499999998986,30.0,0.75,-1.4300000000000637
2023-12-15 04:45:00,2023-12-15 05:45:00,Long,2036.635,2035.11,-3.050000000000182,SL Hit,2035.11,2,491.4749999999897,60.0,-2.035000000000082,0.6449999999999818
2023-12-15 08:20:00,2023-12-15 11:10:00,Long,2040.6633333333332,2041.5,5.020000000000891,SL Hit,2041.5,6,496.49499999999057,170.0,-3.4233333333331757,3.5766666666668243
2023-12-15 11:15:00,2023-12-15 11:45:00,Short,2042.0,2042.23,-0.4600000000000364,SL Hit,2042.23,2,496.03499999999053,30.0,0.30999999999994543,-1.7699999999999818
2023-12-15 11:50:00,2023-12-15 12:55:00,Long,2041.69,2041.3399999999997,-0.3500000000003638,SL Hit,2041.3399999999997,1,495.68499999999017,65.0,-0.7400000000000091,2.730000000000018
2023-12-15 13:25:00,2023-12-15 13:30:00,Short,2040.96,2042.5000000000002,-1.540000000000191,SL Hit,2042.5000000000002,1,494.14499999999,5.0,2.1700000000000728,-4.420000000000073
2023-12-15 14:15:00,2023-12-15 14:45:00,Long,2032.8899999999999,2031.7,-2.3799999999996544,SL Hit,2031.7,2,491.7649999999903,30.0,-1.4099999999998545,3.300000000000182
2023-12-15 14:50:00,2023-12-15 15:10:00,Short,2033.915,2034.27,-0.7100000000000364,SL Hit,2034.27,2,491.0549999999903,20.0,2.4850000000001273,-1.634999999999991
2023-12-15 16:55:00,2023-12-15 17:25:00,Short,2033.5466666666669,2034.17,-1.8699999999996635,SL Hit,2034.17,3,489.1849999999906,30.0,0.893333333333203,-1.1666666666667425
2023-12-15 18:15:00,2023-12-15 20:25:00,Short,2022.1725000000001,2019.0,12.69000000000051,SL Hit,2019.0,4,501.87499999999113,130.0,9.427499999999782,-6.212500000000091
2023-12-17 23:25:00,2023-12-18 00:20:00,Short,2018.4699999999998,2018.35,0.23999999999978172,SL Hit,2018.35,2,502.1149999999909,55.0,0.680000000000291,-3.1699999999998454
2023-12-18 02:50:00,2023-12-18 03:05:00,Short,2021.49,2022.33,-0.8399999999999181,SL Hit,2022.33,1,501.274999999991,15.0,1.1800000000000637,-0.32999999999992724
2023-12-18 05:00:00,2023-12-18 05:50:00,Long,2023.1999999999998,2022.35,-1.699999999999818,SL Hit,2022.35,2,499.5749999999912,50.0,-1.2999999999997272,0.8200000000001637
2023-12-18 08:45:00,2023-12-18 09:25:00,Long,2024.885,2023.83,-2.1100000000001273,SL Hit,2023.83,2,497.46499999999105,40.0,-1.6849999999999454,1.7349999999999
2023-12-18 10:30:00,2023-12-18 11:40:00,Short,2021.605,2022.22,-1.2300000000000182,SL Hit,2022.22,2,496.23499999999103,70.0,0.724999999999909,-3.105000000000018
2023-12-18 13:55:00,2023-12-18 14:10:00,Long,2024.93,2024.4749999999997,-0.455000000000382,SL Hit,2024.4749999999997,1,495.77999999999065,15.0,-0.9600000000000364,1.8699999999998909
2023-12-18 15:25:00,2023-12-18 15:30:00,Short,2021.99,2021.99,0.0,SL Hit,2021.99,1,495.77999999999065,5.0,1.0699999999999363,-0.8299999999999272
2023-12-18 16:35:00,2023-12-18 16:55:00,Long,2023.07,2022.4750000000004,-0.5949999999995725,SL Hit,2022.4750000000004,1,495.1849999999911,20.0,-0.8399999999999181,1.5
2023-12-18 20:05:00,2023-12-18 20:15:00,Short,2026.19,2026.19,0.0,SL Hit,2026.19,1,495.1849999999911,10.0,0.10999999999989996,-0.6000000000001364
2023-12-18 20:30:00,2023-12-18 20:35:00,Short,2026.53,2026.53,0.0,SL Hit,2026.53,1,495.1849999999911,5.0,0.18000000000006366,-0.5299999999999727
2023-12-18 21:35:00,2023-12-18 21:50:00,Long,2026.84,2026.63,-0.209999999999809,SL Hit,2026.63,1,494.97499999999127,15.0,-0.7400000000000091,0.39000000000010004
2023-12-19 01:10:00,2023-12-19 01:25:00,Short,2026.9,2027.54,-1.2799999999997453,SL Hit,2027.54,2,493.6949999999915,15.0,1.0,-1.1000000000001364
2023-12-19 01:30:00,2023-12-19 01:35:00,Long,2026.69,2026.2699999999995,-0.4200000000005275,SL Hit,2026.2699999999995,1,493.274999999991,5.0,-0.6900000000000546,0.5399999999999636
2023-12-19 07:25:00,2023-12-19 07:55:00,Long,2025.075,2024.5,-1.150000000000091,SL Hit,2024.5,2,492.1249999999909,30.0,-0.7250000000001364,1.115000000000009
2023-12-19 10:10:00,2023-12-19 12:00:00,Short,2026.3899999999999,2027.08,-1.3800000000001091,SL Hit,2027.08,2,490.7449999999908,110.0,0.9400000000000546,-2.689999999999827
2023-12-19 12:45:00,2023-12-19 17:50:00,Long,2033.9716666666666,2040.84,41.210000000000036,SL Hit,2040.84,6,531.9549999999908,305.0,-6.691666666666606,12.848333333333358
2023-12-19 17:55:00,2023-12-19 18:55:00,Short,2039.655,2038.69,1.9299999999998363,SL Hit,2038.69,2,533.8849999999907,60.0,1.1949999999999363,-2.9349999999999454
2023-12-19 19:00:00,2023-12-19 19:20:00,Long,2038.79,2038.0899999999997,-0.7000000000002728,SL Hit,2038.0899999999997,1,533.1849999999904,20.0,-0.9900000000000091,0.42000000000007276
2023-12-19 20:25:00,2023-12-19 20:40:00,Long,2039.4,2039.0149999999996,-0.38500000000044565,SL Hit,2039.0149999999996,1,532.79999999999,15.0,-1.400000000000091,0.33999999999991815
2023-12-19 23:25:00,2023-12-19 23:40:00,Short,2039.86,2039.86,0.0,SL Hit,2039.86,1,532.79999999999,15.0,0.21000000000003638,-1.0699999999999363
2023-12-20 00:45:00,2023-12-20 02:25:00,Short,2038.28,2038.06,0.8800000000001091,SL Hit,2038.06,4,533.6799999999901,100.0,1.5499999999999545,-1.6800000000000637
2023-12-20 04:15:00,2023-12-20 04:25:00,Short,2040.48,2040.48,0.0,SL Hit,2040.48,1,533.6799999999901,10.0,0.03999999999996362,-0.5499999999999545
2023-12-20 08:00:00,2023-12-20 08:35:00,Short,2041.76,2041.76,0.0,SL Hit,2041.76,1,533.6799999999901,35.0,0.029999999999972715,-1.8900000000001
2023-12-20 10:05:00,2023-12-20 12:00:00,Short,2036.0933333333332,2034.05,6.129999999999882,SL Hit,2034.05,3,539.8099999999899,115.0,3.6866666666667243,-3.883333333333212
2023-12-20 17:25:00,2023-12-20 17:40:00,Short,2033.17,2033.9050000000002,-0.7350000000001273,SL Hit,2033.9050000000002,1,539.0749999999898,15.0,1.0,-1.1000000000001364
2023-12-21 01:10:00,2023-12-21 01:30:00,Short,2033.995,2034.25,-0.5100000000002183,SL Hit,2034.25,2,538.5649999999896,20.0,0.6450000000002092,-0.9949999999998909
2023-12-21 04:00:00,2023-12-21 04:20:00,Long,2037.47,2036.9449999999997,-0.5250000000003183,SL Hit,2036.9449999999997,1,538.0399999999893,20.0,-1.3700000000001182,0.2899999999999636
2023-12-21 04:55:00,2023-12-21 05:10:00,Short,2036.62,2036.62,0.0,SL Hit,2036.62,1,538.0399999999893,15.0,0.39000000000010004,-0.4799999999997908
2023-12-21 06:00:00,2023-12-21 06:35:00,Short,2035.49,2036.21,-1.4400000000000546,SL Hit,2036.21,2,536.5999999999892,35.0,0.849999999999909,-1.1900000000000546
2023-12-21 06:50:00,2023-12-21 07:05:00,Long,2036.42,2036.1049999999996,-0.3150000000005093,SL Hit,2036.1049999999996,1,536.2849999999887,15.0,-1.2100000000000364,0.7899999999999636
2023-12-21 08:30:00,2023-12-21 08:45:00,Long,2035.98,2035.98,0.0,SL Hit,2035.98,1,536.2849999999887,15.0,-0.05999999999994543,1.1399999999998727
2023-12-21 09:50:00,2023-12-21 10:05:00,Short,2035.52,2035.52,0.0,SL Hit,2035.52,1,536.2849999999887,15.0,0.14000000000010004,-1.3199999999999363
2023-12-21 11:30:00,2023-12-21 11:40:00,Long,2034.61,2034.47,-0.13999999999987267,SL Hit,2034.47,1,536.1449999999888,10.0,-1.3099999999999454,0.5900000000001455
2023-12-21 14:45:00,2023-12-21 15:00:00,Long,2043.38,2041.3,-4.160000000000309,SL Hit,2041.3,2,531.9849999999885,15.0,-3.410000000000082,2.3199999999999363
2023-12-21 15:55:00,2023-12-21 16:50:00,Long,2042.3233333333335,2041.7,-1.8700000000003456,SL Hit,2041.7,3,530.1149999999882,55.0,-1.6333333333334394,2.196666666666488
2023-12-21 17:00:00,2023-12-21 19:10:00,Short,2040.8066666666666,2040.55,0.7699999999999818,SL Hit,2040.55,3,530.8849999999882,130.0,2.773333333333312,-3.5066666666666606
2023-12-21 20:05:00,2023-12-22 00:10:00,Long,2046.0942857142857,2050.8,32.940000000001646,SL Hit,2050.8,7,563.8249999999898,245.0,-3.08428571428567,8.695714285714303
2023-12-22 01:00:00,2023-12-22 01:10:00,Short,2047.79,2047.86,-0.06999999999993634,SL Hit,2047.86,1,563.7549999999899,10.0,0.6300000000001091,-0.8399999999999181
2023-12-22 02:55:00,2023-12-22 03:05:00,Long,2049.96,2049.6800000000003,-0.27999999999974534,SL Hit,2049.6800000000003,1,563.4749999999901,10.0,-0.36000000000012733,0.7599999999997635
2023-12-22 03:15:00,2023-12-22 03:30:00,Long,2050.4049999999997,2049.6,-1.6099999999996726,SL Hit,2049.6,2,561.8649999999905,15.0,-1.324999999999818,0.7250000000003638
2023-12-22 05:00:00,2023-12-22 07:00:00,Short,2048.6225,2048.87,-0.9899999999997817,SL Hit,2048.87,4,560.8749999999907,120.0,0.8975000000000364,-1.7224999999998545
2023-12-22 08:40:00,2023-12-22 12:55:00,Long,2055.55,2059.9,34.79999999999927,SL Hit,2059.9,8,595.67499999999,255.0,-4.7800000000002,10.259999999999764
2023-12-22 13:45:00,2023-12-22 15:20:00,Long,2065.8266666666664,2066.13,0.9100000000012187,SL Hit,2066.13,3,596.5849999999912,95.0,-3.406666666666297,4.3733333333334485
2023-12-22 17:50:00,2023-12-22 19:05:00,Long,2056.21,2056.28,0.14000000000032742,SL Hit,2056.28,2,596.7249999999915,75.0,-1.7600000000002183,1.7399999999997817
2023-12-26 00:15:00,2023-12-26 00:25:00,Short,2054.05,2054.05,0.0,SL Hit,2054.05,1,596.7249999999915,10.0,0.04999999999972715,-1.150000000000091
2023-12-26 00:55:00,2023-12-26 05:10:00,Long,2060.6514285714284,2063.3,18.540000000002692,SL Hit,2063.3,7,615.2649999999942,255.0,-6.261428571428496,4.168571428571795
2023-12-26 07:50:00,2023-12-26 08:00:00,Long,2063.47,2063.47,0.0,SL Hit,2063.47,1,615.2649999999942,10.0,-0.25,1.0900000000001455
2023-12-26 08:20:00,2023-12-26 09:20:00,Short,2062.7566666666667,2061.76,2.989999999999327,SL Hit,2061.76,3,618.2549999999935,60.0,1.133333333333212,-2.1566666666667516
2023-12-26 12:15:00,2023-12-26 13:20:00,Short,2062.56,2063.03,-0.9400000000005093,SL Hit,2063.03,2,617.314999999993,65.0,0.7300000000000182,-1.2899999999999636
2023-12-26 18:30:00,2023-12-26 18:35:00,Long,2058.45,2058.45,0.0,SL Hit,2058.45,1,617.314999999993,5.0,-0.03999999999996362,1.0900000000001455
2023-12-26 22:00:00,2023-12-26 23:00:00,Short,2067.77,2067.77,0.0,SL Hit,2067.77,1,617.314999999993,60.0,0.5300000000002001,-0.1999999999998181
2023-12-27 02:05:00,2023-12-27 04:50:00,Short,2065.64,2065.03,1.8299999999990177,SL Hit,2065.03,3,619.144999999992,165.0,1.5199999999999818,-2.4400000000000546
2023-12-27 04:55:00,2023-12-27 05:35:00,Long,2065.49,2064.3,-2.3799999999991996,SL Hit,2064.3,2,616.7649999999928,40.0,-1.199999999999818,0.580000000000382
2023-12-27 06:50:00,2023-12-27 07:25:00,Short,2066.06,2066.06,0.0,SL Hit,2066.06,1,616.7649999999928,35.0,0.20000000000027285,-1.8600000000001273
2023-12-27 08:05:00,2023-12-27 09:15:00,Long,2067.04,2067.24,0.5999999999994543,SL Hit,2067.24,3,617.3649999999923,70.0,-0.8200000000001637,1.3099999999999454
2023-12-27 17:05:00,2023-12-27 17:10:00,Short,2080.51,2080.51,0.0,SL Hit,2080.51,1,617.3649999999923,5.0,0.4299999999998363,-1.0600000000004002
2023-12-27 18:00:00,2023-12-27 18:30:00,Long,2081.9849999999997,2081.1,-1.769999999999527,SL Hit,2081.1,2,615.5949999999928,30.0,-3.0949999999998,2.005000000000109
2023-12-27 20:20:00,2023-12-27 20:30:00,Short,2076.94,2077.4299999999994,-0.489999999999327,SL Hit,2077.4299999999994,1,615.1049999999934,10.0,1.1700000000000728,-0.2699999999999818
2023-12-27 21:20:00,2023-12-27 21:30:00,Short,2077.2,2077.2,0.0,SL Hit,2077.2,1,615.1049999999934,10.0,0.01999999999998181,-0.4399999999995998
2023-12-27 23:55:00,2023-12-28 00:55:00,Long,2079.605,2079.4,-0.4099999999998545,SL Hit,2079.4,2,614.6949999999936,60.0,-0.5549999999998363,1.0850000000000364
2023-12-28 05:00:00,2023-12-28 05:05:00,Short,2086.51,2086.894999999999,-0.38499999999885404,SL Hit,2086.894999999999,1,614.3099999999947,5.0,0.6599999999998545,-0.44000000000005457
2023-12-28 05:10:00,2023-12-28 05:15:00,Long,2086.85,2086.85,0.0,SL Hit,2086.85,1,614.3099999999947,5.0,-1.449999999999818,0.34999999999990905
2023-12-28 07:10:00,2023-12-28 07:25:00,Long,2086.53,2085.585,-0.9450000000001637,SL Hit,2085.585,1,613.3649999999946,15.0,-1.1400000000003274,0.8999999999996362
2023-12-28 09:00:00,2023-12-28 09:55:00,Short,2075.9500000000003,2077.7,-5.249999999998636,SL Hit,2077.7,3,608.1149999999959,55.0,2.0799999999999272,-2.7200000000002547
2023-12-28 10:00:00,2023-12-28 10:40:00,Long,2077.6549999999997,2075.71,-3.889999999999418,SL Hit,2075.71,2,604.2249999999965,40.0,-2.3149999999996,1.1950000000001637
2023-12-28 10:50:00,2023-12-28 11:00:00,Short,2076.19,2077.8,-1.6100000000001273,SL Hit,2077.8,1,602.6149999999964,10.0,1.6799999999998363,-1.1799999999998363
2023-12-28 15:45:00,2023-12-28 15:50:00,Long,2078.1,2077.225,-0.875,SL Hit,2077.225,1,601.7399999999964,5.0,-1.0199999999999818,0.9400000000000546
2023-12-28 15:55:00,2023-12-28 17:45:00,Short,2075.78,2075.49,0.8700000000012551,SL Hit,2075.49,3,602.6099999999976,110.0,1.6299999999996544,-3.4900000000002365
2023-12-28 21:40:00,2023-12-28 21:50:00,Short,2065.23,2065.5099999999998,-0.27999999999974534,SL Hit,2065.5099999999998,1,602.3299999999979,10.0,0.40000000000009095,-0.6300000000001091
2023-12-28 21:55:00,2023-12-28 23:00:00,Short,2065.39,2065.63,-0.48000000000047294,SL Hit,2065.63,2,601.8499999999974,65.0,1.5300000000002,-0.2899999999999636
2023-12-29 00:20:00,2023-12-29 00:30:00,Long,2066.4,2066.4,0.0,SL Hit,2066.4,1,601.8499999999974,10.0,-0.2800000000002001,1.4099999999998545
2023-12-29 01:15:00,2023-12-29 03:15:00,Long,2068.775,2068.1,-2.7000000000007276,SL Hit,2068.1,4,599.1499999999967,120.0,-1.305000000000291,2.4649999999996908
2023-12-29 03:20:00,2023-12-29 03:30:00,Short,2068.3,2068.754999999999,-0.45499999999901775,SL Hit,2068.754999999999,1,598.6949999999977,10.0,0.6499999999996362,-0.49000000000023647
2023-12-29 08:35:00,2023-12-29 11:15:00,Short,2068.5066666666667,2066.27,6.710000000000036,SL Hit,2066.27,3,605.4049999999977,160.0,3.163333333333412,-6.426666666666733
2023-12-29 12:30:00,2023-12-29 14:40:00,Short,2063.8475,2062.32,6.109999999998763,SL Hit,2062.32,4,611.5149999999965,130.0,3.332499999999982,-5.627500000000055
2023-12-29 15:35:00,2023-12-29 15:40:00,Long,2064.22,2064.22,0.0,SL Hit,2064.22,1,611.5149999999965,5.0,-1.2599999999997635,1.5300000000002
2023-12-29 17:25:00,2023-12-29 17:50:00,Long,2066.4,2065.8399999999992,-0.5600000000008549,SL Hit,2065.8399999999992,1,610.9549999999956,25.0,-0.9100000000003092,1.3800000000001091
2023-12-29 19:25:00,2023-12-29 20:40:00,Long,2065.6099999999997,2064.0,-3.219999999999345,SL Hit,2064.0,2,607.7349999999963,75.0,-1.6299999999996544,2.080000000000382
2023-12-29 21:25:00,2023-12-31 22:00:00,Short,2062.645,2063.16,-1.0299999999997453,SL Hit,2063.16,2,606.7049999999965,2915.0,2.5650000000000546,-0.8449999999997999
2024-01-02 00:20:00,2024-01-02 00:30:00,Short,2063.45,2063.45,0.0,SL Hit,2063.45,1,606.7049999999965,10.0,0.19000000000005457,-1.449999999999818
2024-01-02 01:55:00,2024-01-02 02:35:00,Short,2067.07,2067.07,0.0,SL Hit,2067.07,1,606.7049999999965,40.0,1.1399999999998727,-2.8099999999999454
2024-01-02 05:00:00,2024-01-02 05:10:00,Short,2069.63,2070.3999999999996,-0.7699999999995271,SL Hit,2070.3999999999996,1,605.934999999997,10.0,1.8599999999996726,-0.32999999999992724
2024-01-02 14:45:00,2024-01-02 14:55:00,Short,2066.96,2074.45,-7.489999999999782,Bullish Trade Reversal,2074.45,1,598.4449999999972,10.0,3.2399999999997817,-1.0599999999999454
2024-01-02 14:55:00,2024-01-02 15:25:00,Long,2069.06,2063.95,-5.110000000000127,SL Hit,2063.95,1,593.3349999999971,30.0,-5.360000000000127,1.1799999999998363
2024-01-02 16:50:00,2024-01-02 17:15:00,Long,2066.09,2064.1,-3.980000000000473,SL Hit,2064.1,2,589.3549999999966,25.0,-3.130000000000109,0.8299999999999272
2024-01-02 19:30:00,2024-01-02 21:50:00,Short,2060.8675,2059.02,7.389999999999418,SL Hit,2059.02,4,596.744999999996,140.0,1.0125000000002728,-3.167500000000018
2024-01-02 21:55:00,2024-01-02 23:00:00,Long,2058.795,2058.35,-0.8900000000003274,SL Hit,2058.35,2,595.8549999999957,65.0,-0.7950000000000728,0.11499999999978172
2024-01-02 23:05:00,2024-01-02 23:25:00,Short,2058.995,2059.24,-0.4899999999997817,SL Hit,2059.24,2,595.3649999999959,20.0,0.34500000000025466,-1.194999999999709
2024-01-03 01:20:00,2024-01-03 01:30:00,Short,2060.33,2061.730000000003,-1.4000000000032742,SL Hit,2061.730000000003,1,593.9649999999926,10.0,1.6700000000000728,-0.7300000000000182
2024-01-03 05:00:00,2024-01-03 05:30:00,Short,2064.66,2064.66,0.0,SL Hit,2064.66,1,593.9649999999926,30.0,0.30999999999994543,-1.4600000000000364
2024-01-03 05:55:00,2024-01-03 06:50:00,Short,2064.3300000000004,2064.8,-1.4099999999993997,SL Hit,2064.8,3,592.5549999999932,55.0,0.8399999999996908,-1.330000000000382
2024-01-03 07:10:00,2024-01-03 15:00:00,Short,2051.943,2042.17,97.73000000000138,SL Hit,2042.17,10,690.2849999999946,470.0,12.216999999999643,-20.02300000000014
2024-01-03 16:05:00,2024-01-03 18:00:00,Short,2034.0649999999998,2033.51,2.219999999999345,SL Hit,2033.51,4,692.504999999994,115.0,1.6850000000001728,-3.0949999999998
2024-01-03 18:35:00,2024-01-03 18:40:00,Long,2034.24,2034.24,0.0,SL Hit,2034.24,1,692.504999999994,5.0,-0.2400000000000091,1.0199999999999818
2024-01-03 21:00:00,2024-01-03 21:10:00,Long,2040.99,2040.4299999999998,-0.5600000000001728,SL Hit,2040.4299999999998,1,691.9449999999938,10.0,-0.6700000000000728,0.7100000000000364
2024-01-03 21:45:00,2024-01-03 23:00:00,Short,2041.0,2041.98,-0.9800000000000182,SL Hit,2041.98,1,690.9649999999938,75.0,1.4100000000000819,-0.21000000000003638
2024-01-03 23:40:00,2024-01-04 00:05:00,Long,2042.67,2042.3199999999997,-0.3500000000003638,SL Hit,2042.3199999999997,1,690.6149999999934,25.0,-0.4700000000000273,0.8899999999998727
2024-01-04 00:10:00,2024-01-04 00:50:00,Long,2042.605,2041.7,-1.8099999999999454,SL Hit,2041.7,2,688.8049999999935,40.0,-0.9249999999999545,0.48499999999989996
2024-01-04 01:00:00,2024-01-04 01:05:00,Short,2042.13,2042.4449999999997,-0.3149999999995998,SL Hit,2042.4449999999997,1,688.4899999999939,5.0,0.4399999999998272,-0.3200000000001637
2024-01-04 01:25:00,2024-01-04 02:00:00,Short,2042.46,2042.6699999999998,-0.209999999999809,SL Hit,2042.6699999999998,1,688.2799999999941,35.0,1.240000000000009,-2.2999999999999545
2024-01-04 02:05:00,2024-01-04 04:10:00,Long,2043.455,2042.56,-1.7899999999999636,SL Hit,2042.56,2,686.4899999999941,125.0,-1.0549999999998363,3.3050000000000637
2024-01-04 07:35:00,2024-01-04 08:20:00,Long,2048.056666666667,2046.85,-3.6200000000008004,SL Hit,2046.85,3,682.8699999999933,45.0,-1.356666666666797,1.3033333333332848
2024-01-04 08:25:00,2024-01-04 09:30:00,Short,2047.2350000000001,2048.52,-2.569999999999709,SL Hit,2048.52,2,680.2999999999936,65.0,1.6549999999997453,-1.775000000000091
2024-01-04 11:25:00,2024-01-04 11:30:00,Long,2047.73,2047.2749999999996,-0.455000000000382,SL Hit,2047.2749999999996,1,679.8449999999932,5.0,-0.4700000000000273,0.36999999999989086
2024-01-04 12:30:00,2024-01-04 13:20:00,Long,2045.23,2044.425,-0.8050000000000637,SL Hit,2044.425,1,679.0399999999931,50.0,-2.4400000000000546,1.759999999999991
2024-01-04 13:30:00,2024-01-04 14:20:00,Short,2041.38,2041.79,-0.819999999999709,SL Hit,2041.79,2,678.2199999999934,50.0,3.009999999999991,-3.6200000000001182
2024-01-04 17:10:00,2024-01-04 19:00:00,Short,2043.5333333333335,2043.95,-1.2499999999995453,SL Hit,2043.95,3,676.9699999999939,110.0,1.426666666666506,-2.833333333333485
2024-01-04 20:55:00,2024-01-04 21:05:00,Short,2043.62,2044.1100000000001,-0.49000000000023647,SL Hit,2044.1100000000001,1,676.4799999999937,10.0,0.6100000000001273,-0.4799999999997908
2024-01-04 21:35:00,2024-01-04 21:40:00,Short,2043.26,2043.26,0.0,SL Hit,2043.26,1,676.4799999999937,5.0,-0.0,-0.9600000000000364
2024-01-05 00:45:00,2024-01-05 00:50:00,Long,2044.13,2044.13,0.0,SL Hit,2044.13,1,676.4799999999937,5.0,-0.040000000000190994,0.4699999999997999
2024-01-05 03:00:00,2024-01-05 04:20:00,Short,2045.4533333333331,2045.45,0.009999999999308784,SL Hit,2045.45,3,676.489999999993,80.0,0.8066666666668425,-1.253333333333103
2024-01-05 04:25:00,2024-01-05 04:55:00,Long,2045.67,2044.2,-2.9400000000000546,SL Hit,2044.2,2,673.5499999999929,30.0,-1.6700000000000728,0.6299999999998818
2024-01-05 08:35:00,2024-01-05 09:10:00,Short,2042.2350000000001,2043.09,-1.7099999999995816,SL Hit,2043.09,2,671.8399999999933,35.0,1.0449999999998454,-0.7350000000001273
2024-01-05 10:45:00,2024-01-05 11:15:00,Long,2038.26,2038.225,-0.035000000000081855,SL Hit,2038.225,1,671.8049999999932,30.0,-0.25,1.9800000000000182
2024-01-05 11:25:00,2024-01-05 11:30:00,Short,2038.16,2038.16,0.0,SL Hit,2038.16,1,671.8049999999932,5.0,0.09999999999990905,-0.8200000000001637
2024-01-05 12:45:00,2024-01-05 13:25:00,Long,2040.18,2039.53,-1.9500000000002728,SL Hit,2039.53,3,669.854999999993,40.0,-0.8500000000001364,1.3899999999998727
2024-01-05 18:15:00,2024-01-05 18:25:00,Short,2041.64,2042.725,-1.084999999999809,SL Hit,2042.725,1,668.7699999999932,10.0,1.7699999999999818,-0.41000000000008185
2024-01-05 18:30:00,2024-01-05 19:40:00,Long,2045.6950000000002,2046.6,1.8099999999994907,SL Hit,2046.6,2,670.5799999999927,70.0,-2.895000000000209,4.464999999999691
2024-01-05 19:45:00,2024-01-05 21:20:00,Short,2045.2649999999999,2044.76,1.0099999999997635,SL Hit,2044.76,2,671.5899999999924,95.0,1.275000000000091,-2.354999999999791
2024-01-05 21:30:00,2024-01-07 23:00:00,Long,2044.69,2043.7,-1.9800000000000182,SL Hit,2043.7,2,669.6099999999924,2970.0,-1.3400000000001455,1.9600000000000364
2024-01-07 23:45:00,2024-01-08 00:15:00,Short,2043.98,2045.1,-1.1199999999998909,SL Hit,2045.1,1,668.4899999999925,30.0,1.5,-1.6800000000000637
2024-01-08 00:20:00,2024-01-08 00:25:00,Long,2045.18,2045.18,0.0,SL Hit,2045.18,1,668.4899999999925,5.0,-0.8800000000001091,0.6799999999998363
2024-01-08 01:15:00,2024-01-08 01:40:00,Long,2045.31,2043.9100000000003,-1.3999999999996362,Bearish Trade Reversal,2043.9100000000003,1,667.0899999999929,25.0,-2.3099999999999454,1.1900000000000546
2024-01-08 01:40:00,2024-01-08 07:45:00,Short,2036.0466666666664,2031.07,44.789999999998145,SL Hit,2031.07,9,711.879999999991,365.0,8.563333333333503,-7.846666666666351
2024-01-08 08:10:00,2024-01-08 09:45:00,Short,2029.455,2030.54,-2.1700000000000728,SL Hit,2030.54,2,709.7099999999909,95.0,1.9950000000001182,-2.855000000000018
2024-01-08 10:25:00,2024-01-08 12:45:00,Short,2023.0600000000002,2020.81,6.750000000000682,SL Hit,2020.81,3,716.4599999999916,140.0,5.399999999999864,-4.310000000000173
2024-01-08 19:20:00,2024-01-08 20:05:00,Long,2028.435,2027.5,-1.8699999999998909,SL Hit,2027.5,2,714.5899999999917,45.0,-1.0449999999998454,1.2950000000000728
2024-01-08 22:00:00,2024-01-08 23:00:00,Short,2027.83,2027.83,0.0,SL Hit,2027.83,1,714.5899999999917,60.0,0.5099999999999909,-0.009999999999990905
2024-01-09 01:00:00,2024-01-09 01:20:00,Long,2034.74,2032.8500000000001,-1.8899999999998727,Bearish Trade Reversal,2032.8500000000001,1,712.6999999999919,20.0,-2.269999999999982,0.5899999999999181
2024-01-09 01:20:00,2024-01-09 02:00:00,Short,2033.72,2033.8249999999998,-0.10499999999979082,SL Hit,2033.8249999999998,1,712.5949999999921,40.0,0.6800000000000637,-2.8199999999999363
2024-01-09 03:05:00,2024-01-09 03:15:00,Short,2034.01,2034.01,0.0,SL Hit,2034.01,1,712.5949999999921,10.0,0.7599999999999909,-1.6099999999999
2024-01-09 04:25:00,2024-01-09 05:50:00,Short,2032.4150000000002,2032.56,-0.5799999999990177,SL Hit,2032.56,4,712.014999999993,85.0,1.2749999999998636,-2.2150000000001455
2024-01-09 07:15:00,2024-01-09 08:10:00,Long,2034.325,2032.7,-3.25,SL Hit,2032.7,2,708.764999999993,55.0,-1.7150000000001455,3.2949999999998454
2024-01-09 11:35:00,2024-01-09 11:45:00,Short,2034.73,2034.7649999999999,-0.03499999999985448,SL Hit,2034.7649999999999,1,708.7299999999932,10.0,0.5599999999999454,-0.9800000000000182
2024-01-09 11:50:00,2024-01-09 12:10:00,Short,2034.81,2035.42,-1.2200000000002547,SL Hit,2035.42,2,707.5099999999929,20.0,0.8099999999999454,-1.9099999999998545
2024-01-09 12:30:00,2024-01-09 13:05:00,Long,2035.46,2034.27,-3.5700000000001637,SL Hit,2034.27,3,703.9399999999928,35.0,-2.0299999999999727,0.7699999999999818
2024-01-09 14:45:00,2024-01-09 16:55:00,Short,2033.37,2030.89,9.919999999999163,SL Hit,2030.89,4,713.8599999999919,130.0,2.6400000000001,-7.25
2024-01-09 17:35:00,2024-01-09 17:55:00,Short,2028.85,2029.1650000000004,-0.3150000000005093,SL Hit,2029.1650000000004,1,713.5449999999914,20.0,0.3300000000001546,-1.6399999999998727
2024-01-09 18:05:00,2024-01-09 18:45:00,Short,2027.84,2028.54,-0.7000000000000455,SL Hit,2028.54,1,712.8449999999914,40.0,0.8200000000001637,-1.4399999999998272
2024-01-09 19:05:00,2024-01-09 19:15:00,Long,2028.72,2028.72,0.0,SL Hit,2028.72,1,712.8449999999914,10.0,-0.8199999999999363,0.7999999999999545
2024-01-09 19:45:00,2024-01-09 19:50:00,Short,2027.98,2028.1899999999998,-0.209999999999809,SL Hit,2028.1899999999998,1,712.6349999999916,5.0,0.9300000000000637,-0.9800000000000182
2024-01-10 00:15:00,2024-01-10 00:20:00,Long,2030.66,2030.625,-0.035000000000081855,SL Hit,2030.625,1,712.5999999999915,5.0,-0.41000000000008185,0.2999999999999545
2024-01-10 01:05:00,2024-01-10 01:35:00,Short,2029.82,2029.82,0.0,SL Hit,2029.82,1,712.5999999999915,30.0,0.37000000000011823,-2.519999999999982
2024-01-10 01:45:00,2024-01-10 02:05:00,Long,2030.6,2030.6,0.0,SL Hit,2030.6,1,712.5999999999915,20.0,-0.09999999999990905,1.7800000000002
2024-01-10 03:45:00,2024-01-10 04:30:00,Short,2029.78,2029.65,0.25999999999976353,SL Hit,2029.65,2,712.8599999999913,45.0,0.8399999999999181,-1.6499999999998636
2024-01-10 04:40:00,2024-01-10 04:45:00,Long,2029.5,2029.5,0.0,SL Hit,2029.5,1,712.8599999999913,5.0,-0.05999999999994543,0.7899999999999636
2024-01-10 05:30:00,2024-01-10 07:10:00,Short,2027.2325,2026.41,3.2899999999999636,SL Hit,2026.41,4,716.1499999999912,100.0,2.457499999999982,-3.3825000000001637
2024-01-10 09:55:00,2024-01-10 11:05:00,Long,2035.6599999999999,2034.68,-1.9599999999995816,SL Hit,2034.68,2,714.1899999999916,70.0,-1.0899999999999181,4.5300000000002
2024-01-10 11:10:00,2024-01-10 12:05:00,Short,2034.37,2034.7,-0.6600000000003092,SL Hit,2034.7,2,713.5299999999913,55.0,0.6200000000001182,-2.269999999999982
2024-01-10 12:10:00,2024-01-10 12:40:00,Long,2034.8866666666665,2033.2,-5.059999999999491,SL Hit,2033.2,3,708.4699999999918,30.0,-2.2366666666664514,0.5933333333334758
2024-01-10 14:05:00,2024-01-10 14:30:00,Short,2029.87,2031.23,-2.7200000000002547,SL Hit,2031.23,2,705.7499999999916,25.0,2.9500000000000455,-1.1099999999999
2024-01-10 14:45:00,2024-01-10 15:30:00,Short,2027.335,2027.61,-0.5499999999997272,SL Hit,2027.61,2,705.1999999999919,45.0,1.6050000000000182,-2.535000000000082
2024-01-10 18:15:00,2024-01-10 19:40:00,Short,2023.41,2023.9349999999995,-0.5249999999994088,SL Hit,2023.9349999999995,1,704.6749999999925,85.0,0.8399999999999181,-3.019999999999982
2024-01-11 00:20:00,2024-01-11 00:25:00,Long,2026.3,2026.3,0.0,SL Hit,2026.3,1,704.6749999999925,5.0,-0.20000000000004547,1.259999999999991
2024-01-11 00:50:00,2024-01-11 01:40:00,Long,2027.8866666666665,2027.2,-2.0599999999994907,SL Hit,2027.2,3,702.614999999993,50.0,-0.9866666666664514,0.8733333333334485
2024-01-11 04:45:00,2024-01-11 06:15:00,Long,2032.6166666666668,2031.9,-2.150000000000091,SL Hit,2031.9,3,700.4649999999929,90.0,-1.9166666666667425,2.243333333333112
2024-01-11 06:40:00,2024-01-11 07:00:00,Long,2033.665,2033.2,-0.9299999999998363,SL Hit,2033.2,2,699.534999999993,20.0,-0.6649999999999636,1.1849999999999454
2024-01-11 07:20:00,2024-01-11 07:30:00,Long,2033.94,2033.94,0.0,SL Hit,2033.94,1,699.534999999993,10.0,-0.6400000000001,1.6099999999999
2024-01-11 07:55:00,2024-01-11 09:50:00,Short,2032.7233333333334,2032.13,1.7799999999997453,SL Hit,2032.13,3,701.3149999999928,115.0,1.8066666666666151,-3.3233333333332666
2024-01-11 10:45:00,2024-01-11 11:05:00,Long,2031.6599999999999,2031.1,-1.1199999999998909,SL Hit,2031.1,2,700.1949999999929,20.0,-0.8599999999999,0.8300000000001546
2024-01-11 12:15:00,2024-01-11 12:25:00,Short,2033.2,2033.5149999999999,-0.3149999999998272,SL Hit,2033.5149999999999,1,699.8799999999931,10.0,0.4199999999998454,-0.42000000000007276
2024-01-11 13:05:00,2024-01-11 13:30:00,Long,2034.08,2031.84,-4.480000000000018,SL Hit,2031.84,2,695.399999999993,25.0,-7.809999999999945,4.880000000000109
2024-01-11 13:35:00,2024-01-11 14:35:00,Short,2030.655,2032.29,-3.269999999999982,SL Hit,2032.29,2,692.1299999999931,60.0,3.7450000000001182,-5.615000000000009
2024-01-11 15:10:00,2024-01-11 15:30:00,Short,2027.16,2031.2199999999996,-4.059999999999491,SL Hit,2031.2199999999996,1,688.0699999999936,20.0,5.289999999999964,-1.490000000000009
2024-01-11 15:35:00,2024-01-11 15:40:00,Long,2030.16,2030.16,0.0,SL Hit,2030.16,1,688.0699999999936,5.0,-0.650000000000091,1.5
2024-01-11 16:15:00,2024-01-11 19:00:00,Short,2017.8579999999997,2016.79,5.339999999998781,SL Hit,2016.79,5,693.4099999999924,165.0,8.472000000000207,-4.46799999999962
2024-01-12 01:05:00,2024-01-12 01:10:00,Short,2030.98,2031.925,-0.9449999999999363,SL Hit,2031.925,1,692.4649999999924,5.0,1.349999999999909,-0.6600000000000819
2024-01-12 04:15:00,2024-01-12 04:40:00,Short,2033.185,2033.99,-1.6100000000001273,SL Hit,2033.99,2,690.8549999999923,25.0,1.2150000000001455,-0.7849999999998545
2024-01-12 05:40:00,2024-01-12 05:50:00,Short,2034.37,2034.76,-0.7800000000002001,SL Hit,2034.76,2,690.0749999999921,10.0,0.75,-0.6699999999998454
2024-01-12 07:25:00,2024-01-12 09:45:00,Long,2038.11,2038.81,3.5000000000002274,SL Hit,2038.81,5,693.5749999999923,140.0,-2.8099999999999454,1.8200000000001637
2024-01-12 10:25:00,2024-01-12 11:45:00,Long,2041.9066666666668,2044.8,8.679999999999609,SL Hit,2044.8,3,702.2549999999919,80.0,-3.206666666666706,5.0933333333332484
2024-01-12 11:50:00,2024-01-12 11:55:00,Short,2045.06,2045.06,0.0,SL Hit,2045.06,1,702.2549999999919,5.0,0.5700000000001637,-0.9600000000000364
2024-01-15 01:30:00,2024-01-15 04:00:00,Long,2053.1675,2055.9,10.930000000000291,SL Hit,2055.9,4,713.1849999999922,150.0,-4.257500000000164,4.852499999999964
2024-01-15 06:25:00,2024-01-15 06:55:00,Long,2055.32,2055.32,0.0,SL Hit,2055.32,1,713.1849999999922,30.0,-1.0199999999999818,1.5299999999997453
2024-01-15 07:30:00,2024-01-15 08:05:00,Short,2054.13,2054.73,-1.199999999999818,SL Hit,2054.73,2,711.9849999999924,35.0,1.6799999999998363,-1.1400000000003274
2024-01-15 10:00:00,2024-01-15 11:00:00,Short,2053.97,2053.53,1.3199999999987995,SL Hit,2053.53,3,713.3049999999912,60.0,0.8900000000003274,-2.269999999999982
2024-01-15 11:05:00,2024-01-15 11:10:00,Long,2052.99,2052.99,0.0,SL Hit,2052.99,1,713.3049999999912,5.0,-0.7099999999995816,0.330000000000382
2024-01-15 16:40:00,2024-01-15 18:00:00,Long,2054.7925,2054.7,-0.37000000000080036,SL Hit,2054.7,4,712.9349999999904,80.0,-1.2925000000000182,1.2575000000001637
2024-01-15 18:40:00,2024-01-15 23:00:00,Short,2054.54,2054.76,-0.8800000000010186,SL Hit,2054.76,4,712.0549999999894,260.0,0.42000000000007276,-0.9899999999997817
2024-01-15 23:10:00,2024-01-15 23:30:00,Long,2054.365,2053.6,-1.5299999999997453,SL Hit,2053.6,2,710.5249999999896,20.0,-1.9649999999996908,0.875
2024-01-16 02:20:00,2024-01-16 02:25:00,Short,2051.03,2051.03,0.0,SL Hit,2051.03,1,710.5249999999896,5.0,0.07999999999992724,-1.6300000000001091
2024-01-16 02:30:00,2024-01-16 03:00:00,Short,2050.51,2050.81,-0.5999999999994543,SL Hit,2050.81,2,709.9249999999902,30.0,0.3799999999996544,-1.2100000000000364
2024-01-16 03:05:00,2024-01-16 03:10:00,Long,2050.72,2050.72,0.0,SL Hit,2050.72,1,709.9249999999902,5.0,-0.18999999999959982,0.7699999999999818
2024-01-16 03:15:00,2024-01-16 03:30:00,Long,2050.75,2047.4250000000006,-3.3249999999993634,Bearish Trade Reversal,2047.4250000000006,1,706.5999999999908,15.0,-1.050000000000182,0.23999999999978172
2024-01-16 03:30:00,2024-01-16 06:10:00,Short,2049.03,2049.16,-0.3899999999989632,SL Hit,2049.16,3,706.2099999999919,160.0,1.4399999999995998,-1.650000000000091
2024-01-16 06:35:00,2024-01-16 07:20:00,Long,2049.42,2048.68,-1.480000000000473,SL Hit,2048.68,2,704.7299999999914,45.0,-1.6200000000001182,1.4200000000000728
2024-01-16 08:10:00,2024-01-16 08:20:00,Short,2048.73,2049.745,-1.0149999999998727,SL Hit,2049.745,1,703.7149999999915,10.0,1.1399999999998727,-1.5799999999999272
2024-01-16 10:45:00,2024-01-16 10:55:00,Short,2040.49,2040.6999999999998,-0.209999999999809,SL Hit,2040.6999999999998,1,703.5049999999917,10.0,0.39000000000010004,-0.7699999999999818
2024-01-16 11:25:00,2024-01-16 11:50:00,Short,2039.62,2040.0400000000004,-0.4200000000005275,SL Hit,2040.0400000000004,1,703.0849999999912,25.0,0.5500000000001819,-1.1199999999998909
2024-01-16 12:10:00,2024-01-16 12:30:00,Short,2038.53,2039.6499999999996,-1.1199999999996635,SL Hit,2039.6499999999996,1,701.9649999999915,20.0,1.1200000000001182,-2.8099999999999454
2024-01-16 17:05:00,2024-01-16 17:35:00,Short,2029.1750000000002,2028.5,1.3500000000003638,SL Hit,2028.5,2,703.3149999999919,30.0,3.444999999999709,-3.5450000000000728
2024-01-16 18:15:00,2024-01-16 18:30:00,Short,2025.9,2027.9649999999997,-2.0649999999996,Bullish Trade Reversal,2027.9649999999997,1,701.2499999999923,15.0,2.8099999999999454,-0.5600000000001728
2024-01-16 18:30:00,2024-01-16 18:55:00,Long,2027.81,2023.9250000000002,-3.8849999999997635,SL Hit,2023.9250000000002,1,697.3649999999925,25.0,-3.9099999999998545,0.900000000000091
2024-01-16 19:50:00,2024-01-16 21:00:00,Long,2028.86,2027.4,-4.379999999999427,SL Hit,2027.4,3,692.9849999999931,70.0,-1.5599999999999454,1.1800000000000637
2024-01-16 21:05:00,2024-01-16 21:50:00,Short,2027.6999999999998,2028.16,-0.9200000000005275,SL Hit,2028.16,2,692.0649999999926,45.0,0.5600000000001728,-0.7999999999997272
2024-01-16 21:55:00,2024-01-16 22:00:00,Short,2028.38,2028.38,0.0,Bullish Trade Reversal,2028.38,1,692.0649999999926,5.0,-0.0,-0.3100000000001728
2024-01-16 22:00:00,2024-01-16 23:05:00,Long,2028.0149999999999,2026.9,-2.2299999999995634,SL Hit,2026.9,2,689.834999999993,65.0,-1.6149999999997817,0.25500000000010914
2024-01-16 23:15:00,2024-01-16 23:45:00,Short,2027.005,2026.82,0.3700000000003456,SL Hit,2026.82,2,690.2049999999933,30.0,0.5549999999998363,-1.7050000000001546
2024-01-17 00:25:00,2024-01-17 02:35:00,Long,2028.1225000000002,2027.9,-0.8900000000003274,SL Hit,2027.9,4,689.314999999993,130.0,-1.5825000000002092,4.237499999999727
2024-01-17 03:35:00,2024-01-17 04:25:00,Short,2025.1533333333334,2024.67,1.4500000000000455,SL Hit,2024.67,3,690.764999999993,50.0,1.166666666666515,-2.553333333333512
2024-01-17 04:45:00,2024-01-17 04:50:00,Long,2024.83,2024.795,-0.03499999999985448,SL Hit,2024.795,1,690.7299999999932,5.0,-0.32999999999992724,0.8400000000001455
2024-01-17 07:10:00,2024-01-17 07:25:00,Short,2018.5,2019.9700000000003,-1.4700000000002547,SL Hit,2019.9700000000003,1,689.2599999999929,15.0,2.099999999999909,-1.2000000000000455
2024-01-17 08:35:00,2024-01-17 10:20:00,Short,2023.9250000000002,2024.22,-0.5899999999996908,SL Hit,2024.22,2,688.6699999999933,105.0,1.4249999999997272,-4.775000000000091
2024-01-17 13:05:00,2024-01-17 17:45:00,Short,2014.8957142857141,2006.59,58.13999999999942,SL Hit,2006.59,7,746.8099999999927,280.0,12.624285714285861,-11.405714285714112
2024-01-17 21:30:00,2024-01-17 23:05:00,Short,2006.04,2006.7400000000002,-0.7000000000002728,SL Hit,2006.7400000000002,1,746.1099999999924,95.0,2.410000000000082,-0.9400000000000546
2024-01-18 04:35:00,2024-01-18 04:45:00,Short,2008.05,2008.4000000000005,-0.35000000000059117,SL Hit,2008.4000000000005,1,745.7599999999918,10.0,0.44000000000005457,-0.34999999999990905
2024-01-18 07:45:00,2024-01-18 08:00:00,Long,2013.37,2011.7250000000006,-1.6449999999992997,SL Hit,2011.7250000000006,1,744.1149999999925,15.0,-1.9099999999998545,0.36000000000012733
2024-01-18 09:30:00,2024-01-18 09:40:00,Long,2012.04,2011.4449999999997,-0.5950000000002547,SL Hit,2011.4449999999997,1,743.5199999999923,10.0,-0.6099999999999,0.5699999999999363
2024-01-18 11:05:00,2024-01-18 11:10:00,Long,2011.09,2010.8100000000002,-0.27999999999974534,SL Hit,2010.8100000000002,1,743.2399999999925,5.0,-0.8899999999998727,0.5199999999999818
2024-01-18 11:20:00,2024-01-18 13:00:00,Long,2013.0279999999998,2013.92,4.460000000001401,SL Hit,2013.92,5,747.6999999999939,100.0,-1.8279999999997472,3.992000000000189
2024-01-18 14:40:00,2024-01-18 17:05:00,Long,2013.3183333333334,2013.7,2.2899999999999636,SL Hit,2013.7,6,749.9899999999939,145.0,-2.298333333333403,4.271666666666533
2024-01-18 17:15:00,2024-01-18 17:35:00,Short,2014.69,2015.3199999999995,-0.629999999999427,SL Hit,2015.3199999999995,1,749.3599999999944,20.0,0.7799999999999727,-0.8500000000001364
2024-01-18 19:25:00,2024-01-18 20:10:00,Short,2019.675,2020.57,-1.7899999999999636,SL Hit,2020.57,2,747.5699999999945,45.0,0.9950000000001182,-0.6749999999999545
2024-01-18 20:15:00,2024-01-18 21:15:00,Long,2021.24,2021.58,0.6799999999998363,SL Hit,2021.58,2,748.2499999999943,60.0,-0.7599999999999909,1.5199999999999818
2024-01-19 03:35:00,2024-01-19 05:30:00,Short,2021.818,2021.28,2.6900000000000546,SL Hit,2021.28,5,750.9399999999944,115.0,1.0319999999999254,-2.117999999999938
2024-01-19 05:35:00,2024-01-19 05:50:00,Short,2020.9,2021.36,-0.919999999999618,SL Hit,2021.36,2,750.0199999999948,15.0,0.9099999999998545,-1.300000000000182
2024-01-19 05:55:00,2024-01-19 06:00:00,Long,2021.21,2021.0000000000002,-0.209999999999809,SL Hit,2021.0000000000002,1,749.809999999995,5.0,-0.40000000000009095,0.9800000000000182
2024-01-19 06:05:00,2024-01-19 06:10:00,Long,2021.03,2021.03,0.0,SL Hit,2021.03,1,749.809999999995,5.0,-0.01999999999998181,0.6600000000000819
2024-01-19 06:20:00,2024-01-19 08:15:00,Long,2024.2525,2026.98,10.909999999999854,SL Hit,2026.98,4,760.7199999999948,115.0,-3.1525000000001455,5.037499999999909
2024-01-19 08:50:00,2024-01-19 09:25:00,Long,2028.955,2029.0,0.09000000000014552,SL Hit,2029.0,2,760.809999999995,35.0,-0.6949999999999363,1.634999999999991
2024-01-19 09:30:00,2024-01-19 10:00:00,Short,2029.91,2029.91,0.0,SL Hit,2029.91,1,760.809999999995,30.0,0.2599999999999909,-2.259999999999991
2024-01-19 11:00:00,2024-01-19 11:10:00,Long,2030.44,2030.44,0.0,SL Hit,2030.44,1,760.809999999995,10.0,-0.2599999999999909,1.0799999999999272
2024-01-19 18:35:00,2024-01-19 18:50:00,Short,2027.295,2027.77,-0.9499999999998181,SL Hit,2027.77,2,759.8599999999951,15.0,0.5149999999998727,-0.6649999999999636
2024-01-19 19:00:00,2024-01-19 20:40:00,Long,2028.735,2028.04,-2.7799999999997453,SL Hit,2028.04,4,757.0799999999954,100.0,-1.634999999999991,0.6850000000001728
2024-01-19 20:50:00,2024-01-19 20:55:00,Short,2028.22,2028.22,0.0,SL Hit,2028.22,1,757.0799999999954,5.0,0.03999999999996362,-0.4800000000000182
2024-01-19 21:40:00,2024-01-19 21:55:00,Long,2029.37,2028.6350000000007,-0.7349999999992178,SL Hit,2028.6350000000007,1,756.3449999999962,15.0,-1.0699999999999363,0.42000000000007276
2024-01-21 23:05:00,2024-01-22 00:00:00,Short,2028.39,2028.39,0.0,SL Hit,2028.39,1,756.3449999999962,55.0,0.029999999999972715,-2.290000000000191
2024-01-22 00:25:00,2024-01-22 00:40:00,Short,2027.17,2027.17,0.0,SL Hit,2027.17,1,756.3449999999962,15.0,0.30999999999994543,-1.650000000000091
2024-01-22 00:55:00,2024-01-22 01:50:00,Long,2029.165,2029.2,0.07000000000016371,SL Hit,2029.2,2,756.4149999999963,55.0,-1.0950000000000273,2.755000000000109
2024-01-22 02:30:00,2024-01-22 02:40:00,Short,2029.64,2029.6750000000002,-0.035000000000081855,SL Hit,2029.6750000000002,1,756.3799999999962,10.0,0.209999999999809,-0.5700000000001637
2024-01-22 08:05:00,2024-01-22 08:10:00,Short,2022.2,2022.6199999999997,-0.419999999999618,SL Hit,2022.6199999999997,1,755.9599999999966,5.0,1.2799999999999727,-0.8400000000001455
2024-01-22 08:25:00,2024-01-22 08:30:00,Long,2024.24,2023.5049999999999,-0.7350000000001273,SL Hit,2023.5049999999999,1,755.2249999999965,5.0,-1.6900000000000546,1.6299999999998818
2024-01-22 12:50:00,2024-01-22 13:10:00,Long,2028.94,2026.6999999999998,-2.2400000000002365,SL Hit,2026.6999999999998,1,752.9849999999963,20.0,-3.019999999999982,1.0299999999999727
2024-01-22 14:35:00,2024-01-22 14:50:00,Short,2020.2649999999999,2022.71,-4.890000000000327,SL Hit,2022.71,2,748.0949999999959,15.0,3.2050000000001546,-2.8049999999998363
2024-01-22 17:20:00,2024-01-22 17:25:00,Long,2023.66,2023.66,0.0,SL Hit,2023.66,1,748.0949999999959,5.0,-0.39000000000010004,0.7599999999999909
2024-01-22 17:55:00,2024-01-22 21:40:00,Short,2021.2275,2020.89,1.3499999999994543,SL Hit,2020.89,4,749.4449999999954,225.0,1.1925000000001091,-2.527499999999918
2024-01-22 23:35:00,2024-01-22 23:40:00,Short,2020.94,2020.94,0.0,SL Hit,2020.94,1,749.4449999999954,5.0,0.01999999999998181,-0.4700000000000273
2024-01-23 05:15:00,2024-01-23 07:25:00,Long,2028.9333333333332,2029.0,0.20000000000050022,SL Hit,2029.0,3,749.6449999999959,130.0,-1.633333333333212,8.716666666666924
2024-01-23 09:30:00,2024-01-23 10:05:00,Long,2028.68,2027.12,-3.1200000000003456,SL Hit,2027.12,2,746.5249999999955,35.0,-2.650000000000091,1.6399999999998727
2024-01-23 10:35:00,2024-01-23 12:05:00,Short,2025.102,2024.11,4.960000000000946,SL Hit,2024.11,5,751.4849999999965,90.0,1.9179999999998927,-2.622000000000071
2024-01-23 12:30:00,2024-01-23 13:50:00,Long,2025.2466666666667,2025.38,0.4000000000003183,SL Hit,2025.38,3,751.8849999999968,80.0,-1.2966666666666242,3.533333333333303
2024-01-23 14:15:00,2024-01-23 14:20:00,Short,2023.93,2023.93,0.0,SL Hit,2023.93,1,751.8849999999968,5.0,0.1799999999998363,-0.8700000000001182
2024-01-23 14:25:00,2024-01-23 14:35:00,Short,2023.27,2024.11,-1.6799999999998363,SL Hit,2024.11,2,750.204999999997,10.0,1.7000000000000455,-1.259999999999991
2024-01-23 20:25:00,2024-01-23 21:30:00,Short,2028.6100000000001,2028.8,-0.3799999999996544,SL Hit,2028.8,2,749.8249999999973,65.0,0.2899999999999636,-1.3100000000001728
2024-01-23 21:45:00,2024-01-23 21:50:00,Long,2028.66,2028.66,0.0,SL Hit,2028.66,1,749.8249999999973,5.0,-0.029999999999972715,0.37999999999988177
2024-01-23 23:10:00,2024-01-23 23:15:00,Short,2029.46,2029.46,0.0,SL Hit,2029.46,1,749.8249999999973,5.0,0.09999999999990905,-1.0599999999999454
2024-01-23 23:20:00,2024-01-24 01:10:00,Short,2028.28,2027.88,1.1999999999995907,SL Hit,2027.88,3,751.0249999999969,110.0,1.1200000000001182,-2.3799999999998818
2024-01-24 02:10:00,2024-01-24 03:45:00,Short,2025.4966666666667,2024.97,1.5799999999999272,SL Hit,2024.97,3,752.6049999999968,95.0,1.173333333333403,-2.196666666666715
2024-01-24 08:25:00,2024-01-24 08:30:00,Short,2029.44,2029.44,0.0,SL Hit,2029.44,1,752.6049999999968,5.0,2.7200000000000273,-1.2300000000000182
2024-01-24 10:20:00,2024-01-24 10:45:00,Short,2030.84,2030.84,0.0,SL Hit,2030.84,1,752.6049999999968,25.0,0.12000000000011823,-1.8399999999999181
2024-01-24 13:15:00,2024-01-24 13:25:00,Long,2034.09,2032.8650000000002,-1.2249999999996817,SL Hit,2032.8650000000002,1,751.3799999999972,10.0,-1.7999999999999545,1.6100000000001273
2024-01-24 14:35:00,2024-01-24 16:55:00,Short,2021.9866666666667,2015.2,20.3599999999999,SL Hit,2015.2,3,771.739999999997,140.0,9.803333333333285,-10.13666666666677
2024-01-24 18:20:00,2024-01-24 21:50:00,Short,2013.9633333333331,2012.96,6.019999999998618,SL Hit,2012.96,6,777.7599999999957,210.0,2.5466666666668516,-2.743333333333112
2024-01-25 00:15:00,2024-01-25 00:20:00,Short,2015.73,2015.8,-0.06999999999993634,SL Hit,2015.8,1,777.6899999999957,5.0,0.37999999999988177,-0.5299999999999727
2024-01-25 03:30:00,2024-01-25 03:55:00,Long,2015.895,2015.1,-1.5900000000001455,SL Hit,2015.1,2,776.0999999999956,25.0,-0.7950000000000728,0.6349999999999909
2024-01-25 04:25:00,2024-01-25 05:15:00,Short,2015.95,2016.2999999999997,-0.3499999999996817,SL Hit,2016.2999999999997,1,775.7499999999959,50.0,0.35999999999989996,-1.240000000000009
2024-01-25 05:35:00,2024-01-25 06:30:00,Short,2015.1599999999999,2015.83,-1.3400000000001455,SL Hit,2015.83,2,774.4099999999958,55.0,1.0200000000002092,-1.1599999999998545
2024-01-25 08:10:00,2024-01-25 09:30:00,Short,2014.1433333333334,2014.64,-1.490000000000009,SL Hit,2014.64,3,772.9199999999958,80.0,1.316666666666606,-1.4133333333334122
2024-01-25 09:35:00,2024-01-25 10:30:00,Long,2016.5033333333333,2017.4,2.690000000000282,SL Hit,2017.4,3,775.609999999996,55.0,-2.123333333333221,2.6366666666667697
2024-01-25 12:20:00,2024-01-25 13:15:00,Short,2014.62,2015.95,-2.6600000000003092,SL Hit,2015.95,2,772.9499999999957,55.0,2.6000000000001364,-1.2399999999997817
2024-01-25 15:20:00,2024-01-25 18:10:00,Short,2018.7900000000002,2016.34,7.3500000000008185,SL Hit,2016.34,3,780.2999999999965,170.0,4.029999999999745,-6.180000000000291
2024-01-25 21:55:00,2024-01-26 00:25:00,Long,2019.8966666666668,2019.8,-0.29000000000041837,SL Hit,2019.8,3,780.0099999999961,150.0,-1.4466666666667152,1.2133333333331393
2024-01-26 03:45:00,2024-01-26 04:20:00,Short,2021.6200000000001,2021.99,-1.1099999999996726,SL Hit,2021.99,3,778.8999999999965,35.0,0.5799999999999272,-1.3200000000001637
2024-01-26 04:25:00,2024-01-26 04:30:00,Long,2021.0,2021.0,0.0,SL Hit,2021.0,1,778.8999999999965,5.0,0.0,1.2699999999999818
2024-01-26 05:25:00,2024-01-26 05:30:00,Short,2021.35,2022.3650000000007,-1.0150000000007822,SL Hit,2022.3650000000007,1,777.8849999999957,5.0,1.050000000000182,-0.09999999999990905
2024-01-26 07:05:00,2024-01-26 07:35:00,Short,2021.9450000000002,2022.36,-0.8299999999994725,SL Hit,2022.36,2,777.0549999999962,30.0,0.6449999999997544,-2.0850000000002638
2024-01-26 08:45:00,2024-01-26 08:50:00,Short,2020.72,2021.4550000000002,-0.7350000000001273,SL Hit,2021.4550000000002,1,776.3199999999961,5.0,0.849999999999909,-0.7200000000000273
2024-01-26 10:45:00,2024-01-26 11:50:00,Long,2023.1525,2022.63,-2.089999999999236,SL Hit,2022.63,4,774.2299999999968,65.0,-1.1524999999999181,1.1375000000000455
2024-01-26 12:30:00,2024-01-26 13:00:00,Short,2022.06,2022.06,0.0,SL Hit,2022.06,1,774.2299999999968,30.0,0.3200000000001637,-1.9299999999998363
2024-01-26 18:05:00,2024-01-26 18:25:00,Short,2016.68,2016.82,-0.13999999999987267,SL Hit,2016.82,1,774.089999999997,20.0,1.5,-0.6300000000001091
2024-01-29 01:00:00,2024-01-29 01:40:00,Long,2022.675,2023.15,0.9500000000002728,SL Hit,2023.15,2,775.0399999999972,40.0,-0.8250000000000455,2.4750000000001364
2024-01-29 01:50:00,2024-01-29 02:25:00,Short,2023.15,2023.7099999999996,-0.5599999999994907,SL Hit,2023.7099999999996,1,774.4799999999977,35.0,0.7999999999999545,-1.6800000000000637
2024-01-29 06:45:00,2024-01-29 08:10:00,Long,2029.1166666666666,2030.88,5.290000000000646,SL Hit,2030.88,3,779.7699999999984,85.0,-2.1166666666665606,4.363333333333458
2024-01-29 09:00:00,2024-01-29 11:55:00,Short,2028.2416666666668,2027.7,3.2500000000004547,SL Hit,2027.7,6,783.0199999999988,175.0,3.608333333333121,-2.841666666666697
2024-01-29 12:50:00,2024-01-29 13:20:00,Short,2028.74,2029.66,-1.8400000000001455,SL Hit,2029.66,2,781.1799999999987,30.0,0.9200000000000728,-0.8399999999999181
2024-01-29 16:45:00,2024-01-29 16:50:00,Long,2026.97,2026.97,0.0,SL Hit,2026.97,1,781.1799999999987,5.0,-0.9700000000000273,0.7699999999999818
2024-01-29 18:50:00,2024-01-29 19:05:00,Short,2025.76,2026.78,-2.0399999999999636,SL Hit,2026.78,2,779.1399999999987,15.0,1.2699999999999818,-0.7000000000000455
2024-01-30 01:55:00,2024-01-30 02:45:00,Short,2030.845,2030.97,-0.25,SL Hit,2030.97,2,778.8899999999987,50.0,0.6749999999999545,-1.7450000000001182
2024-01-30 03:40:00,2024-01-30 04:45:00,Long,2032.56,2031.4,-2.319999999999709,SL Hit,2031.4,2,776.569999999999,65.0,-1.4099999999998545,0.37000000000011823
2024-01-30 05:05:00,2024-01-30 05:10:00,Short,2031.73,2031.87,-0.13999999999987267,SL Hit,2031.87,1,776.4299999999992,5.0,0.6700000000000728,-0.2300000000000182
2024-01-30 05:35:00,2024-01-30 05:40:00,Long,2032.72,2032.72,0.0,SL Hit,2032.72,1,776.4299999999992,5.0,-0.7200000000000273,0.4900000000000091
2024-01-30 08:25:00,2024-01-30 08:40:00,Long,2038.33,2037.35,-0.9800000000000182,SL Hit,2037.35,1,775.4499999999991,15.0,-1.2300000000000182,0.42000000000007276
2024-01-30 09:15:00,2024-01-30 10:40:00,Short,2037.256666666667,2037.13,0.3800000000003365,SL Hit,2037.13,3,775.8299999999995,85.0,0.9533333333331484,-2.1766666666669607
2024-01-30 10:55:00,2024-01-30 12:55:00,Short,2035.71,2036.14,-0.8600000000001273,SL Hit,2036.14,2,774.9699999999993,120.0,0.5499999999999545,-3.6000000000001364
2024-01-30 13:00:00,2024-01-30 13:10:00,Long,2034.6,2034.6,0.0,SL Hit,2034.6,1,774.9699999999993,10.0,-1.209999999999809,1.9100000000000819
2024-01-30 16:20:00,2024-01-30 18:35:00,Long,2032.66,2032.42,-0.9600000000000364,SL Hit,2032.42,4,774.0099999999993,135.0,-1.8600000000001273,3.3799999999998818
2024-01-30 18:40:00,2024-01-30 19:00:00,Short,2032.3,2033.105,-0.8050000000000637,SL Hit,2033.105,1,773.2049999999992,20.0,1.3600000000001273,-0.5799999999999272
2024-01-30 19:05:00,2024-01-30 23:10:00,Long,2035.46,2035.85,1.5599999999994907,SL Hit,2035.85,4,774.7649999999987,245.0,-2.259999999999991,1.4400000000000546
2024-01-30 23:30:00,2024-01-30 23:50:00,Short,2035.96,2036.6600000000003,-0.7000000000002728,SL Hit,2036.6600000000003,1,774.0649999999985,20.0,0.7799999999999727,-0.7599999999999909
2024-01-31 03:05:00,2024-01-31 03:15:00,Long,2033.64,2033.64,0.0,SL Hit,2033.64,1,774.0649999999985,10.0,-0.22000000000002728,0.4499999999998181
2024-01-31 03:40:00,2024-01-31 03:45:00,Short,2033.39,2033.39,0.0,SL Hit,2033.39,1,774.0649999999985,5.0,0.32999999999992724,-0.44000000000005457
2024-01-31 03:55:00,2024-01-31 04:05:00,Long,2032.9,2032.9,0.0,SL Hit,2032.9,1,774.0649999999985,10.0,-0.5,1.0
2024-01-31 04:45:00,2024-01-31 05:10:00,Long,2033.79,2033.79,0.0,SL Hit,2033.79,1,774.0649999999985,25.0,0.0,0.8900000000001
2024-01-31 10:35:00,2024-01-31 11:05:00,Short,2037.89,2038.1,-0.209999999999809,SL Hit,2038.1,1,773.8549999999987,30.0,0.8799999999998818,-1.3700000000001182
2024-01-31 11:50:00,2024-01-31 12:00:00,Short,2037.47,2037.47,0.0,SL Hit,2037.47,1,773.8549999999987,10.0,0.17000000000007276,-0.5399999999999636
2024-01-31 12:20:00,2024-01-31 12:25:00,Long,2038.44,2038.2650000000003,-0.17499999999972715,SL Hit,2038.2650000000003,1,773.6799999999989,5.0,-0.20000000000004547,0.7100000000000364
2024-01-31 13:10:00,2024-01-31 13:15:00,Short,2037.77,2037.77,0.0,SL Hit,2037.77,1,773.6799999999989,5.0,1.1800000000000637,-1.9700000000000273
2024-01-31 15:15:00,2024-01-31 15:20:00,Long,2053.35,2053.35,0.0,SL Hit,2053.35,1,773.6799999999989,5.0,-2.150000000000091,2.430000000000291
2024-01-31 16:00:00,2024-01-31 19:40:00,Short,2049.2157142857145,2046.89,16.280000000000882,SL Hit,2046.89,7,789.9599999999998,220.0,4.27428571428527,-9.155714285714566
2024-02-01 19:30:00,2024-02-01 19:40:00,Short,2056.42,2056.42,0.0,SL Hit,2056.42,1,789.9599999999998,10.0,0.15000000000009095,-1.9700000000002547
2024-02-01 20:40:00,2024-02-01 21:00:00,Long,2054.9849999999997,2054.2,-1.569999999999709,SL Hit,2054.2,2,788.3900000000001,20.0,-1.4849999999996726,0.4950000000003456
2024-02-01 21:05:00,2024-02-01 23:10:00,Short,2054.62,2055.2,-1.1599999999998545,SL Hit,2055.2,2,787.2300000000002,125.0,0.9200000000000728,-1.1199999999998909
2024-02-02 01:50:00,2024-02-02 02:20:00,Long,2054.315,2052.8,-3.0299999999997453,SL Hit,2052.8,2,784.2000000000005,30.0,-2.1550000000002,0.9049999999997453
2024-02-02 04:00:00,2024-02-02 06:20:00,Long,2054.955,2054.6,-1.4200000000000728,SL Hit,2054.6,4,782.7800000000004,140.0,-1.1549999999997453,1.5349999999998545
2024-02-02 07:05:00,2024-02-02 07:10:00,Short,2055.36,2055.744999999999,-0.38499999999885404,SL Hit,2055.744999999999,1,782.3950000000016,5.0,1.099999999999909,-0.6300000000001091
2024-02-02 07:30:00,2024-02-02 07:50:00,Long,2055.16,2054.96,-0.3999999999996362,SL Hit,2054.96,2,781.9950000000019,20.0,-0.44000000000005457,1.0
2024-02-02 07:55:00,2024-02-02 08:05:00,Short,2055.13,2056.3549999999996,-1.2249999999994543,SL Hit,2056.3549999999996,1,780.7700000000025,10.0,1.2799999999997453,-0.20000000000027285
2024-02-02 10:05:00,2024-02-02 10:10:00,Short,2053.67,2053.74,-0.06999999999970896,SL Hit,2053.74,1,780.7000000000028,5.0,0.19000000000005457,-1.0700000000001637
2024-02-02 12:15:00,2024-02-02 12:25:00,Short,2056.08,2056.08,0.0,SL Hit,2056.08,1,780.7000000000028,10.0,0.01999999999998181,-0.6900000000000546
2024-02-02 14:40:00,2024-02-02 14:45:00,Short,2030.38,2030.38,0.0,SL Hit,2030.38,1,780.7000000000028,5.0,5.489999999999782,-2.3900000000001
2024-02-02 16:50:00,2024-02-02 17:10:00,Long,2036.93,2035.32,-1.6100000000001273,SL Hit,2035.32,1,779.0900000000026,20.0,-2.630000000000109,0.37999999999988177
2024-02-02 18:10:00,2024-02-02 18:15:00,Short,2035.41,2035.6549999999997,-0.2449999999996635,SL Hit,2035.6549999999997,1,778.845000000003,5.0,0.5099999999999909,-0.9200000000000728
2024-02-02 18:30:00,2024-02-02 19:20:00,Long,2036.615,2036.4,-0.4299999999998363,SL Hit,2036.4,2,778.4150000000031,50.0,-1.0150000000001,2.025000000000091
2024-02-05 04:40:00,2024-02-05 06:50:00,Short,2030.1825,2030.58,-1.5900000000001455,SL Hit,2030.58,4,776.825000000003,130.0,2.067500000000109,-2.182499999999891
2024-02-05 07:20:00,2024-02-05 07:35:00,Short,2029.43,2029.43,0.0,SL Hit,2029.43,1,776.825000000003,15.0,0.03999999999996362,-2.230000000000018
2024-02-05 08:00:00,2024-02-05 10:20:00,Short,2024.6466666666668,2023.52,3.3800000000003365,SL Hit,2023.52,3,780.2050000000033,140.0,2.6133333333332303,-3.9266666666667334
2024-02-05 12:35:00,2024-02-05 14:20:00,Short,2020.95,2016.82,12.390000000000327,SL Hit,2016.82,3,792.5950000000037,105.0,3.7000000000000455,-6.5499999999999545
2024-02-05 17:40:00,2024-02-05 18:40:00,Long,2025.25,2025.49,0.4800000000000182,SL Hit,2025.49,2,793.0750000000037,60.0,-1.75,1.7000000000000455
2024-02-05 21:20:00,2024-02-05 23:00:00,Short,2024.5349999999999,2024.95,-0.830000000000382,SL Hit,2024.95,2,792.2450000000033,100.0,0.8650000000002365,-1.2349999999999
2024-02-05 23:20:00,2024-02-05 23:25:00,Long,2024.55,2023.9199999999996,-0.6300000000003365,SL Hit,2023.9199999999996,1,791.615000000003,5.0,-0.849999999999909,0.5
2024-02-05 23:50:00,2024-02-05 23:55:00,Long,2024.95,2024.95,0.0,SL Hit,2024.95,1,791.615000000003,5.0,-0.75,0.13999999999987267
2024-02-06 02:00:00,2024-02-06 04:15:00,Short,2025.86,2024.36,4.5,SL Hit,2024.36,3,796.115000000003,135.0,1.3700000000001182,-2.759999999999991
2024-02-06 04:25:00,2024-02-06 06:25:00,Long,2026.5733333333335,2027.57,2.989999999999327,SL Hit,2027.57,3,799.1050000000023,120.0,-2.463333333333594,3.066666666666606
2024-02-06 06:40:00,2024-02-06 06:55:00,Long,2026.795,2026.36,-0.8700000000003456,SL Hit,2026.36,2,798.235000000002,15.0,-1.3949999999999818,0.46499999999991815
2024-02-06 08:55:00,2024-02-06 09:10:00,Short,2024.5,2024.6749999999997,-0.17499999999972715,SL Hit,2024.6749999999997,1,798.0600000000022,15.0,0.4800000000000182,-1.6300000000001091
2024-02-06 11:20:00,2024-02-06 12:30:00,Long,2024.83,2024.8,-0.05999999999994543,SL Hit,2024.8,2,798.0000000000023,70.0,-0.5299999999999727,2.6100000000001273
2024-02-06 12:40:00,2024-02-06 12:45:00,Short,2026.37,2026.8600000000001,-0.49000000000023647,SL Hit,2026.8600000000001,1,797.510000000002,5.0,0.8500000000001364,-1.0199999999999818
2024-02-06 12:55:00,2024-02-06 13:20:00,Long,2026.99,2026.7100000000003,-0.27999999999974534,SL Hit,2026.7100000000003,1,797.2300000000023,25.0,-0.599999999999909,3.3900000000001
2024-02-06 17:10:00,2024-02-06 17:45:00,Short,2036.2,2037.1799999999998,-0.9799999999997908,SL Hit,2037.1799999999998,1,796.2500000000025,35.0,1.4199999999998454,-3.3900000000001
2024-02-06 19:10:00,2024-02-06 19:30:00,Short,2035.54,2036.2400000000002,-0.7000000000002728,SL Hit,2036.2400000000002,1,795.5500000000022,20.0,0.9200000000000728,-0.4099999999998545
2024-02-06 20:55:00,2024-02-06 21:50:00,Short,2035.85,2035.85,0.0,SL Hit,2035.85,1,795.5500000000022,55.0,0.0500000000001819,-1.449999999999818
2024-02-07 00:45:00,2024-02-07 01:00:00,Short,2035.2,2035.375,-0.17499999999995453,SL Hit,2035.375,1,795.3750000000023,15.0,0.31999999999993634,-1.2999999999999545
2024-02-07 01:25:00,2024-02-07 02:35:00,Long,2035.1599999999999,2034.3,-2.5799999999997,SL Hit,2034.3,3,792.7950000000026,70.0,-1.5599999999999454,0.2600000000002183
2024-02-07 02:40:00,2024-02-07 03:05:00,Short,2034.42,2034.525,-0.10500000000001819,SL Hit,2034.525,1,792.6900000000026,25.0,0.2899999999999636,-1.0199999999999818
2024-02-07 04:50:00,2024-02-07 05:10:00,Long,2034.7833333333335,2034.4,-1.1500000000003183,SL Hit,2034.4,3,791.5400000000022,20.0,-0.38333333333343944,0.5966666666665787
2024-02-07 07:25:00,2024-02-07 08:10:00,Long,2034.1,2034.1,0.0,SL Hit,2034.1,1,791.5400000000022,45.0,-0.16999999999984539,1.8300000000001546
2024-02-07 09:50:00,2024-02-07 10:05:00,Long,2034.3249999999998,2033.4,-1.8499999999994543,SL Hit,2033.4,2,789.6900000000028,15.0,-1.1249999999997726,0.5450000000000728
2024-02-07 12:10:00,2024-02-07 12:45:00,Short,2033.56,2033.56,0.0,SL Hit,2033.56,1,789.6900000000028,35.0,0.21000000000003638,-2.990000000000009
2024-02-07 18:05:00,2024-02-07 18:40:00,Long,2035.85,2034.82,-2.0599999999999454,SL Hit,2034.82,2,787.6300000000028,35.0,-1.5399999999999636,0.5900000000001455
2024-02-07 18:50:00,2024-02-07 19:15:00,Short,2034.96,2035.205,-0.24499999999989086,SL Hit,2035.205,1,787.385000000003,25.0,0.5899999999999181,-0.7200000000000273
2024-02-07 20:05:00,2024-02-07 20:15:00,Short,2035.21,2035.455,-0.24499999999989086,SL Hit,2035.455,1,787.140000000003,10.0,0.4500000000000455,-1.1100000000001273
2024-02-07 23:55:00,2024-02-08 00:55:00,Long,2036.743333333333,2036.6,-0.4299999999996089,SL Hit,2036.6,3,786.7100000000034,60.0,-0.5833333333330302,0.8766666666667788
2024-02-08 02:55:00,2024-02-08 03:00:00,Short,2036.14,2036.455,-0.3149999999998272,SL Hit,2036.455,1,786.3950000000036,5.0,0.37999999999988177,-0.8400000000001455
2024-02-08 04:40:00,2024-02-08 05:40:00,Short,2032.93,2032.93,0.0,SL Hit,2032.93,1,786.3950000000036,60.0,0.2999999999999545,-1.8300000000001546
2024-02-08 08:15:00,2024-02-08 09:35:00,Short,2031.845,2031.49,0.7100000000000364,SL Hit,2031.49,2,787.1050000000037,80.0,0.7850000000000819,-2.755000000000109
2024-02-08 09:40:00,2024-02-08 11:00:00,Long,2034.7375,2035.2,1.8500000000003638,SL Hit,2035.2,4,788.955000000004,80.0,-3.3975000000000364,3.5025000000000546
2024-02-08 11:05:00,2024-02-08 13:15:00,Short,2029.595,2025.17,8.849999999999909,SL Hit,2025.17,2,797.8050000000039,130.0,6.224999999999909,-6.144999999999982
2024-02-08 13:20:00,2024-02-08 13:40:00,Long,2025.7,2021.7799999999997,-3.9200000000003,Bearish Trade Reversal,2021.7799999999997,1,793.8850000000036,20.0,-3.1800000000000637,0.5899999999999181
2024-02-08 13:40:00,2024-02-08 14:25:00,Short,2024.36,2025.3400000000006,-0.9800000000007003,SL Hit,2025.3400000000006,1,792.9050000000029,45.0,3.8600000000001273,-4.019999999999982
2024-02-08 15:55:00,2024-02-08 16:00:00,Long,2031.55,2031.55,0.0,SL Hit,2031.55,1,792.9050000000029,5.0,-1.0499999999999545,1.4700000000000273
2024-02-08 17:25:00,2024-02-08 18:00:00,Long,2031.29,2031.29,0.0,SL Hit,2031.29,1,792.9050000000029,35.0,-0.21000000000003638,3.490000000000009
2024-02-09 00:45:00,2024-02-09 01:00:00,Short,2033.11,2033.6350000000002,-0.5250000000003183,SL Hit,2033.6350000000002,1,792.3800000000026,15.0,1.0,-1.1899999999998272
2024-02-09 02:00:00,2024-02-09 02:10:00,Long,2034.0,2033.6500000000003,-0.3499999999996817,SL Hit,2033.6500000000003,1,792.0300000000029,10.0,-0.7999999999999545,0.9500000000000455
2024-02-09 04:55:00,2024-02-09 05:30:00,Short,2032.77,2033.02,-0.5,SL Hit,2033.02,2,791.5300000000029,35.0,1.099999999999909,-1.2699999999999818
2024-02-09 08:10:00,2024-02-09 09:35:00,Short,2032.22,2032.65,-1.290000000000191,SL Hit,2032.65,3,790.2400000000027,85.0,1.2799999999999727,-1.6200000000001182
2024-02-09 11:30:00,2024-02-09 11:35:00,Long,2032.78,2032.78,0.0,SL Hit,2032.78,1,790.2400000000027,5.0,-1.2799999999999727,0.5699999999999363
2024-02-09 11:40:00,2024-02-09 13:30:00,Short,2031.58,2032.08,-1.0,SL Hit,2032.08,2,789.2400000000027,110.0,5.170000000000073,-5.889999999999873
2024-02-09 16:20:00,2024-02-09 17:05:00,Short,2022.22,2021.96,0.7799999999999727,SL Hit,2021.96,3,790.0200000000027,45.0,1.5499999999999545,-1.759999999999991
2024-02-12 00:50:00,2024-02-12 00:55:00,Short,2025.13,2025.13,0.0,SL Hit,2025.13,1,790.0200000000027,5.0,0.029999999999972715,-1.0300000000002
2024-02-12 01:20:00,2024-02-12 01:30:00,Short,2024.46,2024.46,0.0,SL Hit,2024.46,1,790.0200000000027,10.0,0.33999999999991815,-0.8600000000001273
2024-02-12 02:40:00,2024-02-12 03:45:00,Short,2022.5500000000002,2022.55,6.821210263296962e-13,SL Hit,2022.55,3,790.0200000000034,65.0,0.4699999999997999,-1.550000000000182
2024-02-12 05:55:00,2024-02-12 06:00:00,Long,2023.61,2023.61,0.0,SL Hit,2023.61,1,790.0200000000034,5.0,-0.9099999999998545,0.3500000000001364
2024-02-12 06:15:00,2024-02-12 07:15:00,Long,2023.865,2023.1,-1.5300000000002,SL Hit,2023.1,2,788.4900000000032,60.0,-0.9649999999999181,0.6649999999999636
2024-02-12 07:25:00,2024-02-12 09:00:00,Long,2024.5133333333333,2023.3,-3.6400000000001,SL Hit,2023.3,3,784.8500000000031,95.0,-1.9133333333334122,2.466666666666697
2024-02-12 09:05:00,2024-02-12 11:20:00,Short,2022.1750000000002,2021.17,2.0100000000002183,SL Hit,2021.17,2,786.8600000000033,135.0,1.5249999999998636,-2.8750000000002274
2024-02-12 14:15:00,2024-02-12 17:00:00,Short,2016.2775,2016.14,0.5499999999992724,SL Hit,2016.14,4,787.4100000000026,165.0,2.6725000000001273,-4.977499999999964
2024-02-12 17:05:00,2024-02-12 17:10:00,Long,2016.14,2015.9649999999995,-0.17500000000063665,SL Hit,2015.9649999999995,1,787.235000000002,5.0,-0.3300000000001546,0.38999999999987267
2024-02-12 17:20:00,2024-02-12 19:15:00,Long,2018.8419999999999,2020.4,7.7900000000011005,SL Hit,2020.4,5,795.025000000003,115.0,-3.44199999999978,2.66800000000012
2024-02-12 19:20:00,2024-02-12 20:45:00,Short,2019.965,2020.12,-0.30999999999994543,SL Hit,2020.12,2,794.7150000000031,85.0,0.665000000000191,-1.9649999999999181
2024-02-12 21:00:00,2024-02-12 21:20:00,Long,2020.09,2019.88,-0.209999999999809,SL Hit,2019.88,1,794.5050000000033,20.0,-0.2400000000000091,0.3500000000001364
2024-02-12 23:10:00,2024-02-13 00:00:00,Short,2018.7366666666667,2019.05,-0.9399999999998272,SL Hit,2019.05,3,793.5650000000035,50.0,0.42333333333340306,-0.9366666666667243
2024-02-13 00:50:00,2024-02-13 02:05:00,Long,2019.9666666666665,2018.9,-3.199999999999136,SL Hit,2018.9,3,790.3650000000043,75.0,-1.5666666666663787,1.063333333333503
2024-02-13 02:15:00,2024-02-13 02:25:00,Short,2019.46,2019.46,0.0,SL Hit,2019.46,1,790.3650000000043,10.0,0.01999999999998181,-0.38000000000010914
2024-02-13 02:55:00,2024-02-13 05:00:00,Short,2018.99,2019.23,-0.7200000000000273,SL Hit,2019.23,3,789.6450000000043,125.0,0.4500000000000455,-2.7899999999999636
2024-02-13 07:25:00,2024-02-13 08:40:00,Long,2025.1566666666668,2024.55,-1.820000000000391,SL Hit,2024.55,3,787.8250000000039,75.0,-1.4366666666667243,0.7433333333333394
2024-02-13 12:40:00,2024-02-13 13:30:00,Long,2028.155,2026.8,-2.7100000000000364,SL Hit,2026.8,2,785.1150000000039,50.0,-13.105000000000018,1.5550000000000637
2024-02-13 17:25:00,2024-02-13 17:50:00,Short,1993.23,1993.89,-1.3200000000001637,SL Hit,1993.89,2,783.7950000000037,25.0,0.8799999999998818,-0.8299999999999272
2024-02-13 18:00:00,2024-02-13 18:50:00,Long,1994.573333333333,1993.39,-3.5499999999988177,SL Hit,1993.39,3,780.2450000000049,50.0,-1.9733333333331302,1.1066666666670244
2024-02-13 19:00:00,2024-02-13 20:10:00,Short,1992.36,1992.39,-0.09000000000060027,SL Hit,1992.39,3,780.1550000000043,70.0,1.3700000000001182,-1.459999999999809
2024-02-13 20:15:00,2024-02-13 21:00:00,Long,1992.705,1992.41,-0.5899999999996908,SL Hit,1992.41,2,779.5650000000046,45.0,-0.4249999999999545,0.9550000000001546
2024-02-13 23:00:00,2024-02-14 00:20:00,Short,1991.9650000000001,1991.96,0.010000000000218279,SL Hit,1991.96,2,779.5750000000048,80.0,0.834999999999809,-1.2650000000001
2024-02-14 01:10:00,2024-02-14 01:40:00,Short,1992.17,1992.17,0.0,SL Hit,1992.17,1,779.5750000000048,30.0,0.11999999999989086,-3.769999999999982
2024-02-14 03:35:00,2024-02-14 04:00:00,Long,1992.01,1992.01,0.0,SL Hit,1992.01,1,779.5750000000048,25.0,-0.30999999999994543,0.9400000000000546
2024-02-14 05:55:00,2024-02-14 06:10:00,Long,1992.88,1992.1,-1.5600000000004002,SL Hit,1992.1,2,778.0150000000044,15.0,-1.1400000000001,0.2599999999999909
2024-02-14 07:55:00,2024-02-14 08:40:00,Short,1988.6100000000001,1988.73,-0.23999999999978172,SL Hit,1988.73,2,777.7750000000046,45.0,1.7899999999999636,-2.4500000000000455
2024-02-14 09:00:00,2024-02-14 11:25:00,Long,1990.7257142857143,1991.7,6.820000000000391,SL Hit,1991.7,7,784.595000000005,145.0,-2.345714285714166,2.4242857142858156
2024-02-14 13:25:00,2024-02-14 13:30:00,Short,1991.85,1991.85,0.0,SL Hit,1991.85,1,784.595000000005,5.0,1.0,-1.509999999999991
2024-02-14 13:35:00,2024-02-14 13:40:00,Long,1991.63,1991.5249999999994,-0.10500000000070031,SL Hit,1991.5249999999994,1,784.4900000000043,5.0,-0.9600000000000364,1.1599999999998545
2024-02-14 14:55:00,2024-02-14 15:55:00,Short,1988.09,1988.11,-0.03999999999996362,SL Hit,1988.11,2,784.4500000000044,60.0,1.009999999999991,-2.8199999999999363
2024-02-14 18:20:00,2024-02-14 21:35:00,Short,1991.4924999999998,1991.22,1.089999999999236,SL Hit,1991.22,4,785.5400000000036,195.0,2.1075000000000728,-1.8924999999999272
2024-02-14 22:00:00,2024-02-14 23:00:00,Short,1991.97,1991.97,0.0,SL Hit,1991.97,1,785.5400000000036,60.0,1.4700000000000273,-5.620000000000118
2024-02-14 23:40:00,2024-02-15 00:25:00,Long,1993.44,1993.45,0.03999999999996362,SL Hit,1993.45,4,785.5800000000036,45.0,-0.6400000000001,0.4900000000000091
2024-02-15 03:30:00,2024-02-15 05:30:00,Short,1992.195,1992.54,-0.6900000000000546,SL Hit,1992.54,2,784.8900000000035,120.0,0.4650000000001455,-2.0149999999998727
2024-02-15 06:40:00,2024-02-15 09:10:00,Long,1993.4857142857143,1994.37,6.1899999999993724,SL Hit,1994.37,7,791.0800000000029,150.0,-1.4857142857142662,2.22428571428577
2024-02-15 10:40:00,2024-02-15 11:25:00,Long,1996.7233333333334,1995.73,-2.980000000000018,SL Hit,1995.73,3,788.1000000000029,45.0,-1.1233333333334485,1.0866666666665878
2024-02-15 12:40:00,2024-02-15 12:50:00,Long,1997.89,1997.89,0.0,SL Hit,1997.89,1,788.1000000000029,10.0,-0.3100000000001728,1.1299999999998818
2024-02-15 13:40:00,2024-02-15 14:15:00,Short,2002.185,2003.59,-2.8099999999999454,SL Hit,2003.59,2,785.2900000000029,35.0,2.394999999999982,-1.1649999999999636
2024-02-15 17:30:00,2024-02-15 20:00:00,Long,2003.85,2004.3,2.2500000000002274,SL Hit,2004.3,5,787.5400000000031,150.0,-2.1499999999998636,2.4500000000000455
2024-02-15 21:00:00,2024-02-15 21:10:00,Short,2004.22,2004.29,-0.06999999999993634,SL Hit,2004.29,1,787.4700000000032,10.0,0.2999999999999545,-0.32999999999992724
2024-02-15 21:30:00,2024-02-15 21:35:00,Short,2004.04,2004.145,-0.10500000000001819,SL Hit,2004.145,1,787.3650000000032,5.0,0.14000000000010004,-0.7400000000000091
2024-02-16 00:05:00,2024-02-16 01:15:00,Short,2002.97,2003.18,-0.42000000000007276,SL Hit,2003.18,2,786.9450000000031,70.0,0.4600000000000364,-1.2699999999999818
2024-02-16 01:20:00,2024-02-16 03:15:00,Long,2004.04,2003.2,-3.3599999999996726,SL Hit,2003.2,4,783.5850000000034,115.0,-1.9400000000000546,1.5599999999999454
2024-02-16 04:10:00,2024-02-16 05:35:00,Short,2003.6366666666665,2004.01,-1.1200000000003456,SL Hit,2004.01,3,782.4650000000031,85.0,0.7933333333335213,-1.3366666666665878
2024-02-16 07:05:00,2024-02-16 08:50:00,Long,2004.1933333333334,2004.3,0.31999999999970896,SL Hit,2004.3,3,782.7850000000028,105.0,-0.8633333333334576,1.9766666666666879
2024-02-16 11:45:00,2024-02-16 12:45:00,Long,2007.5066666666664,2006.91,-1.7899999999990541,SL Hit,2006.91,3,780.9950000000038,60.0,-1.3066666666663878,0.44333333333361225
2024-02-16 15:00:00,2024-02-16 15:05:00,Short,1998.09,2001.5549999999998,-3.464999999999918,SL Hit,2001.5549999999998,1,777.5300000000038,5.0,4.190000000000055,-0.31999999999993634
2024-02-16 16:35:00,2024-02-16 16:40:00,Short,2009.22,2009.7099999999996,-0.48999999999955435,SL Hit,2009.7099999999996,1,777.0400000000043,5.0,0.5099999999999909,-1.4100000000000819
2024-02-16 21:50:00,2024-02-16 21:55:00,Short,2013.33,2014.5550000000003,-1.2250000000003638,Bullish Trade Reversal,2014.5550000000003,1,775.8150000000039,5.0,0.3500000000001364,-0.8899999999998727
2024-02-16 21:55:00,2024-02-18 23:00:00,Long,2012.57,2012.1,-0.9400000000000546,SL Hit,2012.1,2,774.8750000000039,2945.0,-0.8399999999999181,1.0399999999999636
2024-02-19 00:55:00,2024-02-19 01:00:00,Long,2018.2,2016.7299999999998,-1.4700000000002547,SL Hit,2016.7299999999998,1,773.4050000000036,5.0,-1.7000000000000455,1.5
2024-02-19 01:20:00,2024-02-19 01:25:00,Long,2018.78,2018.08,-0.7000000000000455,SL Hit,2018.08,1,772.7050000000036,5.0,-1.1399999999998727,0.7400000000000091
2024-02-19 03:50:00,2024-02-19 05:15:00,Short,2018.926666666667,2019.04,-0.33999999999900865,SL Hit,2019.04,3,772.3650000000046,85.0,1.5533333333330575,-1.0266666666668698
2024-02-19 06:25:00,2024-02-19 06:30:00,Long,2021.14,2021.0699999999993,-0.07000000000084583,SL Hit,2021.0699999999993,1,772.2950000000037,5.0,-0.7400000000000091,0.4799999999997908
2024-02-19 08:20:00,2024-02-19 09:15:00,Short,2020.53,2020.2,0.9899999999997817,SL Hit,2020.2,3,773.2850000000035,55.0,0.5599999999999454,-2.1299999999998818
2024-02-19 09:50:00,2024-02-19 09:55:00,Short,2019.99,2020.6550000000002,-0.665000000000191,Bullish Trade Reversal,2020.6550000000002,1,772.6200000000033,5.0,0.19000000000005457,-0.31999999999993634
2024-02-19 09:55:00,2024-02-19 10:35:00,Long,2019.8866666666665,2019.36,-1.5799999999999272,SL Hit,2019.36,3,771.0400000000034,40.0,-1.2166666666664696,0.2333333333333485
2024-02-19 11:20:00,2024-02-19 12:00:00,Long,2018.9666666666665,2018.27,-2.0899999999994634,SL Hit,2018.27,3,768.9500000000039,40.0,-0.9666666666664696,0.5533333333335122
2024-02-19 19:05:00,2024-02-19 19:10:00,Short,2017.84,2017.84,0.0,SL Hit,2017.84,1,768.9500000000039,5.0,0.09000000000014552,-0.16999999999984539
2024-02-20 00:10:00,2024-02-20 00:35:00,Short,2015.5,2016.4099999999999,-0.9099999999998545,SL Hit,2016.4099999999999,1,768.040000000004,25.0,1.0499999999999545,-0.900000000000091
2024-02-20 03:25:00,2024-02-20 04:00:00,Long,2018.1999999999998,2018.03,-0.33999999999969077,SL Hit,2018.03,2,767.7000000000044,35.0,-0.599999999999909,0.48000000000024556
2024-02-20 06:05:00,2024-02-20 06:10:00,Short,2017.98,2018.085,-0.10500000000001819,SL Hit,2018.085,1,767.5950000000043,5.0,0.8099999999999454,-0.15000000000009095
2024-02-20 07:10:00,2024-02-20 08:05:00,Long,2020.2,2020.5,0.599999999999909,SL Hit,2020.5,2,768.1950000000043,55.0,-1.6000000000001364,2.5599999999999454
2024-02-20 10:25:00,2024-02-20 13:00:00,Long,2026.095,2026.1,0.009999999999763531,SL Hit,2026.1,2,768.205000000004,155.0,-0.8949999999999818,1.8550000000000182
2024-02-20 14:40:00,2024-02-20 14:55:00,Short,2027.87,2027.9750000000006,-0.10500000000070031,SL Hit,2027.9750000000006,1,768.1000000000033,15.0,0.3000000000001819,-2.199999999999818
2024-02-20 15:40:00,2024-02-20 16:25:00,Short,2027.125,2027.75,-1.25,SL Hit,2027.75,2,766.8500000000033,45.0,0.724999999999909,-1.4249999999999545
2024-02-20 16:35:00,2024-02-20 17:05:00,Long,2027.3400000000001,2026.5,-1.680000000000291,SL Hit,2026.5,2,765.170000000003,30.0,-1.3500000000001364,0.709999999999809
2024-02-20 17:55:00,2024-02-20 18:15:00,Long,2028.02,2028.02,0.0,SL Hit,2028.02,1,765.170000000003,20.0,-0.10999999999989996,0.7899999999999636
2024-02-20 20:35:00,2024-02-20 21:20:00,Short,2024.0966666666666,2024.52,-1.2700000000002092,SL Hit,2024.52,3,763.9000000000028,45.0,0.44333333333338487,-1.2966666666666242
2024-02-20 21:45:00,2024-02-20 21:55:00,Short,2023.95,2024.0549999999998,-0.10499999999979082,SL Hit,2024.0549999999998,1,763.795000000003,10.0,0.20000000000004547,-1.0499999999999545
2024-02-20 23:20:00,2024-02-20 23:25:00,Long,2023.97,2023.97,0.0,SL Hit,2023.97,1,763.795000000003,5.0,-0.049999999999954525,0.17000000000007276
2024-02-21 01:05:00,2024-02-21 04:40:00,Long,2028.04125,2029.9,14.8700000000008,SL Hit,2029.9,8,778.6650000000038,215.0,-5.341249999999945,3.058749999999918
2024-02-21 06:20:00,2024-02-21 09:20:00,Short,2028.6016666666667,2027.08,9.130000000000564,SL Hit,2027.08,6,787.7950000000044,180.0,1.9383333333332757,-2.8016666666667334
2024-02-21 11:40:00,2024-02-21 11:45:00,Short,2027.85,2027.85,0.0,SL Hit,2027.85,1,787.7950000000044,5.0,0.21000000000003638,-0.4399999999998272
2024-02-21 12:05:00,2024-02-21 12:40:00,Long,2028.925,2027.7,-2.449999999999818,SL Hit,2027.7,2,785.3450000000046,35.0,-1.4249999999999545,0.9950000000001182
2024-02-21 13:05:00,2024-02-21 13:20:00,Long,2030.21,2030.21,0.0,SL Hit,2030.21,1,785.3450000000046,15.0,-1.509999999999991,1.0899999999999181
2024-02-21 14:55:00,2024-02-21 15:05:00,Short,2028.26,2028.26,0.0,SL Hit,2028.26,1,785.3450000000046,10.0,0.4700000000000273,-1.25
2024-02-21 17:05:00,2024-02-21 18:20:00,Short,2023.355,2024.39,-2.0700000000001637,SL Hit,2024.39,2,783.2750000000044,75.0,1.1849999999999454,-1.9249999999999545
2024-02-21 18:45:00,2024-02-21 19:00:00,Short,2022.58,2023.8750000000005,-1.2950000000005275,SL Hit,2023.8750000000005,1,781.9800000000039,15.0,2.900000000000091,-2.1099999999999
2024-02-21 19:05:00,2024-02-21 19:10:00,Short,2024.35,2024.35,0.0,SL Hit,2024.35,1,781.9800000000039,5.0,1.6400000000001,-1.5899999999999181
2024-02-21 20:00:00,2024-02-21 20:15:00,Long,2026.22,2024.8549999999996,-1.3650000000004638,SL Hit,2024.8549999999996,1,780.6150000000034,15.0,-1.75,0.5099999999999909
2024-02-21 21:25:00,2024-02-21 21:35:00,Short,2024.16,2024.5449999999996,-0.38499999999953616,SL Hit,2024.5449999999996,1,780.2300000000039,10.0,0.709999999999809,-0.2599999999999909
2024-02-22 00:50:00,2024-02-22 01:55:00,Long,2026.8224999999998,2026.7,-0.4899999999988722,SL Hit,2026.7,4,779.740000000005,65.0,-1.012499999999818,1.5775000000003274
2024-02-22 02:35:00,2024-02-22 02:45:00,Short,2027.05,2027.1549999999997,-0.10499999999979082,SL Hit,2027.1549999999997,1,779.6350000000052,10.0,0.75,-0.3999999999998636
2024-02-22 03:00:00,2024-02-22 03:10:00,Long,2027.75,2027.1899999999996,-0.5600000000004002,SL Hit,2027.1899999999996,1,779.0750000000048,10.0,-0.599999999999909,0.43000000000006366
2024-02-22 03:55:00,2024-02-22 04:15:00,Short,2026.3249999999998,2026.65,-0.6500000000005457,SL Hit,2026.65,2,778.4250000000043,20.0,0.3950000000002092,-0.7449999999998909
2024-02-22 04:25:00,2024-02-22 05:40:00,Long,2027.8966666666665,2028.4,1.510000000000673,SL Hit,2028.4,3,779.935000000005,75.0,-1.3966666666665333,2.0033333333335577
2024-02-22 11:00:00,2024-02-22 11:45:00,Short,2028.69,2028.83,-0.27999999999974534,SL Hit,2028.83,2,779.6550000000052,45.0,0.9299999999998363,-1.490000000000009
2024-02-22 12:25:00,2024-02-22 12:45:00,Long,2028.495,2028.12,-0.75,SL Hit,2028.12,2,778.9050000000052,20.0,-0.7349999999999,1.175000000000182
2024-02-22 12:50:00,2024-02-22 15:55:00,Short,2025.6000000000001,2024.09,10.570000000001528,SL Hit,2024.09,7,789.4750000000067,185.0,2.8999999999998636,-5.040000000000191
2024-02-22 19:20:00,2024-02-22 19:40:00,Long,2022.72,2022.685,-0.035000000000081855,SL Hit,2022.685,1,789.4400000000066,20.0,-0.14000000000010004,0.7899999999999636
2024-02-22 20:35:00,2024-02-22 21:35:00,Long,2023.78,2023.5,-1.1199999999998909,SL Hit,2023.5,4,788.3200000000068,60.0,-1.0799999999999272,1.1800000000000637
2024-02-23 00:45:00,2024-02-23 00:55:00,Short,2024.51,2024.51,0.0,SL Hit,2024.51,1,788.3200000000068,10.0,0.22000000000002728,-1.4100000000000819
2024-02-23 02:30:00,2024-02-23 03:40:00,Short,2025.74,2025.9499999999998,-0.209999999999809,SL Hit,2025.9499999999998,1,788.110000000007,70.0,0.37999999999988177,-2.240000000000009
2024-02-23 04:05:00,2024-02-23 04:10:00,Short,2025.85,2026.0600000000004,-0.21000000000049113,SL Hit,2026.0600000000004,1,787.9000000000065,5.0,0.5800000000001546,-0.9499999999998181
2024-02-23 05:15:00,2024-02-23 07:50:00,Short,2022.755,2021.92,1.6700000000000728,SL Hit,2021.92,2,789.5700000000065,155.0,2.9249999999999545,-4.625
2024-02-23 08:00:00,2024-02-23 08:05:00,Long,2022.13,2020.8699999999997,-1.2600000000004457,SL Hit,2020.8699999999997,1,788.3100000000061,5.0,-1.4800000000000182,0.31999999999993634
2024-02-23 08:35:00,2024-02-23 10:25:00,Short,2019.945,2019.61,0.6700000000000728,SL Hit,2019.61,2,788.9800000000062,110.0,1.2850000000000819,-3.9549999999999272
2024-02-23 10:30:00,2024-02-23 11:30:00,Long,2021.1599999999999,2021.6,0.8800000000001091,SL Hit,2021.6,2,789.8600000000063,60.0,-1.7799999999997453,2.4700000000002547
2024-02-23 14:40:00,2024-02-23 14:55:00,Short,2024.64,2026.565,-1.9249999999999545,SL Hit,2026.565,1,787.9350000000063,15.0,3.9699999999998,-0.2300000000000182
2024-02-23 17:10:00,2024-02-23 17:15:00,Long,2037.44,2037.44,0.0,SL Hit,2037.44,1,787.9350000000063,5.0,-0.21000000000003638,1.009999999999991
2024-02-23 20:05:00,2024-02-26 01:40:00,Short,2034.4260000000002,2033.54,4.430000000000973,SL Hit,2033.54,5,792.3650000000073,3215.0,2.713999999999942,-4.626000000000204
2024-02-26 03:10:00,2024-02-26 03:15:00,Short,2030.93,2031.07,-0.13999999999987267,SL Hit,2031.07,1,792.2250000000074,5.0,0.4800000000000182,-0.2300000000000182
2024-02-26 05:25:00,2024-02-26 05:30:00,Long,2032.59,2028.775,-3.814999999999827,Bearish Trade Reversal,2028.775,1,788.4100000000076,5.0,-1.0899999999999181,0.6000000000001364
2024-02-26 05:30:00,2024-02-26 05:45:00,Short,2032.865,2033.19,-0.650000000000091,SL Hit,2033.19,2,787.7600000000075,15.0,0.974999999999909,-0.5650000000000546
2024-02-26 07:30:00,2024-02-26 07:35:00,Long,2034.51,2034.44,-0.06999999999993634,SL Hit,2034.44,1,787.6900000000076,5.0,-0.30999999999994543,0.5899999999999181
2024-02-26 08:45:00,2024-02-26 08:55:00,Long,2034.87,2034.4,-0.9399999999995998,SL Hit,2034.4,2,786.750000000008,10.0,-1.1599999999998545,0.6900000000000546
2024-02-26 11:55:00,2024-02-26 12:00:00,Short,2031.38,2031.4850000000001,-0.10500000000001819,SL Hit,2031.4850000000001,1,786.6450000000079,5.0,0.2599999999999909,-0.6800000000000637
2024-02-26 12:25:00,2024-02-26 13:00:00,Long,2032.2,2032.2,0.0,SL Hit,2032.2,1,786.6450000000079,35.0,-0.10000000000013642,1.7300000000000182
2024-02-26 15:25:00,2024-02-26 15:35:00,Short,2026.51,2026.8599999999997,-0.3499999999996817,SL Hit,2026.8599999999997,1,786.2950000000083,10.0,0.7200000000000273,-1.3099999999999454
2024-02-26 23:10:00,2024-02-26 23:15:00,Short,2030.87,2030.87,0.0,SL Hit,2030.87,1,786.2950000000083,5.0,0.0500000000001819,-0.8699999999998909
2024-02-26 23:50:00,2024-02-27 00:40:00,Long,2031.2033333333336,2031.33,0.37999999999897227,SL Hit,2031.33,3,786.6750000000072,50.0,-1.103333333333694,1.0966666666663514
2024-02-27 05:15:00,2024-02-27 05:20:00,Short,2033.29,2033.29,0.0,SL Hit,2033.29,1,786.6750000000072,5.0,-0.0,-0.33999999999991815
2024-02-27 07:20:00,2024-02-27 09:20:00,Long,2035.415,2036.5,4.3400000000001455,SL Hit,2036.5,4,791.0150000000074,120.0,-1.1050000000000182,3.875
2024-02-27 09:25:00,2024-02-27 09:50:00,Short,2036.66,2036.9049999999997,-0.2449999999996635,SL Hit,2036.9049999999997,1,790.7700000000077,25.0,0.4499999999998181,-2.060000000000173
2024-02-27 13:25:00,2024-02-27 13:30:00,Short,2036.58,2037.1750000000002,-0.5950000000002547,SL Hit,2037.1750000000002,1,790.1750000000075,5.0,1.7300000000000182,-0.6799999999998363
2024-02-27 13:50:00,2024-02-27 15:45:00,Short,2035.1950000000002,2035.09,0.42000000000098225,SL Hit,2035.09,4,790.5950000000084,115.0,1.3449999999998,-1.9650000000001455
2024-02-27 18:15:00,2024-02-27 18:30:00,Long,2035.02,2033.5149999999999,-1.5050000000001091,SL Hit,2033.5149999999999,1,789.0900000000083,15.0,-2.3199999999999363,0.9800000000000182
2024-02-27 18:50:00,2024-02-27 20:40:00,Short,2030.6366666666665,2029.78,2.569999999999709,SL Hit,2029.78,3,791.660000000008,110.0,2.4033333333334213,-1.8566666666665697
2024-02-27 21:50:00,2024-02-27 23:00:00,Long,2029.965,2029.5,-0.9299999999998363,SL Hit,2029.5,2,790.7300000000082,70.0,-0.5649999999998272,0.3949999999999818
2024-02-28 00:00:00,2024-02-28 00:20:00,Short,2030.0,2030.2799999999997,-0.27999999999974534,SL Hit,2030.2799999999997,1,790.4500000000085,20.0,0.6700000000000728,-1.0
2024-02-28 04:20:00,2024-02-28 04:25:00,Short,2030.37,2030.4050000000007,-0.035000000000763976,SL Hit,2030.4050000000007,1,790.4150000000077,5.0,0.5200000000002092,-0.5599999999999454
2024-02-28 08:35:00,2024-02-28 10:35:00,Short,2026.5200000000002,2026.04,1.4400000000007367,SL Hit,2026.04,3,791.8550000000084,120.0,2.1299999999998818,-2.020000000000209
2024-02-28 11:30:00,2024-02-28 11:50:00,Long,2027.275,2026.75,-1.050000000000182,SL Hit,2026.75,2,790.8050000000082,20.0,-1.0750000000000455,0.47499999999990905
2024-02-28 12:05:00,2024-02-28 14:15:00,Long,2032.505,2034.61,8.419999999999163,SL Hit,2034.61,4,799.2250000000074,130.0,-4.535000000000082,5.014999999999873
2024-02-28 16:25:00,2024-02-28 16:30:00,Long,2033.44,2032.8799999999997,-0.5600000000004002,SL Hit,2032.8799999999997,1,798.665000000007,5.0,-0.7999999999999545,0.21000000000003638
2024-02-28 19:10:00,2024-02-28 19:55:00,Short,2031.355,2031.99,-1.2699999999999818,SL Hit,2031.99,2,797.395000000007,45.0,0.8949999999999818,-0.5550000000000637
2024-02-28 20:45:00,2024-02-28 20:50:00,Short,2033.69,2033.725,-0.03499999999985448,SL Hit,2033.725,1,797.3600000000072,5.0,0.31999999999993634,-1.0900000000001455
2024-02-28 20:55:00,2024-02-28 21:35:00,Short,2033.825,2034.01,-0.36999999999989086,SL Hit,2034.01,2,796.9900000000073,40.0,0.3450000000000273,-0.9249999999999545
2024-02-29 00:10:00,2024-02-29 00:25:00,Long,2034.97,2034.7600000000002,-0.209999999999809,SL Hit,2034.7600000000002,1,796.7800000000075,15.0,-0.2699999999999818,0.2400000000000091
2024-02-29 00:50:00,2024-02-29 01:05:00,Short,2034.505,2035.19,-1.3699999999998909,SL Hit,2035.19,2,795.4100000000076,15.0,0.7349999999999,-0.6550000000002001
2024-02-29 04:35:00,2024-02-29 05:50:00,Short,2035.635,2035.73,-0.19000000000005457,SL Hit,2035.73,2,795.2200000000075,75.0,0.24500000000011823,-1.8350000000000364
2024-02-29 07:00:00,2024-02-29 07:25:00,Long,2036.6950000000002,2036.44,-0.5100000000002183,SL Hit,2036.44,2,794.7100000000073,25.0,-0.6950000000001637,0.5549999999998363
2024-02-29 09:10:00,2024-02-29 11:25:00,Short,2033.705,2031.36,4.690000000000055,SL Hit,2031.36,2,799.4000000000074,135.0,3.025000000000091,-4.204999999999927
2024-02-29 13:00:00,2024-02-29 15:25:00,Long,2044.1100000000001,2047.26,12.599999999999454,SL Hit,2047.26,4,812.0000000000068,145.0,-13.730000000000018,6.309999999999945
2024-02-29 18:20:00,2024-02-29 18:30:00,Long,2045.3899999999999,2045.4,0.020000000000436557,SL Hit,2045.4,2,812.0200000000073,10.0,-0.30999999999994543,0.8800000000001091
2024-02-29 18:35:00,2024-02-29 18:55:00,Short,2046.08,2046.08,0.0,SL Hit,2046.08,1,812.0200000000073,20.0,0.42000000000007276,-1.4800000000000182
2024-02-29 20:40:00,2024-03-01 00:55:00,Short,2043.61,2043.91,-0.9000000000005457,SL Hit,2043.91,3,811.1200000000067,255.0,0.7000000000000455,-1.3099999999999454
2024-03-01 01:05:00,2024-03-01 04:55:00,Long,2044.735,2044.8,0.2600000000002183,SL Hit,2044.8,4,811.3800000000069,230.0,-2.2349999999999,1.9950000000001182
2024-03-01 05:00:00,2024-03-01 05:55:00,Short,2045.095,2045.16,-0.13000000000010914,SL Hit,2045.16,2,811.2500000000068,55.0,0.4149999999999636,-1.7049999999999272
2024-03-01 06:00:00,2024-03-01 07:25:00,Long,2046.2133333333334,2046.4,0.5600000000001728,SL Hit,2046.4,3,811.810000000007,85.0,-1.2033333333333758,2.4666666666664696
2024-03-01 12:40:00,2024-03-01 14:10:00,Short,2053.266666666667,2054.01,-2.230000000000018,SL Hit,2054.01,3,809.580000000007,90.0,1.2333333333331211,-3.1366666666667697
2024-03-01 19:25:00,2024-03-01 19:35:00,Short,2085.4,2086.519999999999,-1.1199999999989814,SL Hit,2086.519999999999,1,808.460000000008,10.0,1.150000000000091,-0.17000000000007276
2024-03-04 01:00:00,2024-03-04 02:10:00,Short,2081.4449999999997,2081.27,0.3499999999994543,SL Hit,2081.27,2,808.8100000000074,70.0,1.2550000000001091,-2.044999999999618
2024-03-04 02:25:00,2024-03-04 02:55:00,Long,2081.785,2080.99,-1.5900000000001455,SL Hit,2080.99,2,807.2200000000073,30.0,-1.3849999999997635,1.5650000000000546
2024-03-04 03:00:00,2024-03-04 05:20:00,Short,2081.0,2080.93,0.21000000000049113,SL Hit,2080.93,3,807.4300000000078,140.0,0.8800000000001091,-1.599999999999909
2024-03-04 05:30:00,2024-03-04 08:20:00,Long,2083.2466666666664,2084.3,6.3200000000024374,SL Hit,2084.3,6,813.7500000000102,170.0,-3.0466666666666242,4.883333333333667
2024-03-04 09:15:00,2024-03-04 09:20:00,Short,2084.01,2084.01,0.0,SL Hit,2084.01,1,813.7500000000102,5.0,0.03999999999996362,-0.680000000000291
2024-03-04 09:25:00,2024-03-04 09:35:00,Short,2083.92,2083.954999999999,-0.034999999998944986,SL Hit,2083.954999999999,1,813.7150000000113,10.0,0.5599999999999454,-0.6900000000000546
2024-03-04 11:30:00,2024-03-04 13:10:00,Short,2082.532,2082.84,-1.5399999999999636,SL Hit,2082.84,5,812.1750000000113,100.0,1.5279999999997926,-0.8120000000003529
2024-03-04 20:35:00,2024-03-04 21:00:00,Long,2117.21,2116.35,-1.7200000000002547,SL Hit,2116.35,2,810.4550000000111,25.0,-1.1100000000001273,1.1700000000000728
2024-03-04 21:05:00,2024-03-05 00:50:00,Short,2115.382,2115.05,1.6599999999993997,SL Hit,2115.05,5,812.1150000000105,225.0,1.5679999999997563,-2.481999999999971
2024-03-05 02:20:00,2024-03-05 04:05:00,Long,2112.7566666666667,2112.24,-1.5500000000006366,SL Hit,2112.24,3,810.5650000000098,105.0,-1.4766666666664605,1.1433333333334303
2024-03-05 04:10:00,2024-03-05 04:15:00,Short,2113.77,2115.2049999999995,-1.4349999999994907,Bullish Trade Reversal,2115.2049999999995,1,809.1300000000103,5.0,0.4499999999998181,-0.9699999999997999
2024-03-05 04:15:00,2024-03-05 06:30:00,Long,2115.5283333333336,2115.9,2.229999999998654,SL Hit,2115.9,6,811.360000000009,135.0,-2.1683333333335213,3.9816666666665697
2024-03-05 06:40:00,2024-03-05 06:50:00,Short,2116.01,2116.01,0.0,SL Hit,2116.01,1,811.360000000009,10.0,0.5599999999999454,-0.6700000000000728
2024-03-05 10:10:00,2024-03-05 10:35:00,Long,2125.34,2125.34,0.0,SL Hit,2125.34,1,811.360000000009,25.0,-1.3299999999999272,1.75
2024-03-05 13:15:00,2024-03-05 13:50:00,Long,2129.7,2125.1,-9.199999999999818,SL Hit,2125.1,2,802.1600000000092,35.0,-6.9699999999998,11.920000000000073
2024-03-05 15:05:00,2024-03-05 15:50:00,Long,2132.6949999999997,2129.22,-6.949999999999818,SL Hit,2129.22,2,795.2100000000094,45.0,-7.954999999999927,4.055000000000291
2024-03-05 20:10:00,2024-03-05 23:25:00,Short,2128.9474999999998,2127.69,5.029999999998836,SL Hit,2127.69,4,800.2400000000082,195.0,1.9225000000001273,-2.8474999999998545
2024-03-06 01:05:00,2024-03-06 01:25:00,Long,2126.675,2125.9,-1.550000000000182,SL Hit,2125.9,2,798.690000000008,20.0,-1.1050000000000182,1.2049999999999272
2024-03-06 01:55:00,2024-03-06 02:05:00,Short,2125.54,2126.0299999999997,-0.4899999999997817,SL Hit,2126.0299999999997,1,798.2000000000082,10.0,0.7899999999999636,-0.40000000000009095
2024-03-06 05:55:00,2024-03-06 06:30:00,Short,2126.14,2126.735,-0.5950000000002547,SL Hit,2126.735,1,797.605000000008,35.0,0.6100000000001273,-1.3399999999996908
2024-03-06 14:30:00,2024-03-06 15:05:00,Long,2138.45,2138.45,0.0,SL Hit,2138.45,1,797.605000000008,35.0,-1.349999999999909,6.650000000000091
2024-03-06 19:30:00,2024-03-06 19:45:00,Short,2141.04,2142.4400000000005,-1.4000000000005457,SL Hit,2142.4400000000005,1,796.2050000000074,15.0,1.9200000000000728,-0.9800000000000182
2024-03-06 21:40:00,2024-03-07 00:30:00,Long,2147.8480000000004,2147.3,-2.740000000001146,SL Hit,2147.3,5,793.4650000000063,170.0,-1.4480000000003201,1.5619999999994434
2024-03-07 05:55:00,2024-03-07 06:50:00,Short,2154.6800000000003,2155.34,-1.319999999999709,SL Hit,2155.34,2,792.1450000000066,55.0,0.8799999999996544,-2.6700000000000728
2024-03-07 14:00:00,2024-03-07 15:15:00,Short,2156.645,2157.32,-1.3500000000003638,SL Hit,2157.32,2,790.7950000000062,75.0,2.505000000000109,-8.215000000000146
2024-03-07 16:05:00,2024-03-07 16:20:00,Short,2152.65,2154.1900000000005,-1.5400000000004184,SL Hit,2154.1900000000005,1,789.2550000000058,15.0,2.9200000000000728,-3.25
2024-03-08 01:20:00,2024-03-08 04:10:00,Short,2158.433333333333,2158.42,0.03999999999859938,SL Hit,2158.42,3,789.2950000000044,170.0,1.3666666666672427,-4.403333333332739
2024-03-08 04:15:00,2024-03-08 04:25:00,Long,2158.12,2156.6499999999996,-1.4700000000002547,SL Hit,2156.6499999999996,1,787.8250000000041,10.0,-1.9200000000000728,0.849999999999909
2024-03-08 04:30:00,2024-03-08 05:00:00,Short,2157.41,2157.8650000000002,-0.455000000000382,SL Hit,2157.8650000000002,1,787.3700000000038,30.0,0.5399999999999636,-1.0599999999999454
2024-03-08 05:45:00,2024-03-08 06:25:00,Short,2157.46,2158.31,-1.699999999999818,SL Hit,2158.31,2,785.6700000000039,40.0,1.4600000000000364,-0.9200000000000728
2024-03-08 07:45:00,2024-03-08 07:50:00,Long,2161.29,2161.29,0.0,SL Hit,2161.29,1,785.6700000000039,5.0,-0.2899999999999636,0.4600000000000364
2024-03-08 11:25:00,2024-03-08 13:30:00,Short,2168.62,2169.1,-0.9600000000000364,SL Hit,2169.1,2,784.7100000000039,125.0,12.63000000000011,-8.759999999999764
2024-03-08 16:05:00,2024-03-08 18:50:00,Long,2175.4500000000003,2176.18,2.1899999999986903,SL Hit,2176.18,3,786.9000000000026,165.0,-3.0400000000004184,19.4399999999996
2024-03-08 20:50:00,2024-03-08 20:55:00,Long,2177.1,2177.1,0.0,SL Hit,2177.1,1,786.9000000000026,5.0,-0.09999999999990905,0.9800000000000182
2024-03-08 21:00:00,2024-03-08 21:35:00,Long,2177.38,2177.1,-0.5600000000004002,SL Hit,2177.1,2,786.3400000000022,35.0,-0.7800000000002001,0.6199999999998909
2024-03-11 03:50:00,2024-03-11 05:30:00,Long,2180.638,2180.2,-2.1900000000005093,SL Hit,2180.2,5,784.1500000000017,100.0,-1.837999999999738,0.9020000000000437
2024-03-11 06:10:00,2024-03-11 06:15:00,Short,2178.81,2178.88,-0.07000000000016371,SL Hit,2178.88,1,784.0800000000015,5.0,0.13999999999987267,-1.7100000000000364
2024-03-11 07:25:00,2024-03-11 07:30:00,Long,2179.84,2179.84,0.0,SL Hit,2179.84,1,784.0800000000015,5.0,-1.1600000000003092,0.9499999999998181
2024-03-11 08:55:00,2024-03-11 09:45:00,Short,2177.77,2179.59,-3.6400000000003274,SL Hit,2179.59,2,780.4400000000012,50.0,3.0399999999999636,-1.6700000000000728
2024-03-11 11:20:00,2024-03-11 11:25:00,Short,2176.93,2177.0350000000008,-0.10500000000092768,SL Hit,2177.0350000000008,1,780.3350000000003,5.0,0.6200000000003456,-0.4800000000000182
2024-03-11 12:55:00,2024-03-11 13:20:00,Short,2177.085,2178.16,-2.149999999999636,SL Hit,2178.16,2,778.1850000000006,25.0,1.6349999999997635,-1.3450000000002547
2024-03-11 13:30:00,2024-03-11 14:00:00,Long,2178.07,2177.545,-0.525000000000091,SL Hit,2177.545,1,777.6600000000005,30.0,-1.6100000000001273,6.539999999999964
2024-03-11 15:35:00,2024-03-11 16:20:00,Long,2183.91,2182.19,-3.4399999999996,SL Hit,2182.19,2,774.2200000000009,45.0,-2.6299999999996544,1.5399999999999636
2024-03-11 22:45:00,2024-03-11 22:50:00,Short,2181.76,2181.76,0.0,SL Hit,2181.76,1,774.2200000000009,5.0,0.01999999999998181,-1.8600000000001273
2024-03-11 23:50:00,2024-03-12 00:25:00,Long,2182.85,2182.6400000000003,-0.20999999999958163,SL Hit,2182.6400000000003,1,774.0100000000014,35.0,-0.5299999999997453,1.5100000000002183
2024-03-12 00:45:00,2024-03-12 01:05:00,Short,2181.28,2181.28,0.0,SL Hit,2181.28,1,774.0100000000014,20.0,0.7199999999997999,-0.9700000000002547
2024-03-12 01:25:00,2024-03-12 01:50:00,Short,2181.4049999999997,2181.82,-0.8300000000008367,SL Hit,2181.82,2,773.1800000000005,25.0,1.6250000000004547,-1.3849999999997635
2024-03-12 02:20:00,2024-03-12 02:25:00,Short,2180.22,2180.22,0.0,SL Hit,2180.22,1,773.1800000000005,5.0,0.5400000000004184,-0.6299999999996544
2024-03-12 02:55:00,2024-03-12 04:10:00,Short,2178.4066666666668,2178.08,0.9800000000004729,SL Hit,2178.08,3,774.160000000001,75.0,1.4933333333333394,-2.2066666666669335
2024-03-12 06:40:00,2024-03-12 07:05:00,Short,2175.41,2175.7250000000004,-0.3150000000005093,SL Hit,2175.7250000000004,1,773.8450000000005,25.0,1.2300000000000182,-2.1099999999996726
2024-03-12 09:15:00,2024-03-12 09:20:00,Long,2177.24,2176.7850000000008,-0.45499999999901775,SL Hit,2176.7850000000008,1,773.3900000000015,5.0,-0.5399999999999636,0.8200000000001637
2024-03-12 10:00:00,2024-03-12 10:30:00,Short,2176.81,2176.81,0.0,SL Hit,2176.81,1,773.3900000000015,30.0,0.1799999999998363,-1.1799999999998363
2024-03-12 14:30:00,2024-03-12 14:35:00,Long,2161.08,2160.975000000001,-0.1049999999991087,SL Hit,2160.975000000001,1,773.2850000000024,5.0,-0.36999999999989086,2.0300000000002
2024-03-12 14:40:00,2024-03-12 15:10:00,Long,2162.59,2160.4,-4.380000000000109,SL Hit,2160.4,2,768.9050000000022,30.0,-2.4200000000000728,2.8599999999996726
2024-03-12 15:15:00,2024-03-12 15:30:00,Short,2160.645,2161.86,-2.430000000000291,SL Hit,2161.86,2,766.475000000002,15.0,1.6849999999999454,-2.894999999999982
2024-03-12 15:35:00,2024-03-12 17:15:00,Long,2162.285,2161.2,-2.1700000000000728,SL Hit,2161.2,2,764.3050000000019,100.0,-1.4549999999999272,4.055000000000291
2024-03-12 17:20:00,2024-03-12 19:55:00,Short,2159.3333333333335,2156.48,8.5600000000004,SL Hit,2156.48,3,772.8650000000023,155.0,3.0766666666663696,-8.803333333333285
2024-03-12 23:25:00,2024-03-13 00:10:00,Short,2157.3450000000003,2157.68,-0.6699999999991633,SL Hit,2157.68,2,772.1950000000031,45.0,1.9249999999997272,-2.0450000000000728
2024-03-13 01:25:00,2024-03-13 02:10:00,Short,2158.06,2158.85,-1.5799999999999272,SL Hit,2158.85,2,770.6150000000032,45.0,1.6599999999998545,-1.3600000000001273
2024-03-13 04:30:00,2024-03-13 04:35:00,Short,2157.82,2157.82,0.0,SL Hit,2157.82,1,770.6150000000032,5.0,0.31999999999970896,-0.580000000000382
2024-03-13 05:35:00,2024-03-13 05:50:00,Long,2159.315,2158.68,-1.2700000000004366,SL Hit,2158.68,2,769.3450000000028,15.0,-1.2150000000001455,1.0949999999998
2024-03-13 11:25:00,2024-03-13 11:30:00,Long,2162.4,2162.4,0.0,SL Hit,2162.4,1,769.3450000000028,5.0,-0.09000000000014552,1.2100000000000364
2024-03-13 12:05:00,2024-03-13 13:15:00,Long,2163.986666666667,2162.59,-4.190000000000964,SL Hit,2162.59,3,765.1550000000018,70.0,-2.0866666666670426,1.9033333333327391
2024-03-13 13:30:00,2024-03-13 14:05:00,Long,2164.9,2164.47,-0.8600000000005821,SL Hit,2164.47,2,764.2950000000012,35.0,-1.0799999999999272,6.179999999999836
2024-03-13 15:00:00,2024-03-13 17:50:00,Long,2172.8325,2174.78,7.790000000000873,SL Hit,2174.78,4,772.0850000000021,170.0,-4.382500000000164,6.197500000000218
2024-03-13 18:05:00,2024-03-13 18:10:00,Short,2175.5,2175.5350000000008,-0.035000000000763976,SL Hit,2175.5350000000008,1,772.0500000000013,5.0,0.2600000000002183,-0.900000000000091
2024-03-13 19:40:00,2024-03-13 20:30:00,Short,2173.53,2174.0899999999997,-0.5599999999994907,SL Hit,2174.0899999999997,1,771.4900000000018,50.0,1.1099999999996726,-1.930000000000291
2024-03-13 22:35:00,2024-03-14 00:10:00,Long,2175.065,2174.5,-2.2600000000002183,SL Hit,2174.5,4,769.2300000000016,95.0,-1.3650000000002365,0.9949999999998909
2024-03-14 00:25:00,2024-03-14 00:45:00,Short,2174.445,2174.84,-0.7899999999999636,SL Hit,2174.84,2,768.4400000000016,20.0,0.5249999999996362,-1.1449999999999818
2024-03-14 00:50:00,2024-03-14 01:25:00,Long,2174.62,2174.62,0.0,SL Hit,2174.62,1,768.4400000000016,35.0,-0.7199999999997999,2.119999999999891
2024-03-14 01:40:00,2024-03-14 01:45:00,Short,2173.99,2173.99,0.0,SL Hit,2173.99,1,768.4400000000016,5.0,0.1000000000003638,-0.6499999999996362
2024-03-14 02:00:00,2024-03-14 08:10:00,Short,2171.7136363636364,2168.85,31.500000000001364,SL Hit,2168.85,11,799.940000000003,370.0,3.556363636363585,-4.413636363636215
2024-03-14 08:15:00,2024-03-14 09:15:00,Long,2169.1549999999997,2168.26,-1.7899999999990541,SL Hit,2168.26,2,798.150000000004,60.0,-1.2149999999996908,0.7850000000003092
2024-03-14 12:20:00,2024-03-14 12:40:00,Short,2168.29,2168.29,0.0,SL Hit,2168.29,1,798.150000000004,20.0,1.4099999999998545,-5.579999999999927
2024-03-14 13:05:00,2024-03-14 16:40:00,Short,2161.6233333333334,2159.99,9.800000000002001,SL Hit,2159.99,6,807.950000000006,215.0,4.986666666666679,-8.64333333333343
2024-03-14 20:40:00,2024-03-14 23:30:00,Short,2161.692,2161.76,-0.340000000001055,SL Hit,2161.76,5,807.6100000000049,170.0,0.7280000000000655,-1.1920000000000073
2024-03-14 23:35:00,2024-03-14 23:50:00,Short,2161.37,2161.76,-0.7800000000006548,SL Hit,2161.76,2,806.8300000000042,15.0,0.5500000000001819,-1.3699999999998909
2024-03-15 03:00:00,2024-03-15 03:15:00,Short,2162.13,2162.89,-1.519999999999527,SL Hit,2162.89,2,805.3100000000047,15.0,1.2399999999997817,-1.0300000000002
2024-03-15 03:20:00,2024-03-15 03:55:00,Long,2163.5699999999997,2163.7,0.2600000000002183,SL Hit,2163.7,2,805.5700000000049,35.0,-1.0799999999999272,1.180000000000291
2024-03-15 05:15:00,2024-03-15 06:30:00,Long,2166.2933333333335,2167.98,5.059999999999491,SL Hit,2167.98,3,810.6300000000044,75.0,-2.783333333333303,3.416666666666515
2024-03-15 07:55:00,2024-03-15 08:40:00,Short,2166.98,2167.44,-0.9200000000000728,SL Hit,2167.44,2,809.7100000000044,45.0,0.8699999999998909,-1.4600000000000364
2024-03-15 08:45:00,2024-03-15 10:35:00,Long,2169.4700000000003,2169.44,-0.12000000000080036,SL Hit,2169.44,4,809.5900000000036,110.0,-2.5700000000001637,2.9699999999998
2024-03-15 14:15:00,2024-03-15 15:30:00,Long,2163.625,2161.05,-10.299999999999272,SL Hit,2161.05,4,799.2900000000043,75.0,-3.7350000000001273,2.4549999999999272
2024-03-15 15:40:00,2024-03-15 16:05:00,Short,2161.55,2161.55,0.0,SL Hit,2161.55,1,799.2900000000043,25.0,0.4499999999998181,-3.1100000000001273
2024-03-15 17:20:00,2024-03-15 18:05:00,Short,2157.745,2157.82,-0.1500000000005457,SL Hit,2157.82,2,799.1400000000037,45.0,1.175000000000182,-2.194999999999709
2024-03-15 18:35:00,2024-03-15 19:20:00,Long,2158.9833333333336,2157.95,-3.1000000000012733,SL Hit,2157.95,3,796.0400000000025,45.0,-1.3833333333336668,1.2266666666664605
2024-03-15 19:25:00,2024-03-17 23:45:00,Short,2156.255,2155.63,2.5,SL Hit,2155.63,4,798.5400000000025,3140.0,2.1649999999999636,-4.6550000000002
2024-03-17 23:50:00,2024-03-18 01:05:00,Long,2155.68,2154.6,-4.319999999999709,SL Hit,2154.6,4,794.2200000000028,75.0,-2.149999999999636,1.6600000000003092
2024-03-18 03:05:00,2024-03-18 03:35:00,Short,2147.82,2147.82,0.0,SL Hit,2147.82,1,794.2200000000028,30.0,0.03999999999996362,-2.1200000000003456
2024-03-18 03:55:00,2024-03-18 04:00:00,Short,2146.96,2146.96,0.0,SL Hit,2146.96,1,794.2200000000028,5.0,0.30999999999994543,-1.4600000000000364
2024-03-18 05:25:00,2024-03-18 05:30:00,Short,2146.67,2147.0899999999997,-0.419999999999618,SL Hit,2147.0899999999997,1,793.8000000000031,5.0,0.599999999999909,-0.36999999999989086
2024-03-18 06:10:00,2024-03-18 06:30:00,Long,2147.56,2146.7200000000007,-0.839999999999236,SL Hit,2146.7200000000007,1,792.9600000000039,20.0,-0.8600000000001273,0.38000000000010914
2024-03-18 07:20:00,2024-03-18 12:50:00,Long,2156.33,2160.19,30.88000000000102,SL Hit,2160.19,8,823.8400000000049,330.0,-7.349999999999909,7.1599999999998545
2024-03-18 15:05:00,2024-03-18 15:15:00,Short,2159.2,2159.2,0.0,SL Hit,2159.2,1,823.8400000000049,10.0,0.7300000000000182,-2.1399999999998727
2024-03-18 15:25:00,2024-03-18 15:35:00,Long,2160.28,2160.035,-0.2450000000003456,SL Hit,2160.035,1,823.5950000000046,10.0,-2.2800000000002,0.9099999999998545
2024-03-18 18:25:00,2024-03-18 18:30:00,Short,2159.43,2159.6050000000005,-0.17500000000063665,SL Hit,2159.6050000000005,1,823.4200000000039,5.0,0.5599999999999454,-0.2899999999999636
2024-03-18 18:35:00,2024-03-18 19:20:00,Short,2159.86,2160.58,-1.4399999999995998,SL Hit,2160.58,2,821.9800000000043,45.0,0.7999999999997272,-0.8600000000001273
2024-03-18 19:40:00,2024-03-18 19:50:00,Long,2160.42,2160.1400000000003,-0.27999999999974534,SL Hit,2160.1400000000003,1,821.7000000000046,10.0,-0.9700000000002547,0.30999999999994543
2024-03-18 20:30:00,2024-03-18 20:55:00,Short,2159.85,2159.85,0.0,SL Hit,2159.85,1,821.7000000000046,25.0,0.34999999999990905,-0.849999999999909
2024-03-18 23:40:00,2024-03-19 00:50:00,Long,2161.076666666667,2160.7,-1.1300000000010186,SL Hit,2160.7,3,820.5700000000036,70.0,-1.0766666666668243,1.6933333333331575
2024-03-19 00:55:00,2024-03-19 01:00:00,Short,2161.15,2161.15,0.0,SL Hit,2161.15,1,820.5700000000036,5.0,0.04999999999972715,-1.25
2024-03-19 05:15:00,2024-03-19 06:45:00,Short,2157.5633333333335,2156.3,3.7899999999999636,SL Hit,2156.3,3,824.3600000000035,90.0,1.786666666666406,-3.383333333333667
2024-03-19 07:20:00,2024-03-19 07:35:00,Short,2156.18,2156.705,-0.525000000000091,SL Hit,2156.705,1,823.8350000000034,15.0,0.830000000000382,-1.1900000000000546
2024-03-19 08:50:00,2024-03-19 09:25:00,Long,2151.58,2152.21,1.2600000000002183,SL Hit,2152.21,2,825.0950000000037,35.0,-1.0499999999997272,1.849999999999909
2024-03-19 13:20:00,2024-03-19 14:25:00,Short,2154.175,2152.57,3.2100000000000364,SL Hit,2152.57,2,828.3050000000037,65.0,2.794999999999618,-5.265000000000327
2024-03-19 14:30:00,2024-03-19 15:10:00,Long,2152.7,2152.49,-0.21000000000003638,SL Hit,2152.49,1,828.0950000000037,40.0,-0.5499999999997272,2.680000000000291
2024-03-19 16:20:00,2024-03-19 16:30:00,Long,2154.87,2154.1000000000004,-0.7699999999995271,SL Hit,2154.1000000000004,1,827.3250000000041,10.0,-1.6700000000000728,0.9700000000002547
2024-03-19 19:15:00,2024-03-19 19:30:00,Long,2157.63,2156.825,-0.805000000000291,SL Hit,2156.825,1,826.5200000000038,15.0,-0.9600000000000364,0.17000000000007276
2024-03-19 20:55:00,2024-03-19 22:00:00,Short,2157.42,2157.454999999999,-0.034999999998944986,SL Hit,2157.454999999999,1,826.4850000000049,65.0,0.05999999999994543,-1.550000000000182
2024-03-19 23:30:00,2024-03-20 01:10:00,Short,2157.49,2157.85,-1.080000000000382,SL Hit,2157.85,3,825.4050000000045,100.0,0.6400000000003274,-2.8899999999998727
2024-03-20 03:15:00,2024-03-20 03:50:00,Short,2159.02,2159.5,-0.9600000000000364,SL Hit,2159.5,2,824.4450000000045,35.0,0.6100000000001273,-1.4200000000000728
2024-03-20 05:30:00,2024-03-20 05:35:00,Long,2157.8500000000004,2156.6,-2.5000000000009095,SL Hit,2156.6,2,821.9450000000036,5.0,-1.3500000000003638,0.08999999999969077
2024-03-20 07:15:00,2024-03-20 08:00:00,Long,2157.88,2157.1,-2.3400000000006003,SL Hit,2157.1,3,819.605000000003,45.0,-1.3299999999999272,1.400000000000091
2024-03-20 09:50:00,2024-03-20 11:35:00,Short,2154.7200000000003,2154.69,0.06000000000040018,SL Hit,2154.69,2,819.6650000000034,105.0,0.8699999999998909,-2.3200000000001637
2024-03-20 11:40:00,2024-03-20 11:55:00,Long,2154.53,2153.9699999999993,-0.5600000000008549,SL Hit,2153.9699999999993,1,819.1050000000025,15.0,-0.650000000000091,0.33999999999969077
2024-03-20 12:00:00,2024-03-20 12:05:00,Long,2153.99,2153.99,0.0,SL Hit,2153.99,1,819.1050000000025,5.0,-1.8899999999998727,1.1700000000000728
2024-03-20 13:50:00,2024-03-20 15:25:00,Long,2157.08,2155.89,-2.380000000000109,SL Hit,2155.89,2,816.7250000000024,95.0,-2.3899999999998727,7.720000000000255
2024-03-20 15:35:00,2024-03-20 16:00:00,Short,2156.78,2157.4799999999996,-0.6999999999993634,SL Hit,2157.4799999999996,1,816.025000000003,25.0,0.7399999999997817,-2.880000000000109
2024-03-20 16:40:00,2024-03-20 16:50:00,Short,2157.2200000000003,2158.08,-1.7199999999993452,SL Hit,2158.08,2,814.3050000000037,10.0,1.319999999999709,-0.3900000000003274
2024-03-20 18:00:00,2024-03-21 00:05:00,Long,2183.8275,2201.4,140.58000000000175,SL Hit,2201.4,8,954.8850000000054,365.0,-26.77749999999969,38.23250000000007
2024-03-21 03:15:00,2024-03-21 03:40:00,Long,2203.815,2202.8,-2.0299999999997453,SL Hit,2202.8,2,952.8550000000057,25.0,-1.2350000000001273,0.8849999999997635
2024-03-21 03:50:00,2024-03-21 04:00:00,Short,2202.82,2202.82,0.0,SL Hit,2202.82,1,952.8550000000057,10.0,0.1499999999996362,-1.0599999999999454
2024-03-21 06:00:00,2024-03-21 07:40:00,Long,2207.115,2206.93,-0.7399999999997817,SL Hit,2206.93,4,952.1150000000059,100.0,-2.6049999999995634,2.6850000000004
2024-03-21 07:50:00,2024-03-21 09:45:00,Short,2205.4775,2205.08,1.5900000000001455,SL Hit,2205.08,4,953.7050000000061,115.0,3.0525000000002365,-7.997499999999945
2024-03-21 09:50:00,2024-03-21 11:05:00,Long,2206.7825000000003,2207.0,0.8699999999989814,SL Hit,2207.0,4,954.575000000005,75.0,-2.7725000000000364,4.787499999999909
2024-03-21 11:10:00,2024-03-21 12:05:00,Short,2207.1800000000003,2208.11,-1.8599999999996726,SL Hit,2208.11,2,952.7150000000054,55.0,1.169999999999618,-1.6200000000003456
2024-03-21 12:15:00,2024-03-21 12:30:00,Long,2208.31,2205.510000000001,-2.7999999999988177,SL Hit,2205.510000000001,1,949.9150000000066,15.0,-3.8299999999999272,0.34999999999990905
2024-03-21 13:15:00,2024-03-21 16:45:00,Short,2188.8025,2178.54,41.04999999999927,SL Hit,2178.54,4,990.9650000000058,210.0,14.81750000000011,-22.482499999999618
2024-03-21 19:50:00,2024-03-21 19:55:00,Short,2181.22,2181.22,0.0,SL Hit,2181.22,1,990.9650000000058,5.0,0.18000000000029104,-0.9399999999995998
2024-03-21 20:45:00,2024-03-21 22:05:00,Short,2180.8900000000003,2181.62,-1.4599999999991269,SL Hit,2181.62,2,989.5050000000067,80.0,1.5899999999996908,-0.38000000000010914
2024-03-21 23:30:00,2024-03-21 23:45:00,Short,2181.49,2181.55,-0.12000000000080036,SL Hit,2181.55,2,989.3850000000059,15.0,0.3200000000001637,-0.8899999999998727
2024-03-22 01:25:00,2024-03-22 04:30:00,Short,2176.865,2174.38,9.93999999999869,SL Hit,2174.38,4,999.3250000000046,185.0,7.345000000000255,-4.964999999999691
2024-03-22 05:25:00,2024-03-22 05:55:00,Long,2174.4049999999997,2173.4,-2.009999999999309,SL Hit,2173.4,2,997.3150000000053,30.0,-1.2049999999999272,0.8450000000002547
2024-03-22 06:00:00,2024-03-22 06:15:00,Short,2173.77,2174.995,-1.224999999999909,SL Hit,2174.995,1,996.0900000000054,15.0,2.2400000000002365,-1.4699999999998
2024-03-22 08:15:00,2024-03-22 08:30:00,Short,2166.83,2166.8650000000007,-0.035000000000763976,SL Hit,2166.8650000000007,1,996.0550000000046,15.0,0.49000000000023647,-1.5299999999997453
2024-03-22 09:45:00,2024-03-22 10:35:00,Short,2166.7566666666667,2167.09,-1.0000000000004547,SL Hit,2167.09,3,995.0550000000042,50.0,1.1633333333334122,-1.116666666666788
2024-03-22 10:40:00,2024-03-22 10:50:00,Long,2166.74,2166.74,0.0,SL Hit,2166.74,1,995.0550000000042,10.0,-0.13999999999987267,1.830000000000382
2024-03-22 11:30:00,2024-03-22 12:00:00,Short,2167.48,2168.0750000000003,-0.5950000000002547,SL Hit,2168.0750000000003,1,994.4600000000039,30.0,0.6399999999998727,-3.0799999999999272
2024-03-22 13:10:00,2024-03-22 14:20:00,Long,2174.616666666667,2173.0,-4.850000000000364,SL Hit,2173.0,3,989.6100000000035,70.0,-1.9066666666667516,5.103333333333012
2024-03-22 14:30:00,2024-03-22 14:40:00,Short,2172.6850000000004,2174.73,-4.089999999999236,SL Hit,2174.73,2,985.5200000000043,10.0,3.014999999999418,-0.8950000000004366
2024-03-24 23:55:00,2024-03-25 00:10:00,Long,2168.04,2166.15,-1.8899999999998727,SL Hit,2166.15,1,983.6300000000044,15.0,-1.9400000000000546,1.1700000000000728
2024-03-25 02:30:00,2024-03-25 03:10:00,Long,2175.5,2172.0,-3.5,Bearish Trade Reversal,2172.0,1,980.1300000000044,40.0,-2.5399999999999636,2.1700000000000728
2024-03-25 03:10:00,2024-03-25 04:20:00,Short,2171.733333333333,2171.01,2.1699999999987085,SL Hit,2171.01,3,982.3000000000031,70.0,2.5566666666668425,-2.233333333333121
2024-03-25 04:35:00,2024-03-25 05:30:00,Short,2169.545,2170.14,-1.1899999999995998,SL Hit,2170.14,2,981.1100000000035,55.0,0.7150000000001455,-2.144999999999982
2024-03-25 07:25:00,2024-03-25 07:30:00,Long,2166.75,2165.14,-1.6100000000001273,SL Hit,2165.14,1,979.5000000000034,5.0,-1.949999999999818,0.19000000000005457
2024-03-25 08:50:00,2024-03-25 09:00:00,Short,2164.93,2165.8400000000006,-0.910000000000764,SL Hit,2165.8400000000006,1,978.5900000000026,10.0,1.1000000000003638,-0.8399999999996908
2024-03-25 15:45:00,2024-03-25 16:15:00,Short,2176.3450000000003,2177.07,-1.449999999999818,SL Hit,2177.07,2,977.1400000000028,30.0,0.7349999999996726,-0.955000000000382
2024-03-25 16:25:00,2024-03-25 16:30:00,Long,2177.05,2177.05,0.0,SL Hit,2177.05,1,977.1400000000028,5.0,-0.9100000000003092,0.6199999999998909
2024-03-25 16:45:00,2024-03-25 17:00:00,Short,2175.63,2175.84,-0.21000000000003638,SL Hit,2175.84,1,976.9300000000028,15.0,0.5,-0.6100000000001273
2024-03-25 17:20:00,2024-03-25 17:40:00,Short,2175.73,2175.9399999999996,-0.20999999999958163,SL Hit,2175.9399999999996,1,976.7200000000032,20.0,0.6999999999998181,-1.1199999999998909
2024-03-25 20:50:00,2024-03-25 22:00:00,Long,2171.385,2170.95,-0.8700000000008004,SL Hit,2170.95,2,975.8500000000024,70.0,-0.7850000000003092,0.375
2024-03-26 01:35:00,2024-03-26 02:35:00,Short,2171.185,2171.43,-0.4899999999997817,SL Hit,2171.43,2,975.3600000000026,60.0,0.3049999999998363,-3.4850000000001273
2024-03-26 04:00:00,2024-03-26 04:05:00,Short,2170.36,2170.534999999999,-0.17499999999881766,SL Hit,2170.534999999999,1,975.1850000000038,5.0,0.3599999999996726,-0.8600000000001273
2024-03-26 04:10:00,2024-03-26 04:20:00,Short,2170.56,2171.2250000000004,-0.6650000000004184,SL Hit,2171.2250000000004,1,974.5200000000034,10.0,1.150000000000091,-0.2699999999999818
2024-03-26 10:50:00,2024-03-26 12:10:00,Long,2196.1875,2195.4,-3.149999999999636,SL Hit,2195.4,4,971.3700000000038,80.0,-1.1174999999998363,3.4524999999998727
2024-03-26 12:15:00,2024-03-26 17:30:00,Short,2186.433333333333,2178.17,49.5799999999972,SL Hit,2178.17,6,1020.950000000001,315.0,10.516666666666879,-14.753333333333103
2024-03-26 18:10:00,2024-03-26 18:20:00,Short,2176.88,2176.88,0.0,SL Hit,2176.88,1,1020.950000000001,10.0,0.09999999999990905,-0.8900000000003274
2024-03-26 20:15:00,2024-03-26 20:50:00,Short,2177.35,2177.35,0.0,SL Hit,2177.35,1,1020.950000000001,35.0,0.9500000000002728,-2.699999999999818
2024-03-26 20:55:00,2024-03-26 22:00:00,Long,2177.63,2177.63,0.0,SL Hit,2177.63,1,1020.950000000001,65.0,-0.47000000000025466,0.9899999999997817
2024-03-26 22:15:00,2024-03-26 22:50:00,Long,2178.17,2177.3,-2.6099999999996726,SL Hit,2177.3,3,1018.3400000000013,35.0,-0.8699999999998909,0.9699999999997999
2024-03-26 23:20:00,2024-03-26 23:30:00,Short,2178.8,2178.8,0.0,SL Hit,2178.8,1,1018.3400000000013,10.0,0.04999999999972715,-1.2000000000002728
2024-03-26 23:40:00,2024-03-27 00:20:00,Long,2178.62,2178.1649999999995,-0.455000000000382,SL Hit,2178.1649999999995,1,1017.8850000000009,40.0,-1.3299999999999272,1.4800000000000182
2024-03-27 05:10:00,2024-03-27 05:25:00,Short,2177.41,2177.41,0.0,SL Hit,2177.41,1,1017.8850000000009,15.0,0.0500000000001819,-1.7100000000000364
2024-03-27 07:00:00,2024-03-27 07:05:00,Short,2177.9,2177.9,0.0,SL Hit,2177.9,1,1017.8850000000009,5.0,1.150000000000091,-0.900000000000091
2024-03-27 07:55:00,2024-03-27 08:30:00,Long,2180.1099999999997,2178.8,-2.6199999999989814,SL Hit,2178.8,2,1015.2650000000019,35.0,-1.4099999999998545,2.480000000000473
2024-03-27 08:35:00,2024-03-27 09:05:00,Short,2179.14,2179.4199999999996,-0.27999999999974534,SL Hit,2179.4199999999996,1,1014.9850000000022,30.0,0.5700000000001637,-2.5899999999996908
2024-03-27 11:00:00,2024-03-27 11:40:00,Long,2193.87,2192.4350000000004,-1.4349999999994907,SL Hit,2192.4350000000004,1,1013.5500000000027,40.0,-2.6900000000000546,3.450000000000273
2024-03-27 13:35:00,2024-03-27 15:25:00,Long,2190.04,2189.81,-0.4600000000000364,SL Hit,2189.81,2,1013.0900000000026,110.0,-3.2299999999991087,4.699999999999818
2024-03-27 15:30:00,2024-03-27 15:40:00,Short,2189.99,2190.445,-0.455000000000382,SL Hit,2190.445,1,1012.6350000000023,10.0,0.47000000000025466,-1.569999999999709
2024-03-27 18:35:00,2024-03-27 19:50:00,Long,2191.15,2190.82,-0.9899999999997817,SL Hit,2190.82,3,1011.6450000000025,75.0,-0.75,1.699999999999818
2024-03-27 20:25:00,2024-03-27 22:00:00,Long,2194.605,2194.45,-0.3100000000004002,SL Hit,2194.45,2,1011.3350000000021,95.0,-6.414999999999964,0.4450000000001637
2024-03-27 23:55:00,2024-03-28 01:25:00,Short,2189.945,2190.31,-0.7299999999995634,SL Hit,2190.31,2,1010.6050000000025,90.0,1.0249999999996362,-2.9450000000001637
2024-03-28 04:25:00,2024-03-28 04:55:00,Long,2195.545,2194.3,-2.4899999999997817,SL Hit,2194.3,2,1008.1150000000027,30.0,-1.2449999999998909,0.525000000000091
2024-03-28 05:30:00,2024-03-28 07:20:00,Long,2195.9350000000004,2194.8,-2.2700000000004366,SL Hit,2194.8,2,1005.8450000000023,110.0,-1.4050000000002,4.5649999999996
2024-03-28 12:40:00,2024-03-28 12:55:00,Short,2209.08,2211.635,-2.555000000000291,SL Hit,2211.635,1,1003.290000000002,15.0,6.760000000000218,-3.0099999999997635
2024-03-28 14:00:00,2024-03-28 14:30:00,Short,2208.78,2208.78,0.0,SL Hit,2208.78,1,1003.290000000002,30.0,0.5899999999996908,-4.220000000000255
2024-03-28 20:40:00,2024-04-01 01:55:00,Long,2246.052,2255.63,47.88999999999987,SL Hit,2255.63,5,1051.1800000000019,4635.0,-24.432000000000244,13.498000000000047
2024-04-01 02:00:00,2024-04-01 02:05:00,Short,2256.36,2256.36,0.0,SL Hit,2256.36,1,1051.1800000000019,5.0,0.900000000000091,-1.2800000000002
2024-04-01 03:00:00,2024-04-01 04:35:00,Long,2258.806666666667,2259.3,1.4800000000000182,SL Hit,2259.3,3,1052.660000000002,95.0,-2.216666666666697,6.563333333333048
2024-04-01 09:55:00,2024-04-01 10:00:00,Short,2251.63,2251.63,0.0,SL Hit,2251.63,1,1052.660000000002,5.0,0.5199999999999818,-0.7400000000002365
2024-04-01 10:20:00,2024-04-01 11:35:00,Short,2250.175,2250.64,-0.9299999999993815,SL Hit,2250.64,2,1051.7300000000025,75.0,1.5349999999998545,-4.6150000000002365
2024-04-01 11:55:00,2024-04-01 12:30:00,Short,2247.79,2249.33,-1.5399999999999636,SL Hit,2249.33,1,1050.1900000000026,35.0,1.8899999999998727,-3.75
2024-04-01 12:50:00,2024-04-01 13:40:00,Long,2252.45,2249.87,-5.1599999999998545,SL Hit,2249.87,2,1045.0300000000027,50.0,-4.039999999999964,5.260000000000218
2024-04-01 15:25:00,2024-04-01 16:55:00,Long,2240.13,2237.24,-5.780000000000655,SL Hit,2237.24,2,1039.250000000002,90.0,-3.3600000000001273,2.9400000000000546
2024-04-01 18:05:00,2024-04-01 18:30:00,Long,2238.24,2238.24,0.0,SL Hit,2238.24,1,1039.250000000002,25.0,-0.23999999999978172,2.9200000000000728
2024-04-01 22:05:00,2024-04-01 23:15:00,Long,2250.683333333334,2250.7,0.04999999999790816,SL Hit,2250.7,3,1039.3,70.0,-1.2733333333339942,4.936666666666042
2024-04-01 23:30:00,2024-04-02 00:20:00,Short,2250.1133333333332,2250.33,-0.650000000000091,SL Hit,2250.33,3,1038.6499999999999,50.0,1.646666666666988,-2.2133333333331393
2024-04-02 01:10:00,2024-04-02 01:40:00,Short,2248.815,2249.62,-1.6099999999996726,SL Hit,2249.62,2,1037.0400000000002,30.0,0.9850000000001273,-2.3150000000000546
2024-04-02 02:25:00,2024-04-02 02:30:00,Short,2248.77,2248.77,0.0,SL Hit,2248.77,1,1037.0400000000002,5.0,0.7400000000002365,-0.9699999999997999
2024-04-02 04:20:00,2024-04-02 04:25:00,Short,2251.19,2251.8199999999997,-0.6299999999996544,SL Hit,2251.8199999999997,1,1036.4100000000005,5.0,1.0,-0.9900000000002365
2024-04-02 06:25:00,2024-04-02 06:40:00,Long,2254.17,2253.57,-1.199999999999818,SL Hit,2253.57,2,1035.2100000000007,15.0,-0.8299999999999272,1.0
2024-04-02 06:55:00,2024-04-02 07:20:00,Long,2254.6833333333334,2253.65,-3.099999999999909,SL Hit,2253.65,3,1032.1100000000008,25.0,-1.383333333333212,1.0766666666668243
2024-04-02 07:25:00,2024-04-02 07:30:00,Short,2254.67,2254.774999999999,-0.1049999999991087,SL Hit,2254.774999999999,1,1032.0050000000017,5.0,0.5199999999999818,-1.1700000000000728
2024-04-02 09:50:00,2024-04-02 10:40:00,Short,2261.48,2261.585000000001,-0.10500000000092768,SL Hit,2261.585000000001,1,1031.9000000000008,50.0,1.8699999999998909,-5.480000000000018
2024-04-02 12:15:00,2024-04-02 13:10:00,Short,2256.77,2258.34,-3.1400000000003274,SL Hit,2258.34,2,1028.7600000000004,55.0,1.949999999999818,-3.1900000000000546
2024-04-02 13:25:00,2024-04-02 15:25:00,Long,2258.29,2256.82,-2.9399999999996,SL Hit,2256.82,2,1025.8200000000008,120.0,-4.110000000000127,18.470000000000255
2024-04-02 16:40:00,2024-04-02 20:15:00,Long,2270.03,2275.85,23.279999999998836,SL Hit,2275.85,4,1049.0999999999997,215.0,-11.670000000000073,8.480000000000018
2024-04-02 22:15:00,2024-04-02 23:15:00,Long,2281.045,2281.2,0.3099999999994907,SL Hit,2281.2,2,1049.4099999999992,60.0,-0.5450000000000728,6.614999999999782
2024-04-02 23:20:00,2024-04-03 00:10:00,Short,2282.41,2282.41,0.0,SL Hit,2282.41,1,1049.4099999999992,50.0,2.5900000000001455,-4.399999999999636
2024-04-03 00:45:00,2024-04-03 01:00:00,Long,2284.22,2282.6100000000015,-1.6099999999983083,SL Hit,2282.6100000000015,1,1047.8000000000009,15.0,-3.6399999999998727,1.4700000000002547
2024-04-03 02:00:00,2024-04-03 03:05:00,Long,2283.2866666666664,2282.21,-3.2299999999991087,SL Hit,2282.21,3,1044.5700000000018,65.0,-1.5466666666666242,1.4433333333336122
2024-04-03 04:05:00,2024-04-03 04:55:00,Long,2286.035,2284.2,-3.6700000000000728,SL Hit,2284.2,2,1040.9000000000017,50.0,-2.2349999999996726,0.9149999999999636
2024-04-03 06:40:00,2024-04-03 08:35:00,Short,2275.6949999999997,2270.82,9.74999999999909,SL Hit,2270.82,2,1050.6500000000008,115.0,7.3650000000002365,-8.014999999999873
2024-04-03 09:30:00,2024-04-03 10:30:00,Long,2271.72,2270.4,-3.959999999999127,SL Hit,2270.4,3,1046.6900000000016,60.0,-1.6199999999998909,2.450000000000273
2024-04-03 11:15:00,2024-04-03 11:25:00,Long,2272.62,2270.3,-4.639999999999418,SL Hit,2270.3,2,1042.0500000000022,10.0,-3.7199999999998,0.2899999999999636
2024-04-03 11:30:00,2024-04-03 11:55:00,Short,2270.91,2271.9600000000005,-1.0500000000006366,SL Hit,2271.9600000000005,1,1041.0000000000016,25.0,3.1900000000000546,-1.1799999999998363
2024-04-03 12:20:00,2024-04-03 12:30:00,Short,2269.35,2270.5400000000004,-1.1900000000005093,SL Hit,2270.5400000000004,1,1039.810000000001,10.0,2.900000000000091,-3.3399999999996908
2024-04-03 12:55:00,2024-04-03 18:20:00,Long,2284.8055555555557,2294.18,84.36999999999762,SL Hit,2294.18,9,1124.1799999999987,325.0,-12.44555555555553,10.584444444444216
2024-04-03 20:25:00,2024-04-03 22:05:00,Long,2299.06,2296.9,-4.319999999999709,SL Hit,2296.9,2,1119.859999999999,100.0,-6.099999999999909,1.8600000000001273
2024-04-03 23:35:00,2024-04-04 00:00:00,Short,2299.3,2299.3,0.0,SL Hit,2299.3,1,1119.859999999999,25.0,0.7300000000000182,-3.0100000000002183
2024-04-04 00:45:00,2024-04-04 02:25:00,Long,2300.3379999999997,2300.13,-1.0399999999981446,SL Hit,2300.13,5,1118.8200000000008,100.0,-2.5279999999997926,2.6520000000000437
2024-04-04 03:05:00,2024-04-04 05:15:00,Short,2299.0175000000004,2300.08,-4.249999999998181,SL Hit,2300.08,4,1114.5700000000027,130.0,1.5224999999995816,-2.117500000000291
2024-04-04 05:30:00,2024-04-04 07:30:00,Short,2296.773333333333,2297.19,-1.2500000000009095,SL Hit,2297.19,3,1113.3200000000018,120.0,2.1566666666667516,-4.473333333332903
2024-04-04 08:25:00,2024-04-04 09:20:00,Short,2292.1133333333332,2293.04,-2.7800000000002,SL Hit,2293.04,3,1110.5400000000016,55.0,1.646666666666988,-1.4133333333334122
2024-04-04 09:50:00,2024-04-04 10:00:00,Long,2292.99,2292.955000000001,-0.034999999998944986,SL Hit,2292.955000000001,1,1110.5050000000026,10.0,-0.08999999999969077,0.830000000000382
2024-04-04 10:15:00,2024-04-04 11:25:00,Long,2293.605,2292.55,-2.1099999999996726,SL Hit,2292.55,2,1108.395000000003,70.0,-1.1150000000002365,1.5149999999998727
2024-04-04 11:30:00,2024-04-04 12:55:00,Short,2289.9633333333336,2288.28,5.050000000000182,SL Hit,2288.28,3,1113.4450000000031,85.0,3.406666666666297,-6.89333333333343
2024-04-04 14:25:00,2024-04-04 14:55:00,Long,2294.4700000000003,2294.81,0.6799999999993815,SL Hit,2294.81,2,1114.1250000000025,30.0,-1.3400000000001455,4.209999999999582
2024-04-04 15:00:00,2024-04-04 17:45:00,Short,2291.792,2291.26,2.6599999999984902,SL Hit,2291.26,5,1116.785000000001,165.0,3.0979999999999563,-5.342000000000098
2024-04-04 18:50:00,2024-04-04 19:00:00,Long,2301.69,2297.7,-7.980000000000473,SL Hit,2297.7,2,1108.8050000000005,10.0,-8.900000000000091,3.3400000000001455
2024-04-04 22:45:00,2024-04-04 22:50:00,Short,2289.49,2289.49,0.0,SL Hit,2289.49,1,1108.8050000000005,5.0,0.06000000000040018,-0.7299999999995634
2024-04-05 00:15:00,2024-04-05 03:00:00,Short,2278.4939999999997,2274.2,21.469999999999345,SL Hit,2274.2,5,1130.2749999999999,165.0,10.356000000000222,-10.513999999999669
2024-04-05 04:35:00,2024-04-05 06:20:00,Long,2280.23,2278.49,-5.220000000000709,SL Hit,2278.49,3,1125.0549999999992,105.0,-4.0300000000002,2.6399999999998727
2024-04-05 06:30:00,2024-04-05 07:00:00,Short,2279.07,2280.96,-1.8899999999998727,SL Hit,2280.96,1,1123.1649999999993,30.0,2.169999999999618,-1.8600000000001273
2024-04-05 07:10:00,2024-04-05 11:10:00,Long,2290.278333333333,2293.04,16.57000000000062,SL Hit,2293.04,6,1139.735,240.0,-8.098333333333358,5.001666666667006
2024-04-05 13:50:00,2024-04-05 16:15:00,Long,2312.3849999999998,2325.21,76.95000000000164,SL Hit,2325.21,6,1216.6850000000015,145.0,-16.47499999999991,16.77500000000009
2024-04-07 22:05:00,2024-04-07 23:00:00,Short,2317.95,2311.6,12.699999999999818,SL Hit,2311.6,2,1229.3850000000014,55.0,8.890000000000327,-12.349999999999909
2024-04-08 00:50:00,2024-04-08 01:20:00,Short,2307.77,2309.7650000000003,-1.9950000000003456,SL Hit,2309.7650000000003,1,1227.390000000001,30.0,3.2899999999999636,-4.300000000000182
2024-04-08 03:30:00,2024-04-08 03:55:00,Short,2344.04,2344.04,0.0,SL Hit,2344.04,1,1227.390000000001,25.0,1.1300000000001091,-3.3400000000001455
2024-04-08 04:35:00,2024-04-08 06:30:00,Short,2339.348,2337.29,10.289999999999964,SL Hit,2337.29,5,1237.680000000001,115.0,4.932000000000244,-7.947999999999865
2024-04-08 08:05:00,2024-04-08 08:10:00,Long,2339.12,2338.3149999999996,-0.805000000000291,SL Hit,2338.3149999999996,1,1236.8750000000007,5.0,-1.1599999999998545,0.5700000000001637
2024-04-08 10:10:00,2024-04-08 11:40:00,Long,2338.11,2338.25,0.5599999999994907,SL Hit,2338.25,4,1237.4350000000002,90.0,-1.930000000000291,5.079999999999927
2024-04-08 11:45:00,2024-04-08 14:55:00,Short,2330.112,2328.58,7.660000000000764,SL Hit,2328.58,5,1245.095000000001,190.0,9.16800000000012,-12.012000000000171
2024-04-08 15:05:00,2024-04-08 16:40:00,Long,2328.2533333333336,2326.45,-5.410000000001219,SL Hit,2326.45,3,1239.6849999999997,95.0,-3.2533333333335577,2.9766666666664605
2024-04-08 17:15:00,2024-04-08 19:10:00,Long,2334.2400000000002,2337.85,14.43999999999869,SL Hit,2337.85,4,1254.1249999999984,115.0,-5.550000000000182,7.549999999999727
2024-04-08 21:00:00,2024-04-08 22:00:00,Long,2338.75,2338.75,0.0,SL Hit,2338.75,1,1254.1249999999984,60.0,-2.349999999999909,0.2899999999999636
2024-04-08 22:20:00,2024-04-08 22:35:00,Short,2337.67,2338.5099999999993,-0.839999999999236,SL Hit,2338.5099999999993,1,1253.2849999999992,15.0,1.2300000000000182,-0.8699999999998909
2024-04-08 23:05:00,2024-04-08 23:50:00,Long,2339.105,2338.2,-1.8100000000004002,SL Hit,2338.2,2,1251.4749999999988,45.0,-1.7049999999999272,1.1950000000001637
2024-04-09 00:05:00,2024-04-09 00:25:00,Long,2340.1,2339.120000000001,-0.9799999999991087,SL Hit,2339.120000000001,1,1250.4949999999997,20.0,-1.4299999999998363,1.4400000000000546
2024-04-09 00:55:00,2024-04-09 01:50:00,Long,2341.7466666666664,2341.0,-2.239999999999327,SL Hit,2341.0,3,1248.2550000000003,55.0,-3.6966666666662604,6.153333333333649
2024-04-09 04:00:00,2024-04-09 04:15:00,Short,2344.03,2344.7299999999996,-0.6999999999993634,SL Hit,2344.7299999999996,1,1247.555000000001,15.0,1.319999999999709,-1.0300000000002
2024-04-09 05:20:00,2024-04-09 05:25:00,Long,2345.24,2345.24,0.0,SL Hit,2345.24,1,1247.555000000001,5.0,-0.1499999999996362,0.580000000000382
2024-04-09 08:55:00,2024-04-09 10:05:00,Long,2359.9049999999997,2362.1,4.390000000000327,SL Hit,2362.1,2,1251.9450000000013,70.0,-2.8349999999995816,5.135000000000218
2024-04-09 10:50:00,2024-04-09 12:05:00,Short,2355.55,2355.29,0.5200000000004366,SL Hit,2355.29,2,1252.4650000000017,75.0,2.2100000000000364,-5.600000000000364
2024-04-09 12:15:00,2024-04-09 12:20:00,Long,2354.45,2351.4750000000004,-2.9749999999994543,SL Hit,2351.4750000000004,1,1249.4900000000023,5.0,-4.589999999999691,2.830000000000382
2024-04-09 15:10:00,2024-04-09 15:20:00,Short,2346.78,2349.9649999999997,-3.1849999999994907,SL Hit,2349.9649999999997,1,1246.3050000000028,10.0,3.5599999999999454,-1.8700000000003456
2024-04-09 17:15:00,2024-04-09 17:25:00,Long,2343.67,2343.1800000000003,-0.4899999999997817,SL Hit,2343.1800000000003,1,1245.815000000003,10.0,-0.6900000000000546,1.4200000000000728
2024-04-09 17:35:00,2024-04-09 19:05:00,Long,2347.4725000000003,2347.98,2.029999999998836,SL Hit,2347.98,4,1247.8450000000018,90.0,-2.7825000000002547,2.3174999999996544
2024-04-09 22:10:00,2024-04-09 22:35:00,Short,2352.69,2353.43,-1.4799999999995634,SL Hit,2353.43,2,1246.3650000000023,25.0,1.2300000000000182,-2.3899999999998727
2024-04-10 00:30:00,2024-04-10 00:35:00,Short,2352.49,2352.875,-0.3850000000002183,SL Hit,2352.875,1,1245.980000000002,5.0,0.5700000000001637,-0.5
2024-04-10 01:00:00,2024-04-10 01:55:00,Short,2349.065,2348.22,1.6900000000005093,SL Hit,2348.22,2,1247.6700000000026,55.0,2.5549999999998363,-4.164999999999964
2024-04-10 04:10:00,2024-04-10 05:45:00,Long,2355.1925,2357.48,9.149999999999636,SL Hit,2357.48,4,1256.8200000000022,95.0,-2.362500000000182,4.707499999999982
2024-04-10 05:50:00,2024-04-10 06:15:00,Short,2357.45,2359.2350000000006,-1.785000000000764,SL Hit,2359.2350000000006,1,1255.0350000000014,25.0,2.150000000000091,-1.3099999999999454
2024-04-10 07:45:00,2024-04-10 08:25:00,Short,2354.58,2354.58,0.0,SL Hit,2354.58,1,1255.0350000000014,40.0,0.07999999999992724,-2.119999999999891
2024-04-10 09:10:00,2024-04-10 10:30:00,Short,2349.13,2348.23,2.700000000000273,SL Hit,2348.23,3,1257.7350000000017,80.0,5.199999999999818,-4.130000000000109
2024-04-10 13:35:00,2024-04-10 13:55:00,Short,2327.4049999999997,2332.57,-10.330000000000837,SL Hit,2332.57,2,1247.4050000000009,20.0,7.825000000000273,-2.0549999999998363
2024-04-10 18:30:00,2024-04-10 19:50:00,Short,2332.5299999999997,2330.35,4.359999999999673,SL Hit,2330.35,2,1251.7650000000006,80.0,3.300000000000182,-6.089999999999691
2024-04-10 20:00:00,2024-04-10 20:50:00,Long,2331.2966666666666,2331.6,0.9099999999998545,SL Hit,2331.6,3,1252.6750000000004,50.0,-2.096666666666806,2.2033333333333758
2024-04-10 22:45:00,2024-04-10 23:05:00,Long,2335.73,2334.749999999999,-0.9800000000009277,SL Hit,2334.749999999999,1,1251.6949999999995,20.0,-1.4299999999998363,1.0199999999999818
2024-04-11 00:00:00,2024-04-11 00:20:00,Short,2335.39,2335.39,0.0,SL Hit,2335.39,1,1251.6949999999995,20.0,0.25,-1.900000000000091
2024-04-11 00:50:00,2024-04-11 01:00:00,Short,2335.0,2336.120000000001,-1.1200000000008004,SL Hit,2336.120000000001,1,1250.5749999999987,10.0,1.5599999999999454,-0.9200000000000728
2024-04-11 02:30:00,2024-04-11 04:25:00,Long,2343.16,2343.24,0.31999999999970896,SL Hit,2343.24,4,1250.8949999999984,115.0,-3.4600000000000364,3.430000000000291
2024-04-11 04:50:00,2024-04-11 05:10:00,Short,2342.95,2343.33,-0.7600000000002183,SL Hit,2343.33,2,1250.1349999999982,20.0,0.7600000000002183,-0.849999999999909
2024-04-11 08:05:00,2024-04-11 09:30:00,Short,2334.1549999999997,2332.58,3.149999999999636,SL Hit,2332.58,2,1253.2849999999978,85.0,3.3850000000002183,-8.954999999999927
2024-04-11 12:05:00,2024-04-11 12:30:00,Short,2336.83,2340.5750000000007,-3.7450000000008004,SL Hit,2340.5750000000007,1,1249.539999999997,25.0,5.710000000000036,-4.5900000000001455
2024-04-11 13:20:00,2024-04-11 13:25:00,Long,2343.32,2341.115,-2.205000000000382,SL Hit,2341.115,1,1247.3349999999966,5.0,-2.4600000000000364,1.2599999999997635
2024-04-11 16:05:00,2024-04-11 16:15:00,Long,2344.06,2344.06,0.0,SL Hit,2344.06,1,1247.3349999999966,10.0,-0.3200000000001637,2.269999999999982
2024-04-11 17:55:00,2024-04-11 20:55:00,Long,2364.1625000000004,2371.8,30.549999999999272,SL Hit,2371.8,4,1277.884999999996,180.0,-8.762500000000273,13.367499999999836
2024-04-11 23:05:00,2024-04-11 23:45:00,Long,2374.53,2374.1449999999995,-0.385000000000673,SL Hit,2374.1449999999995,1,1277.4999999999952,40.0,-0.7300000000000182,2.199999999999818
2024-04-11 23:55:00,2024-04-12 02:50:00,Long,2380.638,2387.4,33.810000000000855,SL Hit,2387.4,5,1311.309999999996,175.0,-6.337999999999738,14.14200000000028
2024-04-12 03:35:00,2024-04-12 04:50:00,Short,2386.165,2386.86,-1.3900000000003274,SL Hit,2386.86,2,1309.9199999999958,75.0,2.7950000000000728,-3.6649999999999636
2024-04-12 08:35:00,2024-04-12 08:50:00,Short,2396.81,2397.580000000001,-0.7700000000008913,SL Hit,2397.580000000001,1,1309.1499999999949,15.0,1.4800000000000182,-2.619999999999891
2024-04-12 12:30:00,2024-04-12 12:35:00,Long,2394.83,2394.6550000000007,-0.1749999999992724,SL Hit,2394.6550000000007,1,1308.9749999999956,5.0,-0.6399999999998727,1.8099999999999454
2024-04-12 13:00:00,2024-04-12 13:30:00,Long,2397.7966666666666,2394.27,-10.579999999999927,SL Hit,2394.27,3,1298.3949999999957,30.0,-3.9266666666667334,1.3633333333332303
2024-04-12 13:35:00,2024-04-12 13:40:00,Short,2398.33,2399.170000000001,-0.840000000001055,SL Hit,2399.170000000001,1,1297.5549999999946,5.0,4.050000000000182,-3.0900000000001455
2024-04-12 17:15:00,2024-04-12 19:20:00,Short,2350.0266666666666,2340.37,28.970000000000255,SL Hit,2340.37,3,1326.5249999999949,125.0,13.083333333333485,-15.436666666666497
2024-04-12 19:45:00,2024-04-12 20:00:00,Long,2342.64,2342.4300000000003,-0.20999999999958163,SL Hit,2342.4300000000003,1,1326.3149999999953,15.0,-0.4800000000000182,2.5700000000001637
2024-04-12 20:40:00,2024-04-12 20:50:00,Short,2342.77,2343.8200000000006,-1.0500000000006366,SL Hit,2343.8200000000006,1,1325.2649999999946,10.0,1.900000000000091,-0.44000000000005457
2024-04-15 00:30:00,2024-04-15 02:05:00,Short,2356.77,2357.83,-3.1799999999998363,SL Hit,2357.83,3,1322.0849999999948,95.0,4.079999999999927,-7.119999999999891
2024-04-15 03:10:00,2024-04-15 03:35:00,Short,2357.93,2358.7000000000007,-0.7700000000008913,SL Hit,2358.7000000000007,1,1321.314999999994,25.0,1.4900000000002365,-3.1299999999996544
2024-04-15 04:40:00,2024-04-15 04:50:00,Short,2356.71,2356.71,0.0,SL Hit,2356.71,1,1321.314999999994,10.0,0.6100000000001273,-1.1100000000001273
2024-04-15 05:05:00,2024-04-15 05:15:00,Short,2355.97,2355.97,0.0,SL Hit,2355.97,1,1321.314999999994,10.0,0.19000000000005457,-2.799999999999727
2024-04-15 06:40:00,2024-04-15 07:25:00,Short,2355.075,2355.88,-1.610000000000582,SL Hit,2355.88,2,1319.7049999999933,45.0,3.1649999999999636,-3.444999999999709
2024-04-15 07:50:00,2024-04-15 08:05:00,Short,2352.44,2353.8749999999995,-1.4349999999994907,SL Hit,2353.8749999999995,1,1318.2699999999938,15.0,3.2899999999999636,-3.0700000000001637
2024-04-15 12:15:00,2024-04-15 12:25:00,Short,2356.35,2357.75,-1.400000000000091,SL Hit,2357.75,1,1316.8699999999938,10.0,1.6399999999998727,-1.7199999999998
2024-04-15 18:35:00,2024-04-15 20:30:00,Long,2379.2000000000003,2382.0,8.399999999999181,SL Hit,2382.0,3,1325.269999999993,115.0,-11.220000000000255,7.599999999999909
2024-04-15 23:30:00,2024-04-16 00:30:00,Short,2384.51,2384.83,-0.6399999999994179,SL Hit,2384.83,2,1324.6299999999935,60.0,1.4399999999995998,-4.510000000000218
2024-04-16 10:50:00,2024-04-16 11:00:00,Short,2369.67,2372.329999999999,-2.659999999998945,SL Hit,2372.329999999999,1,1321.9699999999946,10.0,3.099999999999909,-0.9700000000002547
2024-04-16 12:50:00,2024-04-16 13:05:00,Long,2375.08,2371.8250000000007,-3.2549999999991996,SL Hit,2371.8250000000007,1,1318.7149999999954,15.0,-3.9899999999997817,1.2899999999999636
2024-04-16 14:15:00,2024-04-16 14:40:00,Short,2369.1099999999997,2371.74,-5.260000000000218,SL Hit,2371.74,2,1313.4549999999952,25.0,5.070000000000164,-4.349999999999454
2024-04-16 16:35:00,2024-04-16 17:20:00,Long,2390.24,2387.825000000001,-2.4149999999985994,SL Hit,2387.825000000001,1,1311.0399999999966,45.0,-3.919999999999618,7.510000000000218
2024-04-16 19:55:00,2024-04-16 22:25:00,Short,2387.23,2385.36,3.7399999999997817,SL Hit,2385.36,2,1314.7799999999963,150.0,2.9299999999998363,-8.579999999999927
2024-04-17 01:05:00,2024-04-17 02:45:00,Long,2383.1300000000006,2383.54,1.2299999999981992,SL Hit,2383.54,3,1316.0099999999945,100.0,-1.6500000000005457,2.4799999999995634
2024-04-17 03:20:00,2024-04-17 04:25:00,Short,2382.02,2382.91,-1.7799999999997453,SL Hit,2382.91,2,1314.2299999999948,65.0,0.9499999999998181,-1.7199999999998
2024-04-17 04:30:00,2024-04-17 04:40:00,Long,2381.1,2379.35,-1.75,Bearish Trade Reversal,2379.35,1,1312.4799999999948,10.0,-1.099999999999909,0.9100000000003092
2024-04-17 04:40:00,2024-04-17 06:35:00,Short,2379.94,2377.61,6.989999999999782,SL Hit,2377.61,3,1319.4699999999946,115.0,2.1900000000000546,-7.119999999999891
2024-04-17 06:40:00,2024-04-17 10:10:00,Long,2384.6725,2390.6,23.709999999999127,SL Hit,2390.6,4,1343.1799999999937,210.0,-7.962500000000091,9.297499999999673
2024-04-17 11:50:00,2024-04-17 12:10:00,Long,2387.3,2385.199999999999,-2.1000000000012733,SL Hit,2385.199999999999,1,1341.0799999999924,20.0,-2.3200000000001637,1.6799999999998363
2024-04-17 13:20:00,2024-04-17 15:10:00,Long,2390.5333333333333,2389.01,-4.569999999999254,SL Hit,2389.01,3,1336.5099999999932,110.0,-4.573333333333267,4.736666666666679
2024-04-17 16:05:00,2024-04-17 18:05:00,Short,2378.285,2375.93,4.710000000000036,SL Hit,2375.93,2,1341.2199999999932,120.0,5.175000000000182,-17.065000000000055
2024-04-17 20:25:00,2024-04-17 22:40:00,Short,2369.0950000000003,2366.02,6.150000000000546,SL Hit,2366.02,2,1347.3699999999938,135.0,3.5949999999998,-10.585000000000036
2024-04-17 23:50:00,2024-04-18 01:20:00,Long,2368.516666666667,2368.45,-0.20000000000118234,SL Hit,2368.45,3,1347.1699999999926,90.0,-2.716666666666697,2.983333333333121
2024-04-18 03:40:00,2024-04-18 03:45:00,Long,2374.37,2374.37,0.0,SL Hit,2374.37,1,1347.1699999999926,5.0,-0.27999999999974534,0.7400000000002365
2024-04-18 04:10:00,2024-04-18 04:20:00,Short,2373.19,2374.3100000000004,-1.1200000000003456,SL Hit,2374.3100000000004,1,1346.0499999999922,10.0,1.5399999999999636,-1.0900000000001455
2024-04-18 04:30:00,2024-04-18 04:50:00,Long,2375.01,2374.0649999999987,-0.945000000001528,SL Hit,2374.0649999999987,1,1345.1049999999907,20.0,-1.5100000000002183,1.4099999999998545
2024-04-18 07:00:00,2024-04-18 07:25:00,Long,2379.9500000000003,2377.6,-7.050000000001091,SL Hit,2377.6,3,1338.0549999999896,25.0,-2.3900000000003274,0.4899999999997817
2024-04-18 08:50:00,2024-04-18 08:55:00,Long,2379.38,2379.38,0.0,SL Hit,2379.38,1,1338.0549999999896,5.0,-0.09999999999990905,1.1900000000000546
2024-04-18 12:50:00,2024-04-18 13:35:00,Long,2386.7966666666666,2382.67,-12.379999999999654,SL Hit,2382.67,3,1325.67499999999,45.0,-8.836666666666588,5.433333333333394
2024-04-18 14:15:00,2024-04-18 14:20:00,Long,2382.39,2382.0750000000007,-0.3149999999991451,SL Hit,2382.0750000000007,1,1325.3599999999908,5.0,-3.6799999999998363,1.75
2024-04-18 14:30:00,2024-04-18 15:00:00,Short,2377.74,2382.465000000001,-4.725000000001273,SL Hit,2382.465000000001,1,1320.6349999999895,30.0,4.970000000000255,-8.069999999999709
2024-04-18 20:25:00,2024-04-18 22:00:00,Short,2378.96,2379.45,-0.4899999999997817,SL Hit,2379.45,1,1320.1449999999897,95.0,0.6199999999998909,-2.0100000000002183
2024-04-18 22:35:00,2024-04-18 23:55:00,Long,2379.7900000000004,2379.4,-1.1700000000009823,SL Hit,2379.4,3,1318.9749999999888,80.0,-1.7900000000004184,1.5299999999997453
2024-04-19 00:00:00,2024-04-19 01:00:00,Short,2379.59,2379.974999999999,-0.38499999999885404,SL Hit,2379.974999999999,1,1318.58999999999,60.0,4.269999999999982,-6.4900000000002365
2024-04-19 01:05:00,2024-04-19 02:35:00,Long,2395.56,2404.93,18.73999999999978,SL Hit,2404.93,2,1337.3299999999897,90.0,-12.820000000000164,21.659999999999854
2024-04-19 05:40:00,2024-04-19 06:05:00,Short,2383.17,2384.5000000000005,-1.330000000000382,SL Hit,2384.5000000000005,1,1335.9999999999893,25.0,1.6799999999998363,-4.190000000000055
2024-04-19 09:30:00,2024-04-19 09:45:00,Short,2383.44,2383.44,0.0,SL Hit,2383.44,1,1335.9999999999893,15.0,0.8299999999999272,-3.1900000000000546
2024-04-19 11:00:00,2024-04-19 12:25:00,Short,2379.6,2380.75,-2.300000000000182,SL Hit,2380.75,2,1333.6999999999891,85.0,1.5300000000002,-6.610000000000127
2024-04-19 12:40:00,2024-04-19 12:50:00,Long,2381.88,2381.4249999999997,-0.455000000000382,SL Hit,2381.4249999999997,1,1333.2449999999887,10.0,-1.0799999999999272,2.1799999999998363
2024-04-19 14:50:00,2024-04-19 14:55:00,Long,2389.57,2389.079999999999,-0.49000000000114596,SL Hit,2389.079999999999,1,1332.7549999999876,5.0,-1.0,1.569999999999709
2024-04-19 20:20:00,2024-04-19 20:25:00,Short,2387.8,2388.4999999999995,-0.6999999999993634,SL Hit,2388.4999999999995,1,1332.0549999999882,5.0,1.1399999999998727,-0.15000000000009095
2024-04-21 22:10:00,2024-04-21 23:05:00,Short,2384.705,2385.33,-1.25,SL Hit,2385.33,2,1330.8049999999882,55.0,1.7950000000000728,-3.505000000000109
2024-04-22 00:40:00,2024-04-22 01:05:00,Short,2383.15,2383.15,0.0,SL Hit,2383.15,1,1330.8049999999882,25.0,0.8399999999996908,-2.349999999999909
2024-04-22 05:00:00,2024-04-22 05:25:00,Short,2369.51,2369.51,0.0,SL Hit,2369.51,1,1330.8049999999882,25.0,0.5799999999999272,-2.2100000000000364
2024-04-22 06:35:00,2024-04-22 07:55:00,Short,2361.265,2359.88,2.769999999999527,SL Hit,2359.88,2,1333.5749999999878,80.0,3.355000000000018,-9.404999999999745
2024-04-22 10:25:00,2024-04-22 12:30:00,Short,2352.22,2347.25,14.9099999999994,SL Hit,2347.25,3,1348.4849999999872,125.0,7.760000000000218,-14.709999999999582
2024-04-22 17:55:00,2024-04-22 19:10:00,Short,2330.23,2331.36,-2.2600000000002183,SL Hit,2331.36,2,1346.224999999987,75.0,1.3200000000001637,-5.010000000000218
2024-04-22 20:05:00,2024-04-22 20:15:00,Short,2329.12,2329.12,0.0,SL Hit,2329.12,1,1346.224999999987,10.0,0.42000000000007276,-0.7199999999997999
2024-04-22 22:50:00,2024-04-22 23:00:00,Long,2330.24,2329.365,-0.875,SL Hit,2329.365,1,1345.349999999987,10.0,-0.9399999999995998,0.75
2024-04-23 04:35:00,2024-04-23 05:00:00,Long,2307.0699999999997,2304.81,-4.519999999999527,SL Hit,2304.81,2,1340.8299999999874,25.0,-2.4799999999995634,0.5600000000004002
2024-04-23 10:10:00,2024-04-23 15:05:00,Long,2308.45125,2315.21,54.06999999999971,SL Hit,2315.21,8,1394.8999999999871,295.0,-10.101250000000164,23.268749999999727
2024-04-23 15:10:00,2024-04-23 15:15:00,Short,2318.94,2320.69,-1.75,SL Hit,2320.69,1,1393.1499999999871,5.0,2.6100000000001273,-0.32999999999992724
2024-04-23 18:35:00,2024-04-23 22:45:00,Short,2323.0460000000003,2322.55,2.480000000000473,SL Hit,2322.55,5,1395.6299999999876,250.0,3.363999999999578,-2.4460000000003674
2024-04-24 02:55:00,2024-04-24 04:50:00,Long,2325.33,2326.2,3.4799999999995634,SL Hit,2326.2,4,1399.1099999999872,115.0,-4.7199999999998,4.5900000000001455
2024-04-24 05:00:00,2024-04-24 05:25:00,Short,2326.59,2326.624999999999,-0.034999999998944986,SL Hit,2326.624999999999,1,1399.0749999999882,25.0,0.27999999999974534,-2.6900000000000546
2024-04-24 08:45:00,2024-04-24 09:15:00,Long,2317.545,2316.21,-2.6700000000000728,SL Hit,2316.21,2,1396.4049999999881,30.0,-4.2150000000001455,1.6449999999999818
2024-04-24 11:10:00,2024-04-24 11:40:00,Short,2315.04,2316.16,-2.2399999999997817,SL Hit,2316.16,2,1394.1649999999884,30.0,1.3099999999999454,-2.2399999999997817
2024-04-24 12:35:00,2024-04-24 14:15:00,Long,2319.0833333333335,2317.33,-5.260000000000673,SL Hit,2317.33,3,1388.9049999999877,100.0,-4.253333333333558,6.336666666666588
2024-04-25 00:15:00,2024-04-25 00:25:00,Long,2316.95,2316.95,0.0,SL Hit,2316.95,1,1388.9049999999877,10.0,-0.9499999999998181,1.25
2024-04-25 00:30:00,2024-04-25 01:10:00,Long,2317.625,2316.0,-3.25,SL Hit,2316.0,2,1385.6549999999877,40.0,-1.625,1.675000000000182
2024-04-25 01:45:00,2024-04-25 02:10:00,Long,2319.116666666667,2318.44,-2.0300000000002,SL Hit,2318.44,3,1383.6249999999875,25.0,-0.716666666666697,1.4433333333331575
2024-04-25 05:35:00,2024-04-25 06:15:00,Long,2317.5299999999997,2318.07,1.620000000001255,SL Hit,2318.07,3,1385.2449999999887,40.0,-1.0299999999997453,3.050000000000182
2024-04-25 06:50:00,2024-04-25 07:10:00,Long,2320.29,2320.185000000001,-0.1049999999991087,SL Hit,2320.185000000001,1,1385.1399999999896,20.0,-0.5900000000001455,3.119999999999891
2024-04-25 09:20:00,2024-04-25 10:25:00,Short,2326.085,2326.27,-0.36999999999989086,SL Hit,2326.27,2,1384.7699999999897,65.0,0.6849999999999454,-2.5850000000000364
2024-04-25 12:15:00,2024-04-25 12:30:00,Short,2327.04,2327.1099999999997,-0.06999999999970896,SL Hit,2327.1099999999997,1,1384.69999999999,15.0,3.1599999999998545,-3.0099999999997635
2024-04-25 17:45:00,2024-04-25 17:50:00,Long,2330.58,2330.335000000001,-0.24499999999898137,SL Hit,2330.335000000001,1,1384.454999999991,5.0,-0.32999999999992724,0.7100000000000364
2024-04-25 23:00:00,2024-04-26 00:00:00,Short,2331.71,2331.27,1.3200000000001637,SL Hit,2331.27,3,1385.7749999999912,60.0,0.8200000000001637,-2.3099999999999454
2024-04-26 00:05:00,2024-04-26 00:15:00,Long,2329.7,2329.7,0.0,SL Hit,2329.7,1,1385.7749999999912,10.0,-0.7999999999997272,1.2600000000002183
2024-04-26 00:20:00,2024-04-26 01:30:00,Short,2329.885,2330.27,-0.7699999999995271,SL Hit,2330.27,2,1385.0049999999917,70.0,1.044999999999618,-3.4650000000001455
2024-04-26 05:55:00,2024-04-26 08:20:00,Long,2342.5925,2344.24,6.5899999999983265,SL Hit,2344.24,4,1391.59499999999,145.0,-6.1225000000004,6.617499999999836
2024-04-26 11:35:00,2024-04-26 12:30:00,Short,2344.4700000000003,2346.03,-3.119999999999891,SL Hit,2346.03,2,1388.4749999999901,55.0,4.069999999999709,-2.3600000000001273
2024-04-26 13:40:00,2024-04-26 14:00:00,Short,2342.27,2342.27,0.0,SL Hit,2342.27,1,1388.4749999999901,20.0,2.130000000000109,-5.329999999999927
2024-04-26 19:30:00,2024-04-26 19:40:00,Short,2338.26,2338.26,0.0,SL Hit,2338.26,1,1388.4749999999901,10.0,0.009999999999763531,-1.1000000000003638
2024-04-26 20:25:00,2024-04-28 23:25:00,Short,2335.6866666666665,2335.91,-0.6700000000000728,SL Hit,2335.91,3,1387.80499999999,3060.0,3.063333333333503,-2.186666666666497
2024-04-29 00:15:00,2024-04-29 00:20:00,Short,2335.43,2335.43,0.0,SL Hit,2335.43,1,1387.80499999999,5.0,0.11000000000012733,-1.3299999999999272
2024-04-29 00:25:00,2024-04-29 01:55:00,Short,2332.2166666666667,2329.42,8.389999999999873,SL Hit,2329.42,3,1396.19499999999,90.0,3.4633333333331393,-9.906666666666752
2024-04-29 02:05:00,2024-04-29 02:25:00,Long,2328.32,2327.5,-1.6400000000003274,SL Hit,2327.5,2,1394.5549999999896,20.0,-1.5300000000002,1.3599999999996726
2024-04-29 02:45:00,2024-04-29 04:05:00,Short,2326.565,2329.25,-5.369999999999891,SL Hit,2329.25,2,1389.1849999999897,80.0,3.3849999999997635,-2.6550000000002
2024-04-29 04:55:00,2024-04-29 05:35:00,Long,2333.8199999999997,2331.71,-4.219999999999345,SL Hit,2331.71,2,1384.9649999999904,40.0,-2.919999999999618,2.4900000000002365
2024-04-29 05:40:00,2024-04-29 06:20:00,Short,2332.35,2333.365,-1.0149999999998727,SL Hit,2333.365,1,1383.9499999999905,40.0,1.1900000000000546,-3.150000000000091
2024-04-29 08:05:00,2024-04-29 08:10:00,Long,2336.6,2336.6,0.0,SL Hit,2336.6,1,1383.9499999999905,5.0,-0.5,0.9800000000000182
2024-04-29 08:30:00,2024-04-29 09:00:00,Long,2338.18,2337.67,-1.5299999999992906,SL Hit,2337.67,3,1382.4199999999912,30.0,-1.319999999999709,3.0399999999999636
2024-04-29 10:35:00,2024-04-29 13:20:00,Short,2339.0299999999997,2333.77,21.039999999999054,SL Hit,2333.77,4,1403.4599999999903,165.0,4.110000000000127,-10.489999999999782
2024-04-29 13:25:00,2024-04-29 13:40:00,Long,2334.025,2331.06,-5.930000000000291,SL Hit,2331.06,2,1397.52999999999,15.0,-7.704999999999927,2.494999999999891
2024-04-29 15:35:00,2024-04-29 17:35:00,Long,2342.0,2343.91,9.549999999999272,SL Hit,2343.91,5,1407.0799999999892,120.0,-5.630000000000109,4.239999999999782
2024-04-29 19:35:00,2024-04-29 20:00:00,Short,2334.02,2336.0499999999997,-2.0299999999997453,SL Hit,2336.0499999999997,1,1405.0499999999895,25.0,2.3899999999998727,-1.0900000000001455
2024-04-29 23:00:00,2024-04-30 00:30:00,Short,2333.536666666667,2333.9,-2.1799999999993815,SL Hit,2333.9,6,1402.8699999999901,90.0,1.453333333332921,-1.8266666666668243
2024-04-30 01:55:00,2024-04-30 02:00:00,Long,2334.46,2332.1849999999995,-2.2750000000005457,Bearish Trade Reversal,2332.1849999999995,1,1400.5949999999896,5.0,-1.5900000000001455,0.2300000000000182
2024-04-30 02:00:00,2024-04-30 06:55:00,Short,2327.057142857143,2322.75,30.150000000000546,SL Hit,2322.75,7,1430.7449999999901,295.0,7.25285714285701,-7.827142857142917
2024-04-30 08:25:00,2024-04-30 09:20:00,Short,2315.72,2315.72,0.0,SL Hit,2315.72,1,1430.7449999999901,55.0,0.7400000000002365,-4.730000000000018
2024-04-30 10:15:00,2024-04-30 10:20:00,Long,2317.15,2316.625,-0.525000000000091,SL Hit,2316.625,1,1430.21999999999,5.0,-1.1399999999998727,0.11000000000012733
2024-04-30 10:25:00,2024-04-30 10:35:00,Long,2317.0550000000003,2316.01,-2.0900000000001455,SL Hit,2316.01,2,1428.1299999999899,10.0,-1.0950000000002547,0.7549999999996544
2024-04-30 10:40:00,2024-04-30 10:45:00,Short,2316.01,2316.01,0.0,SL Hit,2316.01,1,1428.1299999999899,5.0,0.2199999999997999,-0.7700000000004366
2024-04-30 10:55:00,2024-04-30 13:35:00,Short,2311.0671428571427,2306.53,31.75999999999749,SL Hit,2306.53,7,1459.8899999999874,160.0,6.072857142857174,-8.08714285714268
2024-04-30 18:00:00,2024-04-30 18:40:00,Long,2296.585,2293.6,-5.970000000000255,SL Hit,2293.6,2,1453.919999999987,40.0,-3.1350000000002183,0.6549999999997453
2024-04-30 18:45:00,2024-04-30 19:25:00,Short,2292.5950000000003,2292.73,-0.26999999999952706,SL Hit,2292.73,2,1453.6499999999876,40.0,0.8549999999995634,-2.725000000000364
2024-04-30 19:30:00,2024-04-30 19:35:00,Long,2292.7,2292.7,0.0,SL Hit,2292.7,1,1453.6499999999876,5.0,-0.4600000000000364,1.2100000000000364
2024-04-30 19:40:00,2024-04-30 19:50:00,Long,2292.51,2292.51,0.0,SL Hit,2292.51,1,1453.6499999999876,10.0,-0.3100000000004002,2.269999999999982
2024-04-30 20:00:00,2024-04-30 20:30:00,Long,2291.715,2289.61,-4.210000000000036,SL Hit,2289.61,2,1449.4399999999875,30.0,-5.275000000000091,1.6849999999999454
2024-04-30 21:00:00,2024-04-30 22:00:00,Short,2286.3,2286.3,0.0,SL Hit,2286.3,1,1449.4399999999875,60.0,2.7799999999997453,-0.6600000000003092
2024-04-30 23:30:00,2024-04-30 23:55:00,Long,2292.06,2290.1000000000004,-1.9599999999995816,SL Hit,2290.1000000000004,1,1447.479999999988,25.0,-2.230000000000018,0.8299999999999272
2024-05-01 00:00:00,2024-05-01 01:45:00,Short,2289.8366666666666,2288.48,4.069999999999709,SL Hit,2288.48,3,1451.5499999999877,105.0,2.9533333333333758,-4.036666666666406
2024-05-01 02:45:00,2024-05-01 03:05:00,Long,2287.455,2287.0,-0.9099999999998545,SL Hit,2287.0,2,1450.6399999999878,20.0,-0.45499999999992724,0.9450000000001637
2024-05-01 03:15:00,2024-05-01 03:25:00,Short,2287.28,2287.28,0.0,SL Hit,2287.28,1,1450.6399999999878,10.0,0.07999999999992724,-1.7300000000000182
2024-05-01 03:45:00,2024-05-01 05:40:00,Short,2285.62,2285.62,0.0,SL Hit,2285.62,1,1450.6399999999878,115.0,1.800000000000182,-1.7799999999997453
2024-05-01 06:55:00,2024-05-01 09:00:00,Short,2285.693333333333,2286.41,-2.150000000000091,SL Hit,2286.41,3,1448.4899999999877,125.0,2.236666666666679,-2.4933333333333394
2024-05-01 09:40:00,2024-05-01 11:20:00,Long,2291.042,2291.38,1.690000000000964,SL Hit,2291.38,5,1450.1799999999887,100.0,-2.3420000000000982,3.048000000000229
2024-05-01 12:15:00,2024-05-01 12:20:00,Long,2296.11,2295.1999999999994,-0.910000000000764,SL Hit,2295.1999999999994,1,1449.269999999988,5.0,-1.0900000000001455,1.7699999999999818
2024-05-01 12:40:00,2024-05-01 13:15:00,Long,2296.91,2294.91,-4.0,SL Hit,2294.91,2,1445.269999999988,35.0,-2.2100000000000364,2.7800000000002
2024-05-01 13:25:00,2024-05-01 14:45:00,Long,2301.47,2299.4,-6.209999999999127,SL Hit,2299.4,3,1439.0599999999888,80.0,-3.6899999999996,8.330000000000382
2024-05-01 17:10:00,2024-05-01 18:00:00,Short,2304.245,2304.72,-0.9499999999998181,SL Hit,2304.72,2,1438.109999999989,50.0,1.7650000000003274,-6.474999999999909
2024-05-01 18:10:00,2024-05-01 19:20:00,Long,2308.63,2316.7,16.139999999999418,SL Hit,2316.7,2,1454.2499999999884,70.0,-6.400000000000091,18.679999999999836
2024-05-01 19:50:00,2024-05-01 20:25:00,Short,2315.42,2316.435,-1.0149999999998727,SL Hit,2316.435,1,1453.2349999999885,35.0,2.269999999999982,-8.2800000000002
2024-05-02 05:10:00,2024-05-02 06:10:00,Short,2315.675,2315.98,-0.6099999999996726,SL Hit,2315.98,2,1452.6249999999889,60.0,1.0850000000000364,-3.175000000000182
2024-05-02 07:10:00,2024-05-02 07:20:00,Short,2311.41,2311.41,0.0,SL Hit,2311.41,1,1452.6249999999889,10.0,0.41000000000030923,-3.2199999999998
2024-05-02 09:25:00,2024-05-02 11:05:00,Short,2300.77,2302.37,-3.199999999999818,SL Hit,2302.37,2,1449.424999999989,100.0,2.849999999999909,-5.320000000000164
2024-05-02 12:20:00,2024-05-02 12:55:00,Long,2299.14,2298.67,-0.9399999999995998,SL Hit,2298.67,2,1448.4849999999894,35.0,-5.400000000000091,4.940000000000055
2024-05-02 15:40:00,2024-05-02 16:30:00,Short,2301.2933333333335,2301.42,-0.3799999999996544,SL Hit,2301.42,3,1448.1049999999898,50.0,3.2966666666666242,-4.093333333333703
2024-05-02 19:10:00,2024-05-02 20:55:00,Short,2303.4599999999996,2303.51,-0.15000000000190994,SL Hit,2303.51,3,1447.9549999999879,105.0,2.7500000000004547,-2.569999999999709
2024-05-03 00:20:00,2024-05-03 00:50:00,Short,2302.38,2303.325,-0.944999999999709,SL Hit,2303.325,1,1447.0099999999882,30.0,1.0199999999999818,-2.480000000000018
2024-05-03 01:35:00,2024-05-03 03:00:00,Short,2303.4666666666667,2301.72,5.240000000000691,SL Hit,2301.72,3,1452.2499999999889,85.0,2.4633333333331393,-4.066666666666606
2024-05-03 06:00:00,2024-05-03 08:05:00,Short,2301.21,2301.04,0.680000000000291,SL Hit,2301.04,4,1452.9299999999891,125.0,4.949999999999818,-3.369999999999891
2024-05-03 08:35:00,2024-05-03 08:40:00,Short,2299.68,2299.68,0.0,SL Hit,2299.68,1,1452.9299999999891,5.0,0.680000000000291,-0.4899999999997817
2024-05-03 09:35:00,2024-05-03 10:05:00,Long,2301.0550000000003,2300.09,-1.930000000000291,SL Hit,2300.09,2,1450.9999999999889,30.0,-1.855000000000473,1.7849999999998545
2024-05-03 10:10:00,2024-05-03 11:25:00,Short,2298.736666666666,2299.55,-2.4400000000018736,SL Hit,2299.55,3,1448.559999999987,75.0,2.113333333333685,-1.706666666666024
2024-05-03 17:55:00,2024-05-03 18:20:00,Long,2301.815,2299.7,-4.230000000000473,SL Hit,2299.7,2,1444.3299999999865,25.0,-2.4149999999999636,1.0949999999998
2024-05-03 19:20:00,2024-05-03 19:35:00,Short,2299.145,2299.7,-1.1099999999996726,SL Hit,2299.7,2,1443.2199999999868,15.0,0.724999999999909,-1.6349999999997635
2024-05-03 19:45:00,2024-05-03 19:50:00,Long,2299.35,2299.35,0.0,SL Hit,2299.35,1,1443.2199999999868,5.0,-0.009999999999763531,1.050000000000182
2024-05-03 19:55:00,2024-05-05 22:00:00,Long,2301.33,2299.6,-3.4600000000000364,SL Hit,2299.6,2,1439.7599999999868,3005.0,-1.7300000000000182,1.7800000000002
2024-05-06 00:25:00,2024-05-06 00:30:00,Short,2292.63,2293.609999999999,-0.9799999999991087,SL Hit,2293.609999999999,1,1438.7799999999877,5.0,1.569999999999709,-0.5
2024-05-06 05:50:00,2024-05-06 06:40:00,Long,2313.52,2312.81,-2.130000000000109,SL Hit,2312.81,3,1436.6499999999876,50.0,-1.8600000000001273,1.0300000000002
2024-05-06 06:55:00,2024-05-06 07:25:00,Short,2314.42,2314.7699999999995,-0.3499999999994543,SL Hit,2314.7699999999995,1,1436.2999999999881,30.0,2.230000000000018,-2.0
2024-05-06 10:55:00,2024-05-06 11:05:00,Short,2319.46,2321.244999999999,-1.784999999998945,SL Hit,2321.244999999999,1,1434.5149999999892,10.0,2.599999999999909,-1.0599999999999454
2024-05-06 15:35:00,2024-05-06 16:30:00,Long,2322.69,2321.919999999999,-0.7700000000008913,SL Hit,2321.919999999999,1,1433.7449999999883,55.0,-3.2899999999999636,4.570000000000164
2024-05-06 19:05:00,2024-05-06 19:15:00,Long,2325.41,2325.025000000001,-0.38499999999885404,SL Hit,2325.025000000001,1,1433.3599999999894,10.0,-1.1399999999998727,1.5300000000002
2024-05-06 20:55:00,2024-05-06 22:00:00,Short,2324.15,2324.15,0.0,SL Hit,2324.15,1,1433.3599999999894,65.0,0.6300000000001091,-0.650000000000091
2024-05-07 01:45:00,2024-05-07 03:20:00,Short,2323.3766666666666,2323.58,-0.6100000000001273,SL Hit,2323.58,3,1432.7499999999893,95.0,1.5733333333332666,-4.676666666666733
2024-05-07 03:30:00,2024-05-07 03:35:00,Long,2323.64,2323.2200000000003,-0.419999999999618,SL Hit,2323.2200000000003,1,1432.3299999999897,5.0,-0.8899999999998727,0.7100000000000364
2024-05-07 04:35:00,2024-05-07 06:35:00,Short,2321.36,2320.55,3.2399999999997817,SL Hit,2320.55,4,1435.5699999999895,120.0,2.25,-3.0
2024-05-07 07:10:00,2024-05-07 07:25:00,Short,2319.21,2319.7,-0.4899999999997817,SL Hit,2319.7,1,1435.0799999999897,15.0,0.5900000000001455,-1.4099999999998545
2024-05-07 10:20:00,2024-05-07 10:35:00,Long,2313.72,2313.48,-0.47999999999956344,SL Hit,2313.48,2,1434.5999999999901,15.0,-0.5399999999999636,1.2900000000004184
2024-05-07 10:40:00,2024-05-07 10:45:00,Short,2313.66,2313.7650000000003,-0.10500000000047294,SL Hit,2313.7650000000003,1,1434.4949999999897,5.0,0.5199999999999818,-0.5799999999999272
2024-05-07 16:00:00,2024-05-07 16:20:00,Short,2314.07,2314.8,-1.4600000000000364,SL Hit,2314.8,2,1433.0349999999896,20.0,1.5799999999999272,-1.25
2024-05-07 16:40:00,2024-05-07 16:55:00,Long,2314.18,2312.43,-1.75,Bearish Trade Reversal,2312.43,1,1431.2849999999896,15.0,-1.7399999999997817,1.0599999999999454
2024-05-07 16:55:00,2024-05-07 17:25:00,Short,2313.14,2315.8000000000006,-2.660000000000764,SL Hit,2315.8000000000006,1,1428.6249999999889,30.0,2.9200000000000728,-2.099999999999909
2024-05-08 00:40:00,2024-05-08 02:45:00,Short,2310.9700000000003,2313.63,-5.319999999999709,SL Hit,2313.63,2,1423.3049999999891,125.0,3.6799999999998363,-3.6700000000000728
2024-05-08 04:10:00,2024-05-08 04:40:00,Long,2317.54,2317.79,0.5,SL Hit,2317.79,2,1423.8049999999891,30.0,-0.27999999999974534,1.4200000000000728
2024-05-08 04:45:00,2024-05-08 05:05:00,Short,2317.88,2319.5600000000004,-1.680000000000291,Bullish Trade Reversal,2319.5600000000004,1,1422.1249999999889,20.0,1.7699999999999818,-0.3200000000001637
2024-05-08 05:05:00,2024-05-08 05:45:00,Long,2319.055,2318.54,-1.0299999999997453,SL Hit,2318.54,2,1421.094999999989,40.0,-0.5549999999998363,2.255000000000109
2024-05-08 05:50:00,2024-05-08 08:30:00,Short,2313.6625,2306.67,27.969999999999345,SL Hit,2306.67,4,1449.0649999999885,160.0,5.2775000000001455,-9.372499999999945
2024-05-08 08:45:00,2024-05-08 11:10:00,Long,2311.46,2314.7,12.959999999999127,SL Hit,2314.7,4,1462.0249999999876,145.0,-5.559999999999945,6.4699999999998
2024-05-08 13:00:00,2024-05-08 14:00:00,Short,2313.375,2312.11,2.5299999999997453,SL Hit,2312.11,2,1464.5549999999873,60.0,2.505000000000109,-6.1550000000002
2024-05-08 14:05:00,2024-05-08 15:00:00,Long,2313.6400000000003,2315.05,2.819999999999709,SL Hit,2315.05,2,1467.374999999987,55.0,-3.5300000000002,3.6399999999998727
2024-05-08 15:05:00,2024-05-08 15:25:00,Short,2314.99,2317.125,-2.1350000000002183,SL Hit,2317.125,1,1465.2399999999868,20.0,3.2100000000000364,-2.9899999999997817
2024-05-08 15:30:00,2024-05-08 15:45:00,Long,2316.86,2316.86,0.0,SL Hit,2316.86,1,1465.2399999999868,15.0,-0.01999999999998181,3.0299999999997453
2024-05-08 15:55:00,2024-05-08 16:35:00,Long,2319.125,2316.84,-4.569999999999709,SL Hit,2316.84,2,1460.669999999987,40.0,-2.8150000000000546,1.5549999999998363
2024-05-08 16:55:00,2024-05-08 20:55:00,Short,2312.3857142857146,2308.88,24.540000000001328,SL Hit,2308.88,7,1485.2099999999884,240.0,4.974285714285543,-5.1857142857147664
2024-05-09 01:10:00,2024-05-09 02:05:00,Long,2309.44,2308.85,-1.180000000000291,SL Hit,2308.85,2,1484.0299999999881,55.0,-1.6300000000001091,2.630000000000109
2024-05-09 02:45:00,2024-05-09 02:50:00,Short,2309.81,2310.7200000000007,-0.910000000000764,SL Hit,2310.7200000000007,1,1483.1199999999874,5.0,1.4200000000000728,-0.9800000000000182
2024-05-09 09:25:00,2024-05-09 10:25:00,Short,2308.855,2309.2,-0.6899999999995998,SL Hit,2309.2,2,1482.4299999999878,60.0,1.574999999999818,-1.9949999999998909
2024-05-09 11:05:00,2024-05-09 11:10:00,Long,2311.4,2311.4,0.0,SL Hit,2311.4,1,1482.4299999999878,5.0,-0.20000000000027285,1.6100000000001273
2024-05-09 11:20:00,2024-05-09 13:10:00,Long,2316.26,2314.76,-3.0,SL Hit,2314.76,2,1479.4299999999878,110.0,-5.0600000000004,12.659999999999854
2024-05-09 23:15:00,2024-05-09 23:30:00,Long,2346.9849999999997,2346.5,-0.9699999999993452,SL Hit,2346.5,2,1478.4599999999884,15.0,-0.7849999999998545,1.305000000000291
2024-05-09 23:55:00,2024-05-10 00:15:00,Short,2346.8450000000003,2347.53,-1.3699999999998909,SL Hit,2347.53,2,1477.0899999999885,20.0,0.8549999999995634,-1.1450000000004366
2024-05-10 04:45:00,2024-05-10 09:50:00,Long,2364.717142857143,2371.05,44.330000000001746,SL Hit,2371.05,7,1521.4199999999903,305.0,-11.817142857142699,10.432857142857301
2024-05-10 10:10:00,2024-05-10 11:40:00,Long,2372.7666666666664,2372.24,-1.5799999999999272,SL Hit,2372.24,3,1519.8399999999904,90.0,-1.666666666666515,5.043333333333521
2024-05-10 12:55:00,2024-05-10 13:20:00,Short,2367.04,2369.5950000000003,-2.555000000000291,SL Hit,2369.5950000000003,1,1517.28499999999,25.0,3.8099999999999454,-6.730000000000018
2024-05-10 15:00:00,2024-05-10 15:15:00,Short,2360.34,2361.7749999999996,-1.4349999999994907,SL Hit,2361.7749999999996,1,1515.8499999999906,15.0,2.9099999999998545,-3.730000000000018
2024-05-10 16:30:00,2024-05-10 18:45:00,Long,2367.696,2368.04,1.7200000000002547,SL Hit,2368.04,5,1517.5699999999908,135.0,-4.706000000000131,2.673999999999978
2024-05-12 23:05:00,2024-05-13 01:15:00,Long,2360.915,2359.0,-3.8299999999999272,SL Hit,2359.0,2,1513.739999999991,130.0,-2.3449999999998,3.4650000000001455
2024-05-13 01:20:00,2024-05-13 02:30:00,Short,2359.17,2359.54,-0.7399999999997817,SL Hit,2359.54,2,1512.9999999999911,70.0,0.5,-4.769999999999982
2024-05-13 02:55:00,2024-05-13 06:00:00,Short,2356.023333333334,2353.28,16.460000000002765,SL Hit,2353.28,6,1529.459999999994,185.0,3.336666666666133,-4.733333333334031
2024-05-13 07:10:00,2024-05-13 07:15:00,Short,2350.24,2350.24,0.0,SL Hit,2350.24,1,1529.459999999994,5.0,-0.0,-1.1399999999998727
2024-05-13 08:25:00,2024-05-13 10:05:00,Short,2343.396666666666,2341.5,5.689999999998236,SL Hit,2341.5,3,1535.1499999999921,100.0,4.193333333334067,-4.096666666665897
2024-05-13 11:15:00,2024-05-13 11:20:00,Short,2340.26,2340.26,0.0,SL Hit,2340.26,1,1535.1499999999921,5.0,0.18999999999959982,-1.1000000000003638
2024-05-13 11:55:00,2024-05-13 13:35:00,Long,2346.1299999999997,2345.36,-2.309999999998581,SL Hit,2345.36,3,1532.8399999999936,100.0,-3.039999999999509,3.350000000000364
2024-05-13 15:30:00,2024-05-13 16:00:00,Short,2333.7,2336.5700000000006,-2.8700000000008004,SL Hit,2336.5700000000006,1,1529.9699999999928,30.0,2.950000000000273,-0.9299999999998363
2024-05-13 19:20:00,2024-05-13 19:25:00,Long,2337.47,2336.7700000000004,-0.6999999999993634,SL Hit,2336.7700000000004,1,1529.2699999999934,5.0,-0.8099999999999454,0.20000000000027285
2024-05-13 19:30:00,2024-05-13 20:05:00,Long,2337.265,2336.58,-1.3699999999998909,SL Hit,2336.58,2,1527.8999999999935,35.0,-0.7549999999996544,0.974999999999909
2024-05-13 20:20:00,2024-05-13 22:00:00,Short,2336.77,2336.9799999999996,-0.20999999999958163,SL Hit,2336.9799999999996,1,1527.689999999994,100.0,0.6300000000001091,-1.9699999999998
2024-05-14 05:55:00,2024-05-14 06:00:00,Short,2344.72,2345.0350000000003,-0.3150000000005093,SL Hit,2345.0350000000003,1,1527.3749999999934,5.0,0.3700000000003456,-1.7199999999998
2024-05-14 10:20:00,2024-05-14 10:30:00,Long,2346.04,2344.7099999999996,-1.330000000000382,SL Hit,2344.7099999999996,1,1526.044999999993,10.0,-2.1100000000001273,0.6399999999998727
2024-05-14 13:55:00,2024-05-14 14:05:00,Long,2350.73,2350.73,0.0,SL Hit,2350.73,1,1526.044999999993,10.0,-0.9699999999997999,4.940000000000055
2024-05-15 02:35:00,2024-05-15 02:55:00,Short,2357.445,2358.35,-1.8099999999994907,SL Hit,2358.35,2,1524.2349999999935,20.0,1.4249999999997272,-0.9450000000001637
2024-05-15 09:15:00,2024-05-15 09:30:00,Long,2372.99,2371.3450000000003,-1.644999999999527,SL Hit,2371.3450000000003,1,1522.589999999994,15.0,-2.149999999999636,0.650000000000091
2024-05-15 10:25:00,2024-05-15 10:40:00,Long,2369.02,2369.02,0.0,SL Hit,2369.02,1,1522.589999999994,15.0,-1.6399999999998727,1.7300000000000182
2024-05-15 14:40:00,2024-05-15 14:45:00,Long,2369.27,2367.0300000000007,-2.239999999999327,SL Hit,2367.0300000000007,1,1520.3499999999947,5.0,-2.3299999999999272,1.3200000000001637
2024-05-15 16:50:00,2024-05-15 18:05:00,Long,2386.5625,2386.98,1.6700000000000728,SL Hit,2386.98,4,1522.0199999999948,75.0,-3.7325000000000728,3.4074999999998
2024-05-15 18:35:00,2024-05-15 19:10:00,Short,2385.133333333333,2386.36,-3.680000000000746,SL Hit,2386.36,3,1518.339999999994,35.0,2.1766666666667334,-2.733333333333121
2024-05-15 20:05:00,2024-05-15 20:55:00,Long,2386.98,2385.9,-2.1599999999998545,SL Hit,2385.9,2,1516.1799999999942,50.0,-2.1799999999998363,1.050000000000182
2024-05-16 05:05:00,2024-05-16 05:10:00,Long,2391.0,2391.0,0.0,SL Hit,2391.0,1,1516.1799999999942,5.0,-0.40000000000009095,1.1599999999998545
2024-05-16 08:45:00,2024-05-16 09:05:00,Short,2386.145,2387.31,-2.3299999999999272,SL Hit,2387.31,2,1513.8499999999942,20.0,1.4450000000001637,-0.7550000000001091
2024-05-16 12:35:00,2024-05-16 15:10:00,Short,2378.154,2376.78,6.869999999998981,SL Hit,2376.78,5,1520.7199999999932,155.0,6.30600000000004,-7.114000000000033
2024-05-16 16:40:00,2024-05-16 17:00:00,Long,2381.69,2380.5699999999997,-1.1200000000003456,SL Hit,2380.5699999999997,1,1519.5999999999929,20.0,-1.9900000000002365,1.5799999999999272
2024-05-16 19:55:00,2024-05-16 22:00:00,Short,2377.7799999999997,2376.78,1.9999999999990905,SL Hit,2376.78,2,1521.599999999992,125.0,1.4100000000003092,-1.9399999999995998
2024-05-17 00:10:00,2024-05-17 00:50:00,Long,2378.255,2377.3,-1.9099999999998545,SL Hit,2377.3,2,1519.689999999992,40.0,-1.4549999999999272,1.1050000000000182
2024-05-17 00:55:00,2024-05-17 01:00:00,Short,2377.94,2378.29,-0.34999999999990905,SL Hit,2378.29,1,1519.3399999999922,5.0,0.7100000000000364,-0.1799999999998363
2024-05-17 01:35:00,2024-05-17 01:55:00,Short,2376.77,2378.2400000000002,-1.4700000000002547,SL Hit,2378.2400000000002,1,1517.869999999992,20.0,1.8699999999998909,-0.5099999999997635
2024-05-17 07:00:00,2024-05-17 07:30:00,Long,2385.66,2384.6100000000006,-1.0499999999992724,SL Hit,2384.6100000000006,1,1516.8199999999927,30.0,-1.3699999999998909,1.9100000000003092
2024-05-17 08:00:00,2024-05-17 08:05:00,Short,2384.39,2385.8250000000007,-1.435000000000855,Bullish Trade Reversal,2385.8250000000007,1,1515.3849999999918,5.0,0.41000000000030923,-1.3699999999998909
2024-05-17 08:05:00,2024-05-17 08:10:00,Long,2383.495,2382.95,-1.0900000000001455,SL Hit,2382.95,2,1514.2949999999917,5.0,-1.3550000000000182,1.1150000000002365
2024-05-17 09:00:00,2024-05-17 09:10:00,Long,2383.9,2383.9,0.0,SL Hit,2383.9,1,1514.2949999999917,10.0,-0.03999999999996362,2.4899999999997817
2024-05-17 17:55:00,2024-05-17 20:50:00,Long,2415.3399999999997,2414.66,-2.719999999999345,SL Hit,2414.66,4,1511.5749999999923,175.0,-3.0799999999994725,6.510000000000218
2024-05-19 23:50:00,2024-05-20 00:10:00,Long,2418.3999999999996,2416.6,-3.5999999999994543,SL Hit,2416.6,2,1507.9749999999929,20.0,-2.899999999999636,1.9000000000005457
2024-05-20 02:40:00,2024-05-20 02:50:00,Short,2432.15,2432.2200000000003,-0.07000000000016371,SL Hit,2432.2200000000003,1,1507.9049999999927,10.0,2.0399999999999636,-3.3200000000001637
2024-05-20 08:05:00,2024-05-20 08:35:00,Long,2439.43,2438.0,-2.8599999999996726,SL Hit,2438.0,2,1505.044999999993,30.0,-1.8999999999996362,2.1100000000001273
2024-05-20 14:50:00,2024-05-20 18:45:00,Long,2428.355,2434.67,37.89000000000033,SL Hit,2434.67,6,1542.9349999999934,235.0,-10.465000000000146,8.75500000000011
2024-05-20 19:00:00,2024-05-20 22:00:00,Short,2429.52,2427.11,9.639999999999418,SL Hit,2427.11,4,1552.5749999999928,180.0,5.369999999999891,-6.2199999999998
2024-05-20 23:35:00,2024-05-21 00:00:00,Short,2426.46,2426.8450000000003,-0.3850000000002183,SL Hit,2426.8450000000003,1,1552.1899999999926,25.0,0.4499999999998181,-1.9600000000000364
2024-05-21 01:55:00,2024-05-21 04:30:00,Short,2417.0800000000004,2414.56,12.600000000002183,SL Hit,2414.56,5,1564.7899999999947,155.0,7.799999999999727,-10.19000000000051
2024-05-21 05:25:00,2024-05-21 05:35:00,Long,2416.105,2414.1,-4.010000000000218,SL Hit,2414.1,2,1560.7799999999945,10.0,-2.3850000000002183,1.1349999999997635
2024-05-21 06:00:00,2024-05-21 06:05:00,Long,2415.82,2415.2599999999993,-0.5600000000008549,SL Hit,2415.2599999999993,1,1560.2199999999937,5.0,-1.6300000000001091,1.2999999999997272
2024-05-21 17:15:00,2024-05-21 17:30:00,Short,2420.58,2421.9100000000003,-1.330000000000382,SL Hit,2421.9100000000003,1,1558.8899999999933,15.0,2.1100000000001273,-1.069999999999709
2024-05-21 21:00:00,2024-05-21 22:00:00,Short,2420.77,2420.77,0.0,SL Hit,2420.77,1,1558.8899999999933,60.0,0.7699999999999818,-0.05999999999994543
2024-05-21 22:30:00,2024-05-21 23:45:00,Long,2421.365,2420.4,-1.9299999999993815,SL Hit,2420.4,2,1556.959999999994,75.0,-0.9649999999996908,0.6950000000001637
2024-05-22 00:15:00,2024-05-22 00:35:00,Long,2422.015,2421.81,-0.4099999999998545,SL Hit,2421.81,2,1556.549999999994,20.0,-2.0149999999998727,0.8650000000002365
2024-05-22 01:05:00,2024-05-22 01:15:00,Short,2421.145,2422.67,-3.050000000000182,SL Hit,2422.67,2,1553.4999999999939,10.0,1.9149999999999636,-1.2449999999998909
2024-05-22 01:35:00,2024-05-22 01:50:00,Short,2419.84,2422.08,-2.2399999999997817,SL Hit,2422.08,1,1551.259999999994,15.0,2.5,-0.5900000000001455
2024-05-22 03:40:00,2024-05-22 05:20:00,Short,2414.56,2414.1,1.3800000000001091,SL Hit,2414.1,3,1552.6399999999942,100.0,2.6399999999998727,-2.8600000000001273
2024-05-22 07:25:00,2024-05-22 07:40:00,Short,2415.26,2416.659999999999,-1.3999999999987267,SL Hit,2416.659999999999,1,1551.2399999999955,15.0,1.4799999999995634,-2.8600000000001273
2024-05-22 09:20:00,2024-05-22 09:25:00,Long,2417.005,2415.32,-3.369999999999891,SL Hit,2415.32,2,1547.8699999999956,5.0,-1.8850000000002183,0.3550000000000182
2024-05-22 11:00:00,2024-05-22 11:05:00,Short,2414.88,2414.88,0.0,SL Hit,2414.88,1,1547.8699999999956,5.0,0.15999999999985448,-1.180000000000291
2024-05-22 11:25:00,2024-05-22 12:20:00,Short,2411.7233333333334,2411.91,-0.5599999999994907,SL Hit,2411.91,3,1547.309999999996,55.0,2.6266666666665515,-6.453333333333376
2024-05-22 13:55:00,2024-05-22 14:00:00,Long,2411.42,2409.5649999999996,-1.855000000000473,SL Hit,2409.5649999999996,1,1545.4549999999956,5.0,-3.349999999999909,0.5399999999999636
2024-05-22 17:00:00,2024-05-22 17:15:00,Long,2391.81,2391.81,0.0,SL Hit,2391.81,1,1545.4549999999956,15.0,-0.9600000000000364,2.1599999999998545
2024-05-22 20:05:00,2024-05-22 20:50:00,Long,2378.5299999999997,2377.59,-1.8799999999991996,SL Hit,2377.59,2,1543.5749999999964,45.0,-0.9399999999995998,1.5100000000002183
2024-05-22 22:10:00,2024-05-23 00:45:00,Long,2381.0975,2380.6,-1.9899999999997817,SL Hit,2380.6,4,1541.5849999999966,155.0,-2.8174999999996544,2.4325000000003456
2024-05-23 06:25:00,2024-05-23 07:00:00,Long,2364.7366666666667,2363.46,-3.8299999999999272,SL Hit,2363.46,3,1537.7549999999967,35.0,-2.096666666666806,1.9433333333331575
2024-05-23 09:15:00,2024-05-23 11:40:00,Long,2365.3,2367.2,9.499999999998181,SL Hit,2367.2,5,1547.2549999999949,145.0,-4.390000000000327,3.699999999999818
2024-05-23 11:50:00,2024-05-23 11:55:00,Short,2367.47,2367.47,0.0,SL Hit,2367.47,1,1547.2549999999949,5.0,0.49000000000023647,-1.2599999999997635
2024-05-23 13:05:00,2024-05-23 13:30:00,Short,2364.51,2371.299999999999,-6.789999999998599,Bullish Trade Reversal,2371.299999999999,1,1540.4649999999963,25.0,4.809999999999945,-2.350000000000364
2024-05-23 13:30:00,2024-05-23 13:45:00,Long,2363.715,2362.16,-3.110000000000582,SL Hit,2362.16,2,1537.3549999999957,15.0,-7.934999999999945,5.014999999999873
2024-05-23 15:25:00,2024-05-23 15:30:00,Short,2341.6,2341.6,0.0,SL Hit,2341.6,1,1537.3549999999957,5.0,2.5599999999999454,-1.3399999999996908
2024-05-23 16:00:00,2024-05-23 16:35:00,Long,2346.86,2343.36,-3.5,SL Hit,2343.36,1,1533.8549999999957,35.0,-3.849999999999909,2.8399999999996908
2024-05-23 17:00:00,2024-05-23 17:15:00,Short,2340.395,2342.21,-3.630000000000109,SL Hit,2342.21,2,1530.2249999999956,15.0,2.224999999999909,-0.7049999999999272
2024-05-23 17:20:00,2024-05-23 17:25:00,Long,2340.62,2338.9050000000007,-1.714999999999236,SL Hit,2338.9050000000007,1,1528.5099999999964,5.0,-5.269999999999982,1.0300000000002
2024-05-23 19:30:00,2024-05-23 23:20:00,Short,2331.795,2331.38,1.6599999999998545,SL Hit,2331.38,4,1530.1699999999962,230.0,2.224999999999909,-4.4650000000001455
2024-05-23 23:40:00,2024-05-24 00:15:00,Long,2332.475,2330.4,-4.149999999999636,SL Hit,2330.4,2,1526.0199999999966,35.0,-3.174999999999727,0.8150000000000546
2024-05-24 06:30:00,2024-05-24 06:45:00,Short,2336.85,2337.1650000000004,-0.3150000000005093,SL Hit,2337.1650000000004,1,1525.704999999996,15.0,0.8400000000001455,-1.5499999999997272
2024-05-24 06:50:00,2024-05-24 07:10:00,Short,2337.445,2338.93,-2.969999999999345,SL Hit,2338.93,2,1522.7349999999967,20.0,2.5650000000000546,-0.705000000000382
2024-05-24 08:35:00,2024-05-24 11:20:00,Long,2339.5675,2338.76,-3.2299999999995634,SL Hit,2338.76,4,1519.5049999999972,165.0,-2.5275000000001455,3.912499999999909
2024-05-24 15:00:00,2024-05-24 15:05:00,Short,2338.69,2339.3899999999994,-0.6999999999993634,SL Hit,2339.3899999999994,1,1518.8049999999978,5.0,1.0599999999999454,-1.2800000000002
2024-05-24 15:10:00,2024-05-24 15:20:00,Long,2338.24,2336.7700000000013,-1.4699999999984357,SL Hit,2336.7700000000013,1,1517.3349999999994,10.0,-3.399999999999636,1.6200000000003456
2024-05-24 19:00:00,2024-05-24 20:00:00,Short,2334.13,2334.09,0.07999999999992724,SL Hit,2334.09,2,1517.4149999999993,60.0,0.8299999999999272,-2.3299999999999272
2024-05-27 00:00:00,2024-05-27 00:05:00,Short,2336.93,2336.93,0.0,SL Hit,2336.93,1,1517.4149999999993,5.0,0.03999999999996362,-0.919999999999618
2024-05-27 01:35:00,2024-05-27 02:05:00,Long,2339.17,2338.12,-2.100000000000364,SL Hit,2338.12,2,1515.314999999999,30.0,-1.1700000000000728,1.0499999999997272
2024-05-27 06:15:00,2024-05-27 06:50:00,Long,2343.125,2341.77,-2.7100000000000364,SL Hit,2341.77,2,1512.6049999999989,35.0,-1.4850000000001273,1.2150000000001455
2024-05-27 06:55:00,2024-05-27 08:10:00,Short,2341.1666666666665,2341.14,0.07999999999992724,SL Hit,2341.14,3,1512.6849999999988,75.0,1.3533333333334667,-3.366666666666333
2024-05-27 08:15:00,2024-05-27 08:25:00,Long,2341.69,2341.0600000000004,-0.6299999999996544,SL Hit,2341.0600000000004,1,1512.0549999999992,10.0,-0.6900000000000546,1.4099999999998545
2024-05-27 08:35:00,2024-05-27 10:00:00,Long,2343.2999999999997,2342.8,-1.4999999999986358,SL Hit,2342.8,3,1510.5550000000005,85.0,-1.0399999999995089,2.5200000000004366
2024-05-27 10:50:00,2024-05-27 11:00:00,Long,2344.53,2344.039999999999,-0.49000000000114596,SL Hit,2344.039999999999,1,1510.0649999999994,10.0,-0.8700000000003456,0.7399999999997817
2024-05-27 12:00:00,2024-05-27 12:15:00,Short,2344.46,2345.825,-1.3649999999997817,SL Hit,2345.825,1,1508.6999999999996,15.0,1.3800000000001091,-0.7699999999999818
2024-05-27 13:40:00,2024-05-27 14:50:00,Long,2354.8050000000003,2354.9,0.18999999999959982,SL Hit,2354.9,2,1508.8899999999992,70.0,-4.165000000000418,3.444999999999709
2024-05-27 16:45:00,2024-05-27 18:15:00,Long,2354.3199999999997,2352.29,-4.059999999999491,SL Hit,2352.29,2,1504.8299999999997,90.0,-2.5299999999997453,0.9100000000003092
2024-05-27 22:25:00,2024-05-27 22:45:00,Long,2352.15,2351.5,-1.300000000000182,SL Hit,2351.5,2,1503.5299999999995,20.0,-0.9500000000002728,1.5899999999996908
2024-05-27 22:55:00,2024-05-27 23:55:00,Short,2352.0950000000003,2352.49,-0.7899999999990541,SL Hit,2352.49,2,1502.7400000000005,60.0,0.5049999999996544,-2.1950000000001637
2024-05-28 00:25:00,2024-05-28 01:20:00,Long,2351.49,2348.375,-3.1149999999997817,Bearish Trade Reversal,2348.375,1,1499.6250000000007,55.0,-2.3599999999996726,1.5400000000004184
2024-05-28 01:20:00,2024-05-28 01:25:00,Short,2351.21,2351.7,-0.4899999999997817,SL Hit,2351.7,1,1499.135000000001,5.0,1.1399999999998727,-0.7699999999999818
2024-05-28 03:40:00,2024-05-28 03:45:00,Short,2351.31,2351.31,0.0,SL Hit,2351.31,1,1499.135000000001,5.0,0.07000000000016371,-1.1100000000001273
2024-05-28 04:00:00,2024-05-28 04:35:00,Short,2350.9449999999997,2351.65,-1.410000000000764,SL Hit,2351.65,2,1497.7250000000001,35.0,0.705000000000382,-1.444999999999709
2024-05-28 04:45:00,2024-05-28 05:55:00,Long,2351.293333333333,2350.6,-2.0799999999994725,SL Hit,2350.6,3,1495.6450000000007,70.0,-1.7333333333331211,2.1366666666667697
2024-05-28 09:45:00,2024-05-28 09:50:00,Long,2344.46,2344.4249999999993,-0.035000000000763976,SL Hit,2344.4249999999993,1,1495.61,5.0,-0.4600000000000364,0.3200000000001637
2024-05-28 10:20:00,2024-05-28 11:00:00,Long,2344.805,2343.5,-2.6099999999996726,SL Hit,2343.5,2,1493.0000000000002,40.0,-1.4049999999997453,1.2550000000001091
2024-05-28 16:25:00,2024-05-28 17:35:00,Short,2357.0950000000003,2357.98,-1.769999999999527,SL Hit,2357.98,2,1491.2300000000007,70.0,2.5349999999998545,-3.3750000000004547
2024-05-28 17:50:00,2024-05-28 18:00:00,Long,2356.7,2356.665000000001,-0.034999999998944986,SL Hit,2356.665000000001,1,1491.1950000000018,10.0,-0.03999999999996362,0.8900000000003274
2024-05-28 18:30:00,2024-05-28 18:45:00,Short,2353.65,2354.5599999999995,-0.9099999999993997,SL Hit,2354.5599999999995,1,1490.2850000000024,15.0,1.4699999999998,-0.8099999999999454
2024-05-28 19:30:00,2024-05-28 19:55:00,Long,2357.64,2357.64,0.0,SL Hit,2357.64,1,1490.2850000000024,25.0,-0.13999999999987267,2.300000000000182
2024-05-28 22:50:00,2024-05-28 22:55:00,Short,2358.53,2358.74,-0.20999999999958163,SL Hit,2358.74,1,1490.0750000000028,5.0,0.5099999999997635,-1.330000000000382
2024-05-28 23:00:00,2024-05-28 23:25:00,Short,2358.705,2359.14,-0.8699999999998909,SL Hit,2359.14,2,1489.2050000000029,25.0,0.625,-1.2049999999999272
2024-05-28 23:30:00,2024-05-28 23:50:00,Long,2359.13,2358.8849999999993,-0.24500000000080036,SL Hit,2358.8849999999993,1,1488.960000000002,20.0,-1.1300000000001091,1.2699999999999818
2024-05-29 00:40:00,2024-05-29 01:30:00,Short,2357.75,2359.11,-2.7200000000002547,SL Hit,2359.11,2,1486.2400000000018,50.0,1.4800000000000182,-1.25
2024-05-29 02:25:00,2024-05-29 02:45:00,Long,2358.92,2357.66,-1.2600000000002183,SL Hit,2357.66,1,1484.9800000000016,20.0,-2.3200000000001637,1.8400000000001455
2024-05-29 03:35:00,2024-05-29 03:45:00,Short,2356.75,2357.0299999999997,-0.27999999999974534,SL Hit,2357.0299999999997,1,1484.7000000000019,10.0,0.4299999999998363,-1.150000000000091
2024-05-29 12:30:00,2024-05-29 12:50:00,Long,2342.26,2338.49,-7.540000000000873,SL Hit,2338.49,2,1477.160000000001,20.0,-7.460000000000036,1.1099999999996726
2024-05-29 13:15:00,2024-05-29 13:40:00,Long,2342.47,2342.47,0.0,SL Hit,2342.47,1,1477.160000000001,25.0,-2.2099999999995816,4.070000000000164
2024-05-29 14:50:00,2024-05-29 16:55:00,Short,2340.9233333333336,2341.31,-1.159999999998945,SL Hit,2341.31,3,1476.000000000002,125.0,3.786666666666406,-5.42333333333363
2024-05-29 19:45:00,2024-05-29 20:05:00,Short,2337.39,2338.15,-1.5200000000004366,SL Hit,2338.15,2,1474.4800000000016,20.0,0.9200000000000728,-1.0499999999997272
2024-05-29 20:45:00,2024-05-29 22:15:00,Long,2337.7333333333336,2337.54,-0.5800000000008367,SL Hit,2337.54,3,1473.9000000000008,90.0,-1.1333333333336668,1.236666666666224
2024-05-29 22:25:00,2024-05-30 01:10:00,Short,2337.2583333333337,2337.1,0.9500000000025466,SL Hit,2337.1,6,1474.8500000000033,165.0,1.6516666666661877,-3.8483333333338123
2024-05-30 01:40:00,2024-05-30 03:15:00,Short,2333.4500000000003,2331.53,5.760000000000218,SL Hit,2331.53,3,1480.6100000000035,95.0,3.0099999999997635,-5.250000000000455
2024-05-30 05:20:00,2024-05-30 07:00:00,Short,2334.55,2334.55,0.0,SL Hit,2334.55,1,1480.6100000000035,100.0,0.9699999999997999,-11.970000000000255
2024-05-30 08:10:00,2024-05-30 08:35:00,Short,2333.4,2334.84,-2.880000000000109,SL Hit,2334.84,2,1477.7300000000034,25.0,1.4600000000000364,-2.300000000000182
2024-05-30 08:50:00,2024-05-30 09:35:00,Long,2334.2799999999997,2332.8,-2.959999999999127,SL Hit,2332.8,2,1474.7700000000043,45.0,-1.769999999999527,3.4700000000002547
2024-05-30 09:45:00,2024-05-30 10:35:00,Short,2332.3999999999996,2333.08,-1.360000000000582,SL Hit,2333.08,2,1473.4100000000037,50.0,2.100000000000364,-1.7599999999997635
2024-05-30 12:30:00,2024-05-30 13:10:00,Long,2337.9849999999997,2340.05,4.130000000001019,SL Hit,2340.05,2,1477.5400000000047,40.0,-3.074999999999818,6.825000000000273
2024-05-30 13:15:00,2024-05-30 13:30:00,Short,2343.685,2344.25,-1.1300000000001091,SL Hit,2344.25,2,1476.4100000000046,15.0,1.6649999999999636,-2.2150000000001455
2024-05-30 15:20:00,2024-05-30 15:25:00,Short,2343.06,2343.06,0.0,SL Hit,2343.06,1,1476.4100000000046,5.0,0.8400000000001455,-0.650000000000091
2024-05-30 15:35:00,2024-05-30 16:30:00,Short,2343.27,2344.45,-3.539999999999509,SL Hit,2344.45,3,1472.8700000000051,55.0,3.199999999999818,-2.400000000000091
2024-05-30 19:20:00,2024-05-30 19:35:00,Short,2340.99,2342.1100000000006,-1.1200000000008004,SL Hit,2342.1100000000006,1,1471.7500000000043,15.0,1.400000000000091,-0.30999999999994543
2024-05-31 00:25:00,2024-05-31 00:35:00,Short,2343.1,2344.2900000000004,-1.1900000000005093,SL Hit,2344.2900000000004,1,1470.5600000000038,10.0,1.5300000000002,-0.5399999999999636
2024-05-31 04:50:00,2024-05-31 05:10:00,Long,2342.43,2342.3250000000007,-0.1049999999991087,SL Hit,2342.3250000000007,1,1470.4550000000047,20.0,-0.19000000000005457,1.8600000000001273
2024-05-31 09:25:00,2024-05-31 09:50:00,Long,2342.665,2341.89,-1.550000000000182,SL Hit,2341.89,2,1468.9050000000045,25.0,-1.2649999999998727,1.074999999999818
2024-05-31 09:55:00,2024-05-31 10:05:00,Short,2342.85,2342.85,0.0,SL Hit,2342.85,1,1468.9050000000045,10.0,0.34999999999990905,-1.949999999999818
2024-05-31 10:50:00,2024-05-31 11:30:00,Long,2343.4033333333336,2342.7,-2.1100000000014916,SL Hit,2342.7,3,1466.795000000003,40.0,-1.6033333333334667,1.1966666666662604
2024-05-31 18:45:00,2024-05-31 19:45:00,Short,2324.48,2325.8449999999993,-1.364999999999327,SL Hit,2325.8449999999993,1,1465.4300000000037,60.0,2.1599999999998545,-4.099999999999909
2024-06-02 22:20:00,2024-06-02 22:35:00,Short,2325.87,2325.87,0.0,SL Hit,2325.87,1,1465.4300000000037,15.0,0.07000000000016371,-3.1700000000000728
2024-06-02 23:05:00,2024-06-02 23:20:00,Long,2325.475,2324.5,-1.949999999999818,SL Hit,2324.5,2,1463.4800000000039,15.0,-1.1749999999997272,0.8949999999999818
2024-06-02 23:35:00,2024-06-03 00:45:00,Short,2325.1766666666663,2325.89,-2.140000000000782,SL Hit,2325.89,3,1461.340000000003,70.0,1.6233333333339033,-1.6766666666662786
2024-06-03 10:05:00,2024-06-03 12:00:00,Long,2328.5525,2329.0,1.7900000000008731,SL Hit,2329.0,4,1463.130000000004,115.0,-2.332499999999982,3.5575000000003456
2024-06-03 13:55:00,2024-06-03 14:00:00,Short,2333.41,2336.7350000000006,-3.3250000000007276,SL Hit,2336.7350000000006,1,1459.8050000000032,5.0,7.7400000000002365,-1.4299999999998363
2024-06-03 17:50:00,2024-06-03 17:55:00,Short,2347.97,2347.97,0.0,SL Hit,2347.97,1,1459.8050000000032,5.0,0.5100000000002183,-1.8099999999999454
2024-06-04 00:15:00,2024-06-04 00:20:00,Short,2351.06,2351.3050000000003,-0.2450000000003456,SL Hit,2351.3050000000003,1,1459.560000000003,5.0,0.849999999999909,-0.42000000000007276
2024-06-04 00:55:00,2024-06-04 01:00:00,Short,2350.66,2350.7999999999997,-0.13999999999987267,SL Hit,2350.7999999999997,1,1459.420000000003,5.0,1.4700000000002547,-0.4499999999998181
2024-06-04 03:25:00,2024-06-04 04:00:00,Short,2345.5649999999996,2346.08,-1.0300000000006548,SL Hit,2346.08,2,1458.3900000000024,35.0,0.8450000000002547,-1.514999999999418
2024-06-04 05:55:00,2024-06-04 06:00:00,Short,2347.56,2348.8549999999996,-1.294999999999618,SL Hit,2348.8549999999996,1,1457.0950000000028,5.0,3.2600000000002183,-0.2300000000000182
2024-06-04 06:40:00,2024-06-04 09:45:00,Short,2339.2349999999997,2331.81,29.69999999999891,SL Hit,2331.81,4,1486.7950000000017,185.0,9.25500000000011,-12.074999999999818
2024-06-04 12:20:00,2024-06-04 13:35:00,Long,2331.385,2331.68,0.589999999999236,SL Hit,2331.68,2,1487.385000000001,75.0,-2.5350000000003092,6.3849999999997635
2024-06-04 17:15:00,2024-06-04 18:05:00,Long,2327.17,2327.8,1.2600000000002183,SL Hit,2327.8,2,1488.6450000000011,50.0,-1.8600000000001273,2.7899999999999636
2024-06-04 18:35:00,2024-06-04 18:55:00,Short,2327.46,2327.8099999999995,-0.3499999999994543,SL Hit,2327.8099999999995,1,1488.2950000000017,20.0,0.650000000000091,-1.3699999999998909
2024-06-04 20:50:00,2024-06-04 23:20:00,Long,2327.2019999999998,2327.38,0.8900000000016917,SL Hit,2327.38,5,1489.1850000000034,150.0,-1.0019999999999527,1.0580000000004475
2024-06-05 00:30:00,2024-06-05 00:35:00,Long,2328.69,2328.69,0.0,SL Hit,2328.69,1,1489.1850000000034,5.0,-0.05999999999994543,0.5099999999997635
2024-06-05 01:00:00,2024-06-05 01:45:00,Short,2327.97,2329.44,-1.4700000000002547,SL Hit,2329.44,1,1487.715000000003,45.0,2.0300000000002,-2.1299999999996544
2024-06-05 01:50:00,2024-06-05 06:05:00,Long,2333.625,2335.5,7.5,SL Hit,2335.5,4,1495.215000000003,255.0,-4.925000000000182,7.9050000000002
2024-06-05 07:00:00,2024-06-05 07:20:00,Long,2332.695,2331.05,-3.2899999999999636,SL Hit,2331.05,2,1491.9250000000031,20.0,-2.275000000000091,0.8550000000000182
2024-06-05 08:50:00,2024-06-05 08:55:00,Long,2333.61,2332.6999999999994,-0.910000000000764,SL Hit,2332.6999999999994,1,1491.0150000000024,5.0,-1.6400000000003274,0.15999999999985448
2024-06-05 11:55:00,2024-06-05 12:10:00,Short,2332.85,2334.6,-1.75,SL Hit,2334.6,1,1489.2650000000024,15.0,2.5,-2.75
2024-06-05 12:20:00,2024-06-05 13:45:00,Long,2338.5866666666666,2339.74,3.4599999999995816,SL Hit,2339.74,3,1492.725000000002,85.0,-4.336666666666588,6.203333333333376
2024-06-05 15:20:00,2024-06-05 16:55:00,Long,2352.79,2351.75,-4.1599999999998545,SL Hit,2351.75,4,1488.565000000002,95.0,-2.5399999999999636,4.329999999999927
2024-06-05 17:00:00,2024-06-05 17:05:00,Short,2352.7,2352.7,0.0,SL Hit,2352.7,1,1488.565000000002,5.0,1.150000000000091,-1.0299999999997453
2024-06-05 17:10:00,2024-06-05 17:40:00,Long,2353.71,2352.94,-1.5399999999999636,SL Hit,2352.94,2,1487.0250000000021,30.0,-1.5199999999999818,1.9099999999998545
2024-06-05 18:30:00,2024-06-05 19:30:00,Long,2355.54,2354.38,-2.319999999999709,SL Hit,2354.38,2,1484.7050000000024,60.0,-1.9699999999998,0.8200000000001637
2024-06-05 23:25:00,2024-06-06 00:20:00,Short,2355.3733333333334,2355.45,-0.2299999999991087,SL Hit,2355.45,3,1484.4750000000033,55.0,1.0566666666663878,-1.0733333333332666
2024-06-06 00:30:00,2024-06-06 00:35:00,Long,2354.94,2354.7649999999994,-0.17500000000063665,SL Hit,2354.7649999999994,1,1484.3000000000027,5.0,-0.5,0.5499999999997272
2024-06-06 04:10:00,2024-06-06 04:20:00,Short,2367.82,2368.1,-0.27999999999974534,SL Hit,2368.1,1,1484.020000000003,10.0,0.6399999999998727,-1.0100000000002183
2024-06-06 05:25:00,2024-06-06 05:30:00,Short,2368.71,2368.92,-0.21000000000003638,SL Hit,2368.92,1,1483.810000000003,5.0,0.21000000000003638,-1.2200000000002547
2024-06-06 05:40:00,2024-06-06 08:55:00,Short,2365.004,2362.82,10.919999999998709,SL Hit,2362.82,5,1494.7300000000016,195.0,4.33600000000024,-4.8840000000000146
2024-06-06 11:20:00,2024-06-06 11:25:00,Long,2360.1,2359.6449999999995,-0.455000000000382,SL Hit,2359.6449999999995,1,1494.2750000000012,5.0,-0.5,1.5300000000002
2024-06-06 11:40:00,2024-06-06 11:55:00,Long,2360.91,2358.3549999999996,-2.555000000000291,Bearish Trade Reversal,2358.3549999999996,1,1491.720000000001,15.0,-2.6099999999996726,0.14000000000032742
2024-06-06 11:55:00,2024-06-06 12:15:00,Short,2360.07,2360.07,0.0,SL Hit,2360.07,1,1491.720000000001,20.0,0.21000000000003638,-2.8200000000001637
2024-06-06 12:50:00,2024-06-06 13:20:00,Short,2358.28,2358.664999999999,-0.38499999999885404,SL Hit,2358.664999999999,1,1491.335000000002,30.0,0.7099999999995816,-4.360000000000127
2024-06-06 14:30:00,2024-06-06 17:15:00,Long,2368.78,2371.08,9.199999999998909,SL Hit,2371.08,4,1500.535000000001,165.0,-6.450000000000273,9.389999999999873
2024-06-06 17:20:00,2024-06-06 17:30:00,Short,2372.69,2373.215,-0.525000000000091,SL Hit,2373.215,1,1500.010000000001,10.0,0.599999999999909,-1.6700000000000728
2024-06-06 18:50:00,2024-06-06 18:55:00,Long,2372.2,2371.675000000001,-0.5249999999987267,SL Hit,2371.675000000001,1,1499.4850000000022,5.0,-1.199999999999818,0.4800000000000182
2024-06-07 00:15:00,2024-06-07 00:40:00,Long,2377.0649999999996,2376.31,-1.5099999999993088,SL Hit,2376.31,2,1497.9750000000029,25.0,-1.264999999999418,0.9750000000003638
2024-06-07 00:50:00,2024-06-07 01:10:00,Long,2378.1800000000003,2375.8,-4.760000000000218,SL Hit,2375.8,2,1493.2150000000026,20.0,-4.540000000000418,1.6499999999996362
2024-06-07 04:15:00,2024-06-07 04:20:00,Long,2380.8,2380.8,0.0,SL Hit,2380.8,1,1493.2150000000026,5.0,0.0,1.0899999999996908
2024-06-07 04:25:00,2024-06-07 05:10:00,Long,2384.7349999999997,2384.53,-0.409999999998945,SL Hit,2384.53,2,1492.8050000000037,45.0,-3.0949999999998,2.755000000000109
2024-06-07 06:25:00,2024-06-07 06:30:00,Short,2375.04,2375.04,0.0,SL Hit,2375.04,1,1492.8050000000037,5.0,0.15999999999985448,-2.8400000000001455
2024-06-07 09:15:00,2024-06-07 11:25:00,Short,2336.8533333333335,2334.84,6.039999999999964,SL Hit,2334.84,3,1498.8450000000037,130.0,7.286666666666406,-5.973333333333358
2024-06-07 11:30:00,2024-06-07 12:25:00,Long,2335.0400000000004,2332.86,-6.540000000000873,SL Hit,2332.86,3,1492.3050000000028,55.0,-4.130000000000564,4.1799999999993815
2024-06-10 01:40:00,2024-06-10 02:35:00,Long,2298.19,2296.2,-3.980000000000473,SL Hit,2296.2,2,1488.3250000000023,55.0,-2.5900000000001455,1.6599999999998545
2024-06-10 02:50:00,2024-06-10 03:05:00,Short,2296.65,2297.3150000000005,-0.6650000000004184,SL Hit,2297.3150000000005,1,1487.660000000002,15.0,0.9299999999998363,-1.849999999999909
2024-06-10 05:15:00,2024-06-10 05:20:00,Short,2293.7,2293.7,0.0,SL Hit,2293.7,1,1487.660000000002,5.0,1.9200000000000728,-1.4399999999995998
2024-06-10 06:10:00,2024-06-10 07:20:00,Short,2292.133333333333,2294.02,-5.660000000000309,SL Hit,2294.02,3,1482.0000000000016,70.0,4.226666666666915,-4.39333333333343
2024-06-10 07:25:00,2024-06-10 08:50:00,Long,2295.66,2294.94,-2.1599999999993997,SL Hit,2294.94,3,1479.8400000000022,85.0,-1.8999999999996362,1.6400000000003274
2024-06-10 10:05:00,2024-06-10 10:15:00,Short,2296.88,2297.3350000000005,-0.455000000000382,SL Hit,2297.3350000000005,1,1479.3850000000018,10.0,0.4699999999997999,-1.5100000000002183
2024-06-10 10:20:00,2024-06-10 13:25:00,Long,2300.9460000000004,2304.83,19.4199999999978,SL Hit,2304.83,5,1498.8049999999996,185.0,-5.846000000000458,7.443999999999505
2024-06-10 15:00:00,2024-06-10 15:10:00,Short,2303.45,2303.45,0.0,SL Hit,2303.45,1,1498.8049999999996,10.0,1.2000000000002728,-1.8999999999996362
2024-06-10 16:10:00,2024-06-10 17:20:00,Long,2311.24,2311.0,-0.7199999999993452,SL Hit,2311.0,3,1498.0850000000003,70.0,-3.25,2.2600000000002183
2024-06-10 19:05:00,2024-06-10 19:25:00,Long,2311.23,2311.23,0.0,SL Hit,2311.23,1,1498.0850000000003,20.0,-0.32999999999992724,0.7699999999999818
2024-06-10 20:50:00,2024-06-10 22:05:00,Long,2309.97,2309.62,-0.34999999999990905,SL Hit,2309.62,1,1497.7350000000004,75.0,-0.569999999999709,1.9900000000002365
2024-06-11 00:25:00,2024-06-11 00:35:00,Short,2309.2799999999997,2309.99,-1.4200000000000728,SL Hit,2309.99,2,1496.3150000000003,10.0,0.9200000000000728,-0.6799999999998363
2024-06-11 00:40:00,2024-06-11 01:00:00,Long,2309.5,2308.6,-1.800000000000182,SL Hit,2308.6,2,1494.515,20.0,-5.039999999999964,2.2899999999999636
2024-06-11 01:55:00,2024-06-11 03:15:00,Short,2302.88,2303.41,-1.0599999999994907,SL Hit,2303.41,2,1493.4550000000006,80.0,0.7899999999999636,-4.079999999999927
2024-06-11 03:25:00,2024-06-11 03:45:00,Long,2302.7749999999996,2302.2,-1.1499999999996362,SL Hit,2302.2,2,1492.305000000001,20.0,-0.6749999999997272,1.2950000000005275
2024-06-11 07:35:00,2024-06-11 07:40:00,Long,2303.73,2303.38,-0.34999999999990905,SL Hit,2303.38,1,1491.955000000001,5.0,-0.7600000000002183,0.8200000000001637
2024-06-11 07:55:00,2024-06-11 09:10:00,Long,2305.0933333333337,2305.09,-0.010000000000673026,SL Hit,2305.09,3,1491.9450000000004,75.0,-2.2933333333335213,2.4766666666664605
2024-06-11 13:45:00,2024-06-11 14:00:00,Short,2313.76,2315.369999999999,-1.609999999998763,SL Hit,2315.369999999999,1,1490.3350000000016,15.0,2.8299999999999272,-2.1100000000001273
2024-06-11 15:10:00,2024-06-11 15:35:00,Short,2313.87,2313.87,0.0,SL Hit,2313.87,1,1490.3350000000016,25.0,0.3000000000001819,-3.1099999999996726
2024-06-11 15:55:00,2024-06-11 17:35:00,Short,2310.06,2311.35,-3.869999999999891,SL Hit,2311.35,3,1486.4650000000017,100.0,2.0399999999999636,-4.079999999999927
2024-06-11 17:45:00,2024-06-11 19:30:00,Long,2312.21,2312.8,1.180000000000291,SL Hit,2312.8,2,1487.645000000002,105.0,-1.2300000000000182,3.0799999999999272
2024-06-11 19:40:00,2024-06-11 19:45:00,Short,2313.78,2314.829999999999,-1.0499999999988177,SL Hit,2314.829999999999,1,1486.5950000000032,5.0,1.169999999999618,-0.15000000000009095
2024-06-11 22:05:00,2024-06-11 22:35:00,Short,2316.26,2316.26,0.0,SL Hit,2316.26,1,1486.5950000000032,30.0,0.09999999999990905,-1.3600000000001273
2024-06-12 02:40:00,2024-06-12 02:45:00,Short,2313.1,2313.1,0.0,SL Hit,2313.1,1,1486.5950000000032,5.0,0.36999999999989086,-0.9200000000000728
2024-06-12 03:25:00,2024-06-12 03:45:00,Long,2315.2,2315.0250000000005,-0.1749999999992724,SL Hit,2315.0250000000005,1,1486.420000000004,20.0,-0.23999999999978172,0.9200000000000728
2024-06-12 04:30:00,2024-06-12 05:30:00,Short,2313.633333333333,2313.67,-0.11000000000058208,SL Hit,2313.67,3,1486.3100000000034,60.0,0.49666666666689707,-1.633333333333212
2024-06-12 05:40:00,2024-06-12 07:20:00,Long,2313.9966666666664,2313.3,-2.0899999999987813,SL Hit,2313.3,3,1484.2200000000046,100.0,-1.9266666666662786,3.5533333333337396
2024-06-12 11:30:00,2024-06-12 12:15:00,Short,2313.2233333333334,2313.67,-1.3400000000001455,SL Hit,2313.67,3,1482.8800000000044,45.0,1.5966666666668061,-1.6233333333334485
2024-06-12 12:20:00,2024-06-12 12:30:00,Long,2314.18,2311.6,-5.1599999999998545,SL Hit,2311.6,2,1477.7200000000046,10.0,-3.2199999999998,14.0300000000002
2024-06-12 16:20:00,2024-06-12 17:30:00,Long,2336.7599999999998,2335.61,-3.4499999999989086,SL Hit,2335.61,3,1474.2700000000057,70.0,-2.2599999999997635,2.730000000000018
2024-06-12 20:45:00,2024-06-12 20:55:00,Long,2323.92,2323.079999999999,-0.840000000001055,SL Hit,2323.079999999999,1,1473.4300000000046,10.0,-1.5199999999999818,0.900000000000091
2024-06-12 22:15:00,2024-06-13 00:30:00,Short,2321.975,2321.95,0.0500000000001819,SL Hit,2321.95,2,1473.4800000000048,135.0,1.1050000000000182,-4.974999999999909
2024-06-13 03:55:00,2024-06-13 05:55:00,Short,2312.4925,2310.97,6.0900000000001455,SL Hit,2310.97,4,1479.570000000005,120.0,2.1075000000000728,-3.512499999999818
2024-06-13 06:40:00,2024-06-13 08:35:00,Long,2314.942,2314.5,-2.2100000000000364,SL Hit,2314.5,5,1477.360000000005,115.0,-2.262000000000171,3.3479999999999563
2024-06-13 08:50:00,2024-06-13 08:55:00,Short,2315.61,2315.61,0.0,SL Hit,2315.61,1,1477.360000000005,5.0,0.13999999999987267,-0.9500000000002728
2024-06-13 11:15:00,2024-06-13 12:30:00,Short,2310.1499999999996,2309.58,1.139999999999418,SL Hit,2309.58,2,1478.5000000000043,75.0,9.550000000000182,-5.4099999999998545
2024-06-13 15:00:00,2024-06-13 15:05:00,Long,2313.4,2312.8399999999992,-0.5600000000008549,SL Hit,2312.8399999999992,1,1477.9400000000035,5.0,-2.200000000000273,3.4200000000000728
2024-06-13 17:55:00,2024-06-13 18:40:00,Short,2301.79,2302.7700000000004,-0.9800000000004729,SL Hit,2302.7700000000004,1,1476.960000000003,45.0,1.0799999999999272,-1.7100000000000364
2024-06-13 22:35:00,2024-06-14 00:00:00,Short,2303.1000000000004,2303.05,0.1000000000003638,SL Hit,2303.05,2,1477.0600000000034,85.0,0.3599999999996726,-2.100000000000364
2024-06-14 04:10:00,2024-06-14 04:30:00,Short,2304.38,2305.4299999999994,-1.0499999999992724,SL Hit,2305.4299999999994,1,1476.010000000004,20.0,1.449999999999818,-1.180000000000291
2024-06-14 05:00:00,2024-06-14 07:10:00,Long,2309.56,2310.69,3.3900000000003274,SL Hit,2310.69,3,1479.4000000000044,130.0,-4.6599999999998545,3.519999999999982
2024-06-14 12:55:00,2024-06-14 13:10:00,Long,2330.17,2328.5949999999993,-1.5750000000007276,SL Hit,2328.5949999999993,1,1477.8250000000037,15.0,-2.369999999999891,1.2199999999998
2024-06-14 13:45:00,2024-06-14 14:50:00,Long,2330.645,2328.48,-4.329999999999927,SL Hit,2328.48,2,1473.4950000000038,65.0,-2.175000000000182,4.184999999999945
2024-06-14 15:35:00,2024-06-14 16:00:00,Short,2326.145,2327.23,-2.1700000000000728,SL Hit,2327.23,2,1471.3250000000037,25.0,1.8550000000000182,-2.025000000000091
2024-06-14 17:15:00,2024-06-14 19:00:00,Long,2333.2174999999997,2332.9,-1.2699999999986176,SL Hit,2332.9,4,1470.055000000005,105.0,-2.8774999999996,1.712500000000091
2024-06-14 19:10:00,2024-06-14 19:15:00,Short,2332.97,2332.97,0.0,SL Hit,2332.97,1,1470.055000000005,5.0,0.2699999999999818,-0.6899999999995998
2024-06-14 19:20:00,2024-06-14 19:25:00,Short,2333.08,2333.08,0.0,SL Hit,2333.08,1,1470.055000000005,5.0,0.34999999999990905,-1.0799999999999272
2024-06-16 23:15:00,2024-06-16 23:30:00,Short,2328.26,2328.26,0.0,SL Hit,2328.26,1,1470.055000000005,15.0,0.9399999999995998,-1.5600000000004002
2024-06-17 00:35:00,2024-06-17 01:00:00,Long,2326.04,2325.2000000000007,-0.839999999999236,SL Hit,2325.2000000000007,1,1469.2150000000058,25.0,-3.3899999999998727,0.8800000000001091
2024-06-17 02:40:00,2024-06-17 03:50:00,Short,2322.4,2322.84,-1.3200000000001637,SL Hit,2322.84,3,1467.8950000000057,70.0,2.319999999999709,-1.2000000000002728
2024-06-17 04:35:00,2024-06-17 04:50:00,Long,2323.855,2323.7,-0.3100000000004002,SL Hit,2323.7,2,1467.5850000000053,15.0,-0.9349999999999454,1.9549999999999272
2024-06-17 05:30:00,2024-06-17 07:05:00,Short,2319.36,2318.98,1.1400000000003274,SL Hit,2318.98,3,1468.7250000000056,95.0,2.1099999999996726,-3.7400000000002365
2024-06-17 09:40:00,2024-06-17 10:05:00,Short,2320.145,2320.84,-1.3900000000003274,SL Hit,2320.84,2,1467.3350000000053,25.0,1.3550000000000182,-0.9549999999999272
2024-06-17 11:40:00,2024-06-17 11:45:00,Short,2320.21,2320.21,0.0,SL Hit,2320.21,1,1467.3350000000053,5.0,0.42000000000007276,-1.8099999999999454
2024-06-17 13:05:00,2024-06-17 13:40:00,Long,2320.54,2320.54,0.0,SL Hit,2320.54,1,1467.3350000000053,35.0,-0.7599999999997635,5.320000000000164
2024-06-17 14:10:00,2024-06-17 14:15:00,Short,2320.08,2321.1300000000006,-1.0500000000006366,SL Hit,2321.1300000000006,1,1466.2850000000046,5.0,1.6700000000000728,-0.7599999999997635
2024-06-17 15:15:00,2024-06-17 16:35:00,Short,2318.375,2315.63,5.489999999999782,SL Hit,2315.63,2,1471.7750000000044,80.0,4.684999999999945,-8.644999999999982
2024-06-17 17:55:00,2024-06-17 18:35:00,Long,2316.59,2315.855,-0.7350000000001273,SL Hit,2315.855,1,1471.0400000000043,40.0,-1.1900000000000546,1.2100000000000364
2024-06-17 19:20:00,2024-06-17 20:25:00,Long,2319.36,2318.8,-1.6799999999998363,SL Hit,2318.8,3,1469.3600000000044,65.0,-1.650000000000091,1.2100000000000364
2024-06-17 20:30:00,2024-06-17 22:00:00,Short,2318.68,2319.835000000001,-1.1550000000011096,SL Hit,2319.835000000001,1,1468.2050000000033,90.0,1.430000000000291,-1.2799999999997453
2024-06-17 22:25:00,2024-06-17 23:05:00,Long,2320.4849999999997,2319.2,-2.569999999999709,SL Hit,2319.2,2,1465.6350000000036,40.0,-1.3049999999998363,0.4650000000001455
2024-06-17 23:15:00,2024-06-17 23:20:00,Short,2319.27,2319.27,0.0,SL Hit,2319.27,1,1465.6350000000036,5.0,0.2800000000002001,-0.3200000000001637
2024-06-18 01:10:00,2024-06-18 01:15:00,Long,2322.17,2320.3849999999993,-1.785000000000764,SL Hit,2320.3849999999993,1,1463.8500000000029,5.0,-2.019999999999982,0.21000000000003638
2024-06-18 01:35:00,2024-06-18 03:20:00,Long,2322.6220000000003,2323.2,2.889999999997599,SL Hit,2323.2,5,1466.7400000000005,105.0,-3.3220000000001164,2.8679999999994834
2024-06-18 06:10:00,2024-06-18 06:20:00,Short,2321.34,2321.34,0.0,SL Hit,2321.34,1,1466.7400000000005,10.0,0.25999999999976353,-1.3900000000003274
2024-06-18 09:10:00,2024-06-18 09:25:00,Long,2313.4,2312.0,-1.400000000000091,SL Hit,2312.0,1,1465.3400000000004,15.0,-2.5,0.6700000000000728
2024-06-18 13:35:00,2024-06-18 14:40:00,Long,2320.68,2322.78,6.300000000001091,SL Hit,2322.78,3,1471.6400000000015,65.0,-5.819999999999709,6.670000000000073
2024-06-18 15:25:00,2024-06-18 16:45:00,Long,2326.295,2326.5,0.4099999999998545,SL Hit,2326.5,2,1472.0500000000013,80.0,-2.724999999999909,3.275000000000091
2024-06-18 17:05:00,2024-06-18 17:50:00,Long,2330.6949999999997,2328.36,-4.669999999999163,SL Hit,2328.36,2,1467.3800000000022,45.0,-2.3649999999997817,1.9350000000004002
2024-06-18 17:55:00,2024-06-18 18:25:00,Short,2329.05,2329.81,-1.519999999999527,SL Hit,2329.81,2,1465.8600000000026,30.0,1.0299999999997453,-1.430000000000291
2024-06-18 20:40:00,2024-06-18 23:05:00,Short,2328.9933333333333,2329.26,-0.8000000000006366,SL Hit,2329.26,3,1465.060000000002,145.0,0.7566666666666606,-2.2933333333335213
2024-06-18 23:45:00,2024-06-19 00:25:00,Long,2328.875,2327.99,-1.7700000000004366,SL Hit,2327.99,2,1463.2900000000016,40.0,-0.8949999999999818,0.6350000000002183
2024-06-19 00:30:00,2024-06-19 00:35:00,Short,2328.16,2328.650000000001,-0.49000000000114596,SL Hit,2328.650000000001,1,1462.8000000000004,5.0,1.3800000000001091,-0.10999999999967258
2024-06-19 01:00:00,2024-06-19 01:05:00,Long,2329.26,2327.4749999999995,-1.785000000000764,SL Hit,2327.4749999999995,1,1461.0149999999996,5.0,-1.930000000000291,0.3799999999996544
2024-06-19 02:25:00,2024-06-19 02:30:00,Long,2330.22,2330.22,0.0,SL Hit,2330.22,1,1461.0149999999996,5.0,-0.08999999999969077,0.5400000000004184
2024-06-19 03:10:00,2024-06-19 03:15:00,Long,2330.71,2325.7750000000005,-4.934999999999491,Bearish Trade Reversal,2325.7750000000005,1,1456.0800000000002,5.0,-1.4099999999998545,0.6399999999998727
2024-06-19 03:15:00,2024-06-19 04:45:00,Short,2329.385,2328.17,2.430000000000291,SL Hit,2328.17,2,1458.5100000000004,90.0,1.8949999999999818,-2.3850000000002183
2024-06-19 05:25:00,2024-06-19 05:30:00,Long,2328.22,2327.7300000000005,-0.489999999999327,SL Hit,2327.7300000000005,1,1458.0200000000011,5.0,-0.6299999999996544,0.25
2024-06-19 08:00:00,2024-06-19 09:05:00,Long,2331.89,2331.3,-1.1799999999993815,SL Hit,2331.3,2,1456.8400000000017,65.0,-2.049999999999727,2.8700000000003456
2024-06-19 10:30:00,2024-06-19 10:50:00,Long,2328.53,2328.319999999999,-0.21000000000140062,SL Hit,2328.319999999999,1,1456.6300000000003,20.0,-1.050000000000182,0.9800000000000182
2024-06-19 11:05:00,2024-06-19 11:20:00,Short,2326.78,2327.3399999999997,-0.5599999999994907,SL Hit,2327.3399999999997,1,1456.0700000000008,15.0,0.9499999999998181,-0.5700000000001637
2024-06-19 11:45:00,2024-06-19 12:25:00,Long,2329.205,2328.0,-2.4099999999998545,SL Hit,2328.0,2,1453.660000000001,40.0,-1.9949999999998909,3.5650000000000546
2024-06-19 13:30:00,2024-06-19 13:35:00,Long,2329.44,2328.459999999999,-0.9800000000009277,SL Hit,2328.459999999999,1,1452.68,5.0,-1.1300000000001091,0.2899999999999636
2024-06-19 18:00:00,2024-06-19 22:20:00,Short,2329.71,2330.0250000000005,-0.3150000000005093,SL Hit,2330.0250000000005,1,1452.3649999999996,260.0,0.4499999999998181,-4.75
2024-06-19 22:35:00,2024-06-19 22:50:00,Short,2329.83,2329.8650000000007,-0.035000000000763976,SL Hit,2329.8650000000007,1,1452.3299999999988,15.0,0.32999999999992724,-1.1300000000001091
2024-06-19 23:20:00,2024-06-19 23:35:00,Short,2328.97,2329.320000000001,-0.3500000000012733,SL Hit,2329.320000000001,1,1451.9799999999975,15.0,0.47000000000025466,-0.7699999999999818
2024-06-20 00:25:00,2024-06-20 00:55:00,Short,2328.53,2328.914999999999,-0.38499999999885404,SL Hit,2328.914999999999,1,1451.5949999999987,30.0,1.1199999999998909,-1.1300000000001091
2024-06-20 03:10:00,2024-06-20 03:15:00,Short,2333.6,2333.6,0.0,SL Hit,2333.6,1,1451.5949999999987,5.0,0.47000000000025466,-1.2999999999997272
2024-06-20 04:05:00,2024-06-20 07:05:00,Long,2339.154,2341.7,12.729999999999109,SL Hit,2341.7,5,1464.3249999999978,180.0,-6.054000000000087,5.846000000000004
2024-06-20 12:30:00,2024-06-20 12:35:00,Long,2340.31,2339.0499999999993,-1.260000000000673,SL Hit,2339.0499999999993,1,1463.064999999997,5.0,-2.5799999999999272,2.0799999999999272
2024-06-20 14:40:00,2024-06-20 15:15:00,Long,2357.19,2357.19,0.0,SL Hit,2357.19,1,1463.064999999997,35.0,-0.2800000000002001,7.9099999999998545
2024-06-20 17:05:00,2024-06-20 19:35:00,Long,2357.5225,2358.18,2.6299999999991996,SL Hit,2358.18,4,1465.6949999999963,150.0,-2.9524999999998727,3.3274999999998727
2024-06-20 20:15:00,2024-06-20 20:40:00,Short,2358.735,2358.97,-0.46999999999934516,SL Hit,2358.97,2,1465.224999999997,25.0,0.3550000000000182,-0.36500000000023647
2024-06-20 22:10:00,2024-06-20 22:15:00,Long,2357.5,2357.5,0.0,Bearish Trade Reversal,2357.5,1,1465.224999999997,5.0,0.0,2.1700000000000728
2024-06-20 22:15:00,2024-06-20 22:30:00,Short,2358.57,2359.67,-2.199999999999818,SL Hit,2359.67,2,1463.0249999999971,15.0,1.1900000000000546,-1.2699999999999818
2024-06-21 02:35:00,2024-06-21 03:15:00,Short,2359.43,2359.53,-0.2000000000007276,SL Hit,2359.53,2,1462.8249999999964,40.0,1.2400000000002365,-1.4299999999998363
2024-06-21 05:20:00,2024-06-21 05:30:00,Long,2363.145,2362.1,-2.0900000000001455,SL Hit,2362.1,2,1460.7349999999963,10.0,-1.4450000000001637,0.3949999999999818
2024-06-21 07:35:00,2024-06-21 09:25:00,Long,2362.6600000000003,2364.2,6.1599999999980355,SL Hit,2364.2,4,1466.8949999999943,110.0,-4.190000000000509,5.1899999999996
2024-06-21 10:10:00,2024-06-21 10:20:00,Short,2362.61,2362.61,0.0,SL Hit,2362.61,1,1466.8949999999943,10.0,0.6900000000000546,-1.6100000000001273
2024-06-21 14:30:00,2024-06-21 15:45:00,Short,2330.005,2328.06,7.780000000000655,SL Hit,2328.06,4,1474.674999999995,75.0,8.21499999999969,-6.375
2024-06-21 17:00:00,2024-06-21 18:20:00,Short,2321.1733333333336,2319.26,5.7400000000002365,SL Hit,2319.26,3,1480.4149999999952,80.0,3.586666666666588,-4.0233333333335395
2024-06-21 19:50:00,2024-06-21 19:55:00,Short,2322.12,2322.12,0.0,SL Hit,2322.12,1,1480.4149999999952,5.0,0.2800000000002001,-0.6900000000000546
2024-06-21 20:25:00,2024-06-23 22:00:00,Short,2320.54,2321.29,-1.5,SL Hit,2321.29,2,1478.9149999999952,2975.0,1.2699999999999818,-2.7799999999997453
2024-06-23 23:25:00,2024-06-24 00:35:00,Short,2319.07,2319.55,-1.4400000000000546,SL Hit,2319.55,3,1477.4749999999951,70.0,1.5599999999999454,-2.269999999999982
2024-06-24 03:10:00,2024-06-24 03:50:00,Long,2324.91,2324.2,-1.4200000000000728,SL Hit,2324.2,2,1476.054999999995,40.0,-0.8099999999999454,1.5599999999999454
2024-06-24 03:55:00,2024-06-24 04:00:00,Short,2325.27,2325.5150000000003,-0.2450000000003456,SL Hit,2325.5150000000003,1,1475.8099999999947,5.0,0.25,-0.4499999999998181
2024-06-24 04:45:00,2024-06-24 05:00:00,Short,2324.86,2324.86,0.0,SL Hit,2324.86,1,1475.8099999999947,15.0,0.4099999999998545,-0.8200000000001637
2024-06-24 07:20:00,2024-06-24 09:00:00,Long,2327.7200000000003,2329.2,2.959999999999127,SL Hit,2329.2,2,1478.7699999999938,100.0,-3.6200000000003456,4.879999999999654
2024-06-24 09:05:00,2024-06-24 09:20:00,Short,2329.67,2329.67,0.0,SL Hit,2329.67,1,1478.7699999999938,15.0,0.7199999999997999,-3.619999999999891
2024-06-24 12:55:00,2024-06-24 15:25:00,Long,2328.575,2330.12,6.180000000000291,SL Hit,2330.12,4,1484.9499999999941,150.0,-2.5349999999998545,4.914999999999964
2024-06-24 15:30:00,2024-06-24 16:30:00,Short,2330.05,2329.72,0.660000000000764,SL Hit,2329.72,2,1485.609999999995,60.0,1.2999999999997272,-3.200000000000273
2024-06-24 18:20:00,2024-06-24 18:25:00,Long,2332.8,2332.8,0.0,SL Hit,2332.8,1,1485.609999999995,5.0,-0.1000000000003638,1.0799999999999272
2024-06-24 22:20:00,2024-06-24 22:25:00,Short,2332.82,2333.2749999999987,-0.454999999998563,SL Hit,2333.2749999999987,1,1485.1549999999963,5.0,0.5,-0.5199999999999818
2024-06-24 22:40:00,2024-06-25 00:50:00,Short,2330.7933333333335,2330.06,2.2000000000007276,SL Hit,2330.06,3,1487.354999999997,130.0,1.966666666666697,-3.593333333333703
2024-06-25 01:05:00,2024-06-25 01:20:00,Long,2330.06,2327.8549999999996,-2.205000000000382,SL Hit,2327.8549999999996,1,1485.1499999999967,15.0,-2.6100000000001273,0.11999999999989086
2024-06-25 03:05:00,2024-06-25 03:15:00,Long,2326.86,2326.5800000000004,-0.27999999999974534,SL Hit,2326.5800000000004,1,1484.869999999997,10.0,-0.36000000000012733,1.199999999999818
2024-06-25 08:45:00,2024-06-25 11:05:00,Long,2331.71,2333.93,8.8799999999992,SL Hit,2333.93,4,1493.7499999999961,140.0,-4.470000000000255,5.2199999999998
2024-06-25 12:35:00,2024-06-25 14:20:00,Short,2324.273333333333,2325.87,-4.790000000000418,SL Hit,2325.87,3,1488.9599999999957,105.0,4.506666666667115,-4.36333333333323
2024-06-25 17:00:00,2024-06-25 17:35:00,Short,2317.82,2319.71,-1.8899999999998727,SL Hit,2319.71,1,1487.0699999999958,35.0,1.9299999999998363,-0.9700000000002547
2024-06-25 17:40:00,2024-06-25 17:50:00,Long,2319.17,2318.8900000000003,-0.27999999999974534,SL Hit,2318.8900000000003,1,1486.789999999996,10.0,-0.8899999999998727,0.5599999999999454
2024-06-25 18:20:00,2024-06-25 18:30:00,Short,2318.73,2318.73,0.0,SL Hit,2318.73,1,1486.789999999996,10.0,0.9099999999998545,-1.9299999999998363
2024-06-25 19:45:00,2024-06-25 19:55:00,Short,2319.44,2319.79,-0.34999999999990905,SL Hit,2319.79,1,1486.4399999999962,10.0,0.34999999999990905,-0.1799999999998363
2024-06-25 22:00:00,2024-06-25 23:20:00,Long,2319.513333333334,2318.6,-2.7400000000016007,SL Hit,2318.6,3,1483.6999999999946,80.0,-1.213333333333594,1.5466666666661695
2024-06-25 23:25:00,2024-06-25 23:35:00,Short,2319.16,2319.37,-0.21000000000003638,SL Hit,2319.37,1,1483.4899999999946,10.0,0.3000000000001819,-0.34999999999990905
2024-06-26 00:15:00,2024-06-26 00:20:00,Short,2322.82,2322.82,0.0,Bullish Trade Reversal,2322.82,1,1483.4899999999946,5.0,-0.0,-3.8900000000003274
2024-06-26 00:20:00,2024-06-26 00:35:00,Long,2319.45,2318.61,-1.6799999999993815,SL Hit,2318.61,2,1481.8099999999952,15.0,-1.5499999999997272,1.2400000000002365
2024-06-26 00:40:00,2024-06-26 00:45:00,Short,2319.2,2319.2,0.0,SL Hit,2319.2,1,1481.8099999999952,5.0,0.010000000000218279,-0.4800000000000182
2024-06-26 03:50:00,2024-06-26 04:25:00,Short,2317.26,2317.46,-0.3999999999996362,SL Hit,2317.46,2,1481.4099999999955,35.0,0.669999999999618,-1.3600000000001273
2024-06-26 04:30:00,2024-06-26 05:05:00,Short,2316.443333333333,2316.97,-1.5799999999999272,SL Hit,2316.97,3,1479.8299999999956,35.0,0.9166666666669698,-1.2433333333333394
2024-06-26 05:35:00,2024-06-26 08:25:00,Short,2315.618,2316.02,-2.0100000000002183,SL Hit,2316.02,5,1477.8199999999954,170.0,2.0520000000001346,-5.958000000000084
2024-06-26 09:45:00,2024-06-26 14:50:00,Short,2308.7339999999995,2299.34,46.96999999999662,SL Hit,2299.34,5,1524.789999999992,305.0,9.016000000000531,-14.47399999999925
2024-06-26 15:00:00,2024-06-26 18:40:00,Long,2300.05,2299.5,-2.7500000000009095,SL Hit,2299.5,5,1522.039999999991,220.0,-3.7899999999999636,3.599999999999909
2024-06-27 05:15:00,2024-06-27 05:35:00,Short,2299.54,2299.7150000000006,-0.17500000000063665,SL Hit,2299.7150000000006,1,1521.8649999999905,20.0,0.5700000000001637,-1.9400000000000546
2024-06-27 10:00:00,2024-06-27 13:40:00,Long,2317.5783333333334,2320.01,14.590000000001055,SL Hit,2320.01,6,1536.4549999999915,220.0,-5.478333333333467,6.651666666666642
2024-06-27 14:00:00,2024-06-27 14:20:00,Long,2323.13,2323.13,0.0,SL Hit,2323.13,1,1536.4549999999915,20.0,-0.07999999999992724,7.179999999999836
2024-06-27 15:20:00,2024-06-27 15:25:00,Long,2328.97,2328.725000000001,-0.24499999999898137,SL Hit,2328.725000000001,1,1536.2099999999925,5.0,-3.1399999999998727,1.4400000000000546
2024-06-27 16:25:00,2024-06-27 17:15:00,Short,2325.8050000000003,2326.45,-1.2899999999990541,SL Hit,2326.45,2,1534.9199999999935,50.0,1.1649999999995089,-2.205000000000382
2024-06-27 17:30:00,2024-06-27 18:00:00,Long,2325.7833333333333,2325.69,-0.27999999999974534,SL Hit,2325.69,3,1534.6399999999937,30.0,-1.3633333333332303,1.1566666666667516
2024-06-27 22:25:00,2024-06-27 22:45:00,Short,2326.4,2326.644999999999,-0.24499999999898137,SL Hit,2326.644999999999,1,1534.3949999999948,20.0,0.5199999999999818,-0.8000000000001819
2024-06-28 00:15:00,2024-06-28 02:15:00,Short,2323.0449999999996,2321.53,6.059999999997672,SL Hit,2321.53,4,1540.4549999999924,120.0,3.4450000000001637,-4.004999999999654
2024-06-28 03:15:00,2024-06-28 03:20:00,Long,2323.93,2322.28,-3.2999999999992724,SL Hit,2322.28,2,1537.1549999999932,5.0,-1.9299999999998363,0.7000000000002728
2024-06-28 03:25:00,2024-06-28 04:50:00,Short,2321.1666666666665,2320.72,1.3400000000001455,SL Hit,2320.72,3,1538.4949999999933,85.0,1.7033333333333758,-1.466666666666697
2024-06-28 07:05:00,2024-06-28 07:30:00,Long,2326.63,2325.999999999999,-0.6300000000010186,SL Hit,2325.999999999999,1,1537.8649999999923,25.0,-1.7800000000002,1.3899999999998727
2024-06-28 09:55:00,2024-06-28 11:20:00,Long,2332.8500000000004,2334.52,5.009999999998854,SL Hit,2334.52,3,1542.8749999999911,85.0,-4.450000000000273,4.039999999999509
2024-06-28 11:25:00,2024-06-28 12:30:00,Short,2333.8366666666666,2334.78,-2.8300000000008367,SL Hit,2334.78,3,1540.0449999999903,65.0,4.133333333333212,-2.446666666666715
2024-06-28 17:55:00,2024-06-28 18:05:00,Short,2326.95,2326.95,0.0,SL Hit,2326.95,1,1540.0449999999903,10.0,0.22000000000025466,-0.6499999999996362
2024-06-28 19:00:00,2024-06-28 19:05:00,Short,2325.35,2325.5950000000003,-0.2450000000003456,SL Hit,2325.5950000000003,1,1539.79999999999,5.0,0.7899999999999636,-1.75
2024-06-28 20:45:00,2024-06-30 22:00:00,Long,2324.98,2324.7700000000004,-0.20999999999958163,SL Hit,2324.7700000000004,1,1539.5899999999904,2955.0,-1.2199999999998,2.0300000000002
2024-06-30 22:10:00,2024-06-30 23:10:00,Short,2324.585,2324.77,-0.36999999999989086,SL Hit,2324.77,2,1539.2199999999905,60.0,0.8150000000000546,-2.1849999999999454
2024-07-01 04:30:00,2024-07-01 06:10:00,Short,2323.285,2323.87,-1.1700000000000728,SL Hit,2323.87,2,1538.0499999999904,100.0,1.025000000000091,-5.014999999999873
2024-07-01 08:00:00,2024-07-01 08:25:00,Short,2324.26,2324.26,0.0,SL Hit,2324.26,1,1538.0499999999904,25.0,0.5299999999997453,-2.3600000000001273
2024-07-01 16:10:00,2024-07-01 16:50:00,Long,2328.29,2327.6,-1.3800000000001091,SL Hit,2327.6,2,1536.6699999999903,40.0,-2.2899999999999636,3.369999999999891
2024-07-01 22:05:00,2024-07-01 22:10:00,Long,2330.2,2330.2,0.0,Bearish Trade Reversal,2330.2,1,1536.6699999999903,5.0,0.0,1.8400000000001455
2024-07-01 22:10:00,2024-07-01 23:00:00,Short,2331.27,2331.81,-1.0799999999999272,SL Hit,2331.81,2,1535.5899999999904,50.0,1.1199999999998909,-0.9699999999997999
2024-07-01 23:35:00,2024-07-01 23:40:00,Long,2332.04,2331.3400000000006,-0.6999999999993634,SL Hit,2331.3400000000006,1,1534.889999999991,5.0,-0.8400000000001455,0.2300000000000182
2024-07-02 01:00:00,2024-07-02 01:10:00,Long,2332.66,2331.6100000000006,-1.0499999999992724,SL Hit,2331.6100000000006,1,1533.8399999999917,10.0,-1.2599999999997635,0.7400000000002365
2024-07-02 13:30:00,2024-07-02 14:10:00,Long,2328.0,2326.5999999999995,-1.4000000000005457,SL Hit,2326.5999999999995,1,1532.4399999999912,40.0,-4.230000000000018,8.199999999999818
2024-07-02 14:15:00,2024-07-02 15:00:00,Short,2327.0150000000003,2327.79,-1.5499999999992724,SL Hit,2327.79,2,1530.889999999992,45.0,1.2349999999996726,-3.6350000000002183
2024-07-02 15:05:00,2024-07-02 15:35:00,Long,2327.14,2325.9500000000007,-1.189999999999145,SL Hit,2325.9500000000007,1,1529.6999999999928,30.0,-1.569999999999709,3.2200000000002547
2024-07-02 18:00:00,2024-07-02 22:45:00,Long,2328.7033333333334,2329.8,6.580000000000837,SL Hit,2329.8,6,1536.2799999999936,285.0,-4.1233333333334485,2.486666666666679
2024-07-02 22:55:00,2024-07-02 23:00:00,Short,2330.02,2330.09,-0.07000000000016371,SL Hit,2330.09,1,1536.2099999999934,5.0,1.2199999999998,-1.1199999999998909
2024-07-02 23:05:00,2024-07-02 23:55:00,Long,2330.516666666667,2329.56,-2.8700000000008004,SL Hit,2329.56,3,1533.3399999999926,50.0,-1.4166666666669698,0.5533333333332848
2024-07-03 00:00:00,2024-07-03 00:10:00,Short,2330.92,2331.5150000000003,-0.5950000000002547,SL Hit,2331.5150000000003,1,1532.7449999999924,10.0,0.6700000000000728,-1.0199999999999818
2024-07-03 01:30:00,2024-07-03 02:05:00,Short,2329.775,2329.84,-0.13000000000010914,SL Hit,2329.84,2,1532.6149999999923,35.0,1.194999999999709,-1.375
2024-07-03 02:15:00,2024-07-03 03:15:00,Short,2328.45,2329.4,-1.9000000000005457,SL Hit,2329.4,2,1530.7149999999917,60.0,1.3100000000004002,-1.849999999999909
2024-07-03 03:20:00,2024-07-03 03:30:00,Long,2329.01,2329.01,0.0,SL Hit,2329.01,1,1530.7149999999917,10.0,-1.0100000000002183,0.36999999999989086
2024-07-03 05:35:00,2024-07-03 06:05:00,Short,2334.45,2334.45,0.0,SL Hit,2334.45,1,1530.7149999999917,30.0,0.7100000000000364,-3.349999999999909
2024-07-03 17:30:00,2024-07-03 20:40:00,Short,2357.195,2355.14,12.330000000001746,SL Hit,2355.14,6,1543.0449999999935,190.0,2.605000000000018,-3.9950000000003456
2024-07-03 23:55:00,2024-07-04 00:00:00,Long,2358.2,2357.5000000000005,-0.6999999999993634,SL Hit,2357.5000000000005,1,1542.3449999999941,5.0,-1.099999999999909,0.8000000000001819
2024-07-04 04:05:00,2024-07-04 04:35:00,Short,2358.4849999999997,2359.17,-1.3700000000008004,SL Hit,2359.17,2,1540.9749999999933,30.0,0.6950000000001637,-1.8849999999997635
2024-07-04 10:25:00,2024-07-04 11:25:00,Long,2358.02,2357.7,-0.6400000000003274,SL Hit,2357.7,2,1540.334999999993,60.0,-0.5199999999999818,1.8400000000001455
2024-07-04 13:20:00,2024-07-04 13:25:00,Long,2358.03,2358.03,0.0,SL Hit,2358.03,1,1540.334999999993,5.0,-0.5900000000001455,0.3599999999996726
2024-07-05 01:10:00,2024-07-05 01:20:00,Long,2358.3,2358.3,0.0,SL Hit,2358.3,1,1540.334999999993,10.0,-0.6200000000003456,1.75
2024-07-05 05:35:00,2024-07-05 07:00:00,Long,2363.8366666666666,2363.1,-2.2100000000000364,SL Hit,2363.1,3,1538.124999999993,85.0,-1.1366666666667697,2.283333333333303
2024-07-05 07:30:00,2024-07-05 07:35:00,Short,2363.35,2363.6650000000004,-0.3150000000005093,SL Hit,2363.6650000000004,1,1537.8099999999924,5.0,1.599999999999909,-0.5499999999997272
2024-07-05 08:20:00,2024-07-05 08:40:00,Long,2365.92,2365.92,0.0,SL Hit,2365.92,1,1537.8099999999924,20.0,-0.13000000000010914,1.2300000000000182
2024-07-05 09:30:00,2024-07-05 10:30:00,Short,2364.5333333333333,2365.3,-2.3000000000006366,SL Hit,2365.3,3,1535.5099999999918,60.0,0.8066666666668425,-2.7233333333333576
2024-07-05 11:10:00,2024-07-05 11:25:00,Short,2364.42,2364.42,0.0,SL Hit,2364.42,1,1535.5099999999918,15.0,0.599999999999909,-1.1199999999998909
2024-07-05 11:45:00,2024-07-05 11:50:00,Short,2363.99,2364.9700000000003,-0.9800000000004729,SL Hit,2364.9700000000003,1,1534.5299999999913,5.0,1.1400000000003274,-0.11999999999989086
2024-07-05 12:35:00,2024-07-05 13:05:00,Short,2367.81,2375.01,-14.400000000000546,SL Hit,2375.01,2,1520.1299999999908,30.0,8.11999999999989,-3.0900000000001455
2024-07-05 14:50:00,2024-07-05 15:00:00,Long,2382.44,2380.165,-2.275000000000091,SL Hit,2380.165,1,1517.8549999999907,10.0,-3.5399999999999636,1.1199999999998909
2024-07-05 18:15:00,2024-07-05 19:30:00,Long,2389.0466666666666,2390.69,4.930000000000291,SL Hit,2390.69,3,1522.784999999991,75.0,-2.6366666666667697,3.6733333333331757
2024-07-07 22:45:00,2024-07-07 23:40:00,Short,2385.98,2386.39,-0.819999999999709,SL Hit,2386.39,2,1521.9649999999913,55.0,0.8800000000001091,-2.0799999999999272
2024-07-08 00:25:00,2024-07-08 00:30:00,Long,2385.5,2385.5,0.0,SL Hit,2385.5,1,1521.9649999999913,5.0,0.0,1.2899999999999636
2024-07-08 00:35:00,2024-07-08 00:50:00,Long,2386.38,2386.1349999999993,-0.24500000000080036,SL Hit,2386.1349999999993,1,1521.7199999999905,15.0,-0.4800000000000182,1.1799999999998363
2024-07-08 02:40:00,2024-07-08 03:20:00,Short,2383.55,2383.45,0.2000000000007276,SL Hit,2383.45,2,1521.9199999999912,40.0,1.8099999999999454,-2.0
2024-07-08 05:00:00,2024-07-08 05:30:00,Long,2384.925,2383.6,-2.6500000000005457,SL Hit,2383.6,2,1519.2699999999907,30.0,-2.075000000000273,1.4549999999999272
2024-07-08 06:35:00,2024-07-08 07:35:00,Short,2380.6400000000003,2380.93,-0.5799999999990177,SL Hit,2380.93,2,1518.6899999999916,60.0,0.8899999999998727,-3.8400000000001455
2024-07-08 11:15:00,2024-07-08 12:30:00,Long,2374.3633333333332,2374.42,0.1700000000005275,SL Hit,2374.42,3,1518.8599999999922,75.0,-1.9233333333331757,2.66666666666697
2024-07-08 13:45:00,2024-07-08 13:55:00,Short,2374.24,2374.24,0.0,SL Hit,2374.24,1,1518.8599999999922,10.0,1.580000000000382,-3.5799999999999272
2024-07-08 15:10:00,2024-07-08 16:40:00,Short,2364.31,2355.56,17.5,SL Hit,2355.56,2,1536.3599999999922,90.0,10.159999999999854,-13.610000000000127
2024-07-08 18:15:00,2024-07-08 19:00:00,Short,2355.895,2356.83,-1.8699999999998909,SL Hit,2356.83,2,1534.4899999999923,45.0,1.1550000000002,-1.5949999999998
2024-07-08 20:10:00,2024-07-08 20:15:00,Long,2358.68,2358.54,-0.13999999999987267,SL Hit,2358.54,1,1534.3499999999924,5.0,-0.6599999999998545,0.3400000000001455
2024-07-08 23:55:00,2024-07-09 01:55:00,Long,2362.862,2362.54,-1.610000000000582,SL Hit,2362.54,5,1532.7399999999918,120.0,-2.262000000000171,2.0279999999997926
2024-07-09 02:00:00,2024-07-09 02:20:00,Short,2362.94,2362.94,0.0,SL Hit,2362.94,1,1532.7399999999918,20.0,0.17000000000007276,-2.7400000000002365
2024-07-09 05:30:00,2024-07-09 05:40:00,Short,2365.59,2365.59,0.0,SL Hit,2365.59,1,1532.7399999999918,10.0,0.4499999999998181,-0.8700000000003456
2024-07-09 06:35:00,2024-07-09 09:00:00,Short,2362.5466666666666,2361.59,2.869999999999436,SL Hit,2361.59,3,1535.6099999999913,145.0,1.7933333333335213,-4.276666666666642
2024-07-09 11:30:00,2024-07-09 13:00:00,Short,2360.455,2360.92,-0.930000000000291,SL Hit,2360.92,2,1534.679999999991,90.0,1.8150000000000546,-4.184999999999945
2024-07-09 13:10:00,2024-07-09 14:05:00,Long,2361.8199999999997,2359.7,-4.239999999999782,SL Hit,2359.7,2,1530.4399999999912,55.0,-4.829999999999927,6.450000000000273
2024-07-09 15:05:00,2024-07-09 15:45:00,Short,2358.18,2358.18,0.0,SL Hit,2358.18,1,1530.4399999999912,40.0,0.7000000000002728,-7.879999999999654
2024-07-09 20:45:00,2024-07-09 23:00:00,Short,2363.9449999999997,2364.45,-1.0100000000002183,SL Hit,2364.45,2,1529.429999999991,135.0,1.1250000000004547,-12.904999999999745
2024-07-09 23:20:00,2024-07-09 23:25:00,Long,2364.86,2364.7200000000003,-0.13999999999987267,SL Hit,2364.7200000000003,1,1529.289999999991,5.0,-0.9600000000000364,0.15000000000009095
2024-07-10 01:05:00,2024-07-10 01:15:00,Short,2365.03,2365.03,0.0,SL Hit,2365.03,1,1529.289999999991,10.0,2.7799999999997453,-1.5199999999999818
2024-07-10 03:25:00,2024-07-10 04:00:00,Short,2367.8900000000003,2368.3,-0.819999999999709,SL Hit,2368.3,2,1528.4699999999914,35.0,0.5799999999994725,-1.3900000000003274
2024-07-10 04:25:00,2024-07-10 04:40:00,Short,2367.47,2367.6100000000015,-0.14000000000169166,SL Hit,2367.6100000000015,1,1528.3299999999897,15.0,0.3100000000004002,-1.4699999999998
2024-07-10 06:15:00,2024-07-10 06:20:00,Short,2367.79,2367.8950000000004,-0.10500000000047294,SL Hit,2367.8950000000004,1,1528.2249999999892,5.0,2.0399999999999636,-0.5599999999999454
2024-07-10 08:15:00,2024-07-10 08:20:00,Short,2373.11,2373.6699999999996,-0.5599999999994907,SL Hit,2373.6699999999996,1,1527.6649999999897,5.0,0.5799999999999272,-0.7200000000002547
2024-07-10 08:55:00,2024-07-10 09:35:00,Short,2372.4849999999997,2373.15,-1.3300000000008367,SL Hit,2373.15,2,1526.334999999989,40.0,1.3650000000002365,-0.8249999999998181
2024-07-10 11:35:00,2024-07-10 13:05:00,Long,2377.495,2377.3,-0.3899999999994179,SL Hit,2377.3,2,1525.9449999999895,90.0,-2.4049999999997453,4.144999999999982
2024-07-10 14:45:00,2024-07-10 14:50:00,Short,2376.9,2377.425,-0.525000000000091,SL Hit,2377.425,1,1525.4199999999894,5.0,0.7199999999997999,-1.4600000000000364
2024-07-10 16:35:00,2024-07-10 22:25:00,Short,2372.918571428571,2372.02,6.289999999996326,SL Hit,2372.02,7,1531.7099999999857,350.0,5.511428571428951,-4.928571428571104
2024-07-10 23:50:00,2024-07-10 23:55:00,Short,2372.46,2372.46,0.0,SL Hit,2372.46,1,1531.7099999999857,5.0,0.1999999999998181,-0.8600000000001273
2024-07-11 00:40:00,2024-07-11 01:20:00,Long,2373.2933333333335,2373.4,0.31999999999970896,SL Hit,2373.4,3,1532.0299999999854,40.0,-1.4933333333333394,2.036666666666406
2024-07-11 01:40:00,2024-07-11 02:15:00,Long,2374.65,2374.3700000000003,-0.27999999999974534,SL Hit,2374.3700000000003,1,1531.7499999999857,35.0,-0.75,1.400000000000091
2024-07-11 02:35:00,2024-07-11 05:50:00,Long,2379.86,2381.43,9.419999999998254,SL Hit,2381.43,6,1541.169999999984,195.0,-4.059999999999945,2.9699999999998
2024-07-11 09:05:00,2024-07-11 09:45:00,Long,2383.2666666666664,2382.68,-1.7599999999997635,SL Hit,2382.68,3,1539.4099999999842,40.0,-1.2666666666664241,1.213333333333594
2024-07-11 11:50:00,2024-07-11 12:05:00,Short,2381.05,2382.0999999999995,-1.0499999999992724,SL Hit,2382.0999999999995,1,1538.359999999985,15.0,1.3099999999999454,-1.6400000000003274
2024-07-11 13:35:00,2024-07-11 14:45:00,Short,2407.93,2411.59,-7.3200000000006185,SL Hit,2411.59,2,1531.0399999999843,70.0,3.830000000000382,-11.86999999999989
2024-07-11 22:05:00,2024-07-11 22:55:00,Short,2413.84,2413.84,0.0,SL Hit,2413.84,1,1531.0399999999843,50.0,0.19000000000005457,-3.1400000000003274
2024-07-11 23:55:00,2024-07-12 00:10:00,Long,2414.785,2411.2,-7.170000000000073,SL Hit,2411.2,2,1523.8699999999842,15.0,-4.3849999999997635,1.1350000000002183
2024-07-12 05:05:00,2024-07-12 05:45:00,Short,2407.1949999999997,2408.57,-2.7500000000009095,SL Hit,2408.57,2,1521.1199999999833,40.0,2.725000000000364,-1.6549999999997453
2024-07-12 07:35:00,2024-07-12 07:40:00,Short,2403.89,2404.415,-0.525000000000091,SL Hit,2404.415,1,1520.5949999999832,5.0,0.7400000000002365,-0.4800000000000182
2024-07-12 09:50:00,2024-07-12 10:00:00,Short,2404.4,2405.0650000000005,-0.6650000000004184,SL Hit,2405.0650000000005,1,1519.9299999999828,10.0,0.849999999999909,-0.38000000000010914
2024-07-12 17:40:00,2024-07-12 18:05:00,Long,2416.0,2416.0,0.0,SL Hit,2416.0,1,1519.9299999999828,25.0,-0.17000000000007276,2.0599999999999454
2024-07-12 18:50:00,2024-07-14 21:05:00,Short,2413.263333333333,2411.94,3.9699999999984357,SL Hit,2411.94,3,1523.8999999999812,3015.0,1.3466666666672609,-2.8633333333327755
2024-07-14 23:30:00,2024-07-14 23:45:00,Short,2406.3050000000003,2407.13,-1.6499999999996362,SL Hit,2407.13,2,1522.2499999999816,15.0,0.9149999999995089,-1.4050000000002
2024-07-15 01:10:00,2024-07-15 01:20:00,Short,2407.32,2407.32,0.0,SL Hit,2407.32,1,1522.2499999999816,10.0,0.1499999999996362,-2.3099999999999454
2024-07-15 05:45:00,2024-07-15 07:50:00,Short,2406.895,2406.43,0.930000000000291,SL Hit,2406.43,2,1523.1799999999819,125.0,3.6550000000002,-5.5949999999998
2024-07-15 10:15:00,2024-07-15 10:35:00,Long,2411.46,2411.3900000000003,-0.06999999999970896,SL Hit,2411.3900000000003,1,1523.1099999999822,20.0,-0.42000000000007276,2.3299999999999272
2024-07-15 12:25:00,2024-07-15 12:30:00,Short,2417.02,2417.4050000000007,-0.385000000000673,SL Hit,2417.4050000000007,1,1522.7249999999815,5.0,0.5700000000001637,-1.400000000000091
2024-07-15 16:20:00,2024-07-15 16:25:00,Short,2432.12,2432.12,0.0,SL Hit,2432.12,1,1522.7249999999815,5.0,0.3400000000001455,-0.8699999999998909
2024-07-15 19:05:00,2024-07-15 19:10:00,Short,2421.13,2421.13,0.0,SL Hit,2421.13,1,1522.7249999999815,5.0,0.30999999999994543,-0.9500000000002728
2024-07-15 22:10:00,2024-07-15 23:10:00,Short,2421.09,2421.17,-0.15999999999985448,SL Hit,2421.17,2,1522.5649999999816,60.0,0.44000000000005457,-1.3900000000003274
2024-07-15 23:55:00,2024-07-16 00:00:00,Long,2421.1,2421.1,0.0,SL Hit,2421.1,1,1522.5649999999816,5.0,-0.38000000000010914,1.2699999999999818
2024-07-16 00:20:00,2024-07-16 00:25:00,Long,2421.47,2420.7700000000004,-0.6999999999993634,SL Hit,2420.7700000000004,1,1521.8649999999823,5.0,-0.8699999999998909,0.49000000000023647
2024-07-16 00:50:00,2024-07-16 01:00:00,Short,2421.15,2422.5849999999996,-1.4349999999994907,SL Hit,2422.5849999999996,1,1520.4299999999828,10.0,1.5899999999996908,-0.3000000000001819
2024-07-16 01:05:00,2024-07-16 04:05:00,Long,2426.958,2426.72,-1.1900000000014188,SL Hit,2426.72,5,1519.2399999999814,180.0,-4.597999999999956,4.342000000000098
2024-07-16 04:15:00,2024-07-16 04:40:00,Short,2427.03,2427.5199999999995,-0.489999999999327,SL Hit,2427.5199999999995,1,1518.749999999982,25.0,1.2599999999997635,-1.9900000000002365
2024-07-16 07:30:00,2024-07-16 08:05:00,Long,2436.52,2434.81,-3.4200000000000728,SL Hit,2434.81,2,1515.329999999982,35.0,-2.699999999999818,2.619999999999891
2024-07-16 08:15:00,2024-07-16 08:20:00,Short,2435.7,2435.8050000000003,-0.10500000000047294,SL Hit,2435.8050000000003,1,1515.2249999999815,5.0,0.21000000000003638,-0.5199999999999818
2024-07-16 08:45:00,2024-07-16 08:50:00,Short,2435.33,2435.33,0.0,SL Hit,2435.33,1,1515.2249999999815,5.0,0.7000000000002728,-1.3899999999998727
2024-07-16 10:20:00,2024-07-16 10:55:00,Short,2441.56,2441.56,0.0,SL Hit,2441.56,1,1515.2249999999815,35.0,0.13000000000010914,-1.8600000000001273
2024-07-16 11:55:00,2024-07-16 12:05:00,Short,2439.9,2440.669999999999,-0.7699999999990723,SL Hit,2440.669999999999,1,1514.4549999999824,10.0,1.0499999999997272,-0.9600000000000364
2024-07-16 18:30:00,2024-07-16 18:35:00,Short,2462.81,2463.545,-0.7350000000001273,SL Hit,2463.545,1,1513.7199999999823,5.0,1.9800000000000182,-0.2300000000000182
2024-07-16 23:10:00,2024-07-17 04:50:00,Long,2470.4500000000003,2469.67,-2.3400000000006003,SL Hit,2469.67,3,1511.3799999999817,340.0,-2.180000000000291,2.1399999999998727
2024-07-17 07:30:00,2024-07-17 09:20:00,Long,2470.483333333333,2471.62,3.4100000000003092,SL Hit,2471.62,3,1514.789999999982,110.0,-5.873333333332994,8.296666666667079
2024-07-17 11:40:00,2024-07-17 13:30:00,Long,2474.2259999999997,2473.23,-4.979999999998199,SL Hit,2473.23,5,1509.8099999999838,110.0,-5.305999999999585,4.47400000000016
2024-07-17 17:20:00,2024-07-17 17:25:00,Long,2456.66,2455.8549999999996,-0.805000000000291,SL Hit,2455.8549999999996,1,1509.0049999999835,5.0,-0.9800000000000182,1.680000000000291
2024-07-17 17:40:00,2024-07-17 18:10:00,Short,2455.25,2455.25,0.0,SL Hit,2455.25,1,1509.0049999999835,30.0,0.2800000000002001,-4.050000000000182
2024-07-17 18:55:00,2024-07-17 19:30:00,Long,2457.14,2457.14,0.0,SL Hit,2457.14,1,1509.0049999999835,35.0,-0.009999999999763531,3.1100000000001273
2024-07-17 20:00:00,2024-07-17 20:35:00,Short,2457.91,2457.91,0.0,SL Hit,2457.91,1,1509.0049999999835,35.0,0.38000000000010914,-1.5099999999997635
2024-07-17 23:40:00,2024-07-18 00:00:00,Long,2461.1049999999996,2459.92,-2.3699999999989814,SL Hit,2459.92,2,1506.6349999999845,20.0,-2.4349999999994907,0.5450000000005275
2024-07-18 03:40:00,2024-07-18 03:45:00,Long,2467.93,2467.6150000000007,-0.3149999999991451,SL Hit,2467.6150000000007,1,1506.3199999999854,5.0,-1.0799999999999272,0.680000000000291
2024-07-18 08:10:00,2024-07-18 08:20:00,Long,2471.69,2471.69,0.0,SL Hit,2471.69,1,1506.3199999999854,10.0,-0.2300000000000182,1.8899999999998727
2024-07-18 09:20:00,2024-07-18 09:40:00,Short,2466.26,2467.3450000000003,-1.0850000000000364,SL Hit,2467.3450000000003,1,1505.2349999999853,20.0,1.2399999999997817,-1.3700000000003456
2024-07-18 11:25:00,2024-07-18 11:30:00,Short,2464.36,2464.4649999999992,-0.1049999999991087,SL Hit,2464.4649999999992,1,1505.1299999999862,5.0,0.1299999999996544,-1.3200000000001637
2024-07-18 12:05:00,2024-07-18 12:40:00,Long,2465.0600000000004,2465.26,0.3999999999996362,SL Hit,2465.26,2,1505.5299999999859,35.0,-1.2800000000002,3.3499999999994543
2024-07-18 12:45:00,2024-07-18 12:50:00,Long,2463.63,2463.63,0.0,SL Hit,2463.63,1,1505.5299999999859,5.0,-0.9500000000002728,1.1099999999996726
2024-07-18 13:30:00,2024-07-18 13:55:00,Short,2461.9449999999997,2463.94,-3.990000000000691,SL Hit,2463.94,2,1501.5399999999852,25.0,3.105000000000473,-3.674999999999727
2024-07-18 17:00:00,2024-07-18 17:45:00,Short,2456.46,2456.46,0.0,SL Hit,2456.46,1,1501.5399999999852,45.0,0.7899999999999636,-5.150000000000091
2024-07-18 18:35:00,2024-07-18 19:40:00,Short,2447.2349999999997,2443.53,7.409999999998945,SL Hit,2443.53,2,1508.9499999999841,65.0,5.3650000000002365,-6.794999999999618
2024-07-19 03:50:00,2024-07-19 03:55:00,Long,2428.65,2428.65,0.0,SL Hit,2428.65,1,1508.9499999999841,5.0,-0.03000000000020009,0.7999999999997272
2024-07-19 04:00:00,2024-07-19 04:05:00,Long,2428.52,2427.6100000000006,-0.9099999999993997,SL Hit,2427.6100000000006,1,1508.0399999999847,5.0,-1.0199999999999818,0.5199999999999818
2024-07-19 04:30:00,2024-07-19 04:40:00,Short,2425.96,2425.96,0.0,SL Hit,2425.96,1,1508.0399999999847,10.0,0.6199999999998909,-1.6599999999998545
2024-07-19 04:50:00,2024-07-19 05:25:00,Short,2425.64,2425.8499999999995,-0.20999999999958163,SL Hit,2425.8499999999995,1,1507.8299999999851,35.0,0.22000000000025466,-3.6399999999998727
2024-07-19 07:20:00,2024-07-19 08:05:00,Short,2416.885,2418.26,-2.75,SL Hit,2418.26,2,1505.0799999999851,45.0,4.214999999999691,-3.8950000000004366
2024-07-19 09:15:00,2024-07-19 13:40:00,Short,2411.773333333333,2405.36,38.479999999997744,SL Hit,2405.36,6,1543.559999999983,265.0,7.676666666666733,-17.853333333333012
2024-07-19 13:45:00,2024-07-19 14:00:00,Long,2403.18,2400.135,-3.044999999999618,SL Hit,2400.135,1,1540.5149999999833,15.0,-3.1900000000000546,1.9700000000002547
2024-07-19 18:40:00,2024-07-19 19:00:00,Short,2397.76,2400.805,-3.044999999999618,Bullish Trade Reversal,2400.805,1,1537.4699999999837,20.0,1.1899999999995998,-0.45000000000027285
2024-07-19 19:00:00,2024-07-19 19:30:00,Long,2398.49,2397.81,-1.3599999999996726,SL Hit,2397.81,2,1536.109999999984,30.0,-1.3999999999996362,0.8400000000001455
2024-07-19 20:10:00,2024-07-19 20:20:00,Short,2398.88,2399.5099999999993,-0.6299999999991996,SL Hit,2399.5099999999993,1,1535.4799999999848,10.0,0.6799999999998363,-1.0799999999999272
2024-07-21 22:45:00,2024-07-21 23:25:00,Long,2409.7833333333333,2409.07,-2.139999999999418,SL Hit,2409.07,3,1533.3399999999854,40.0,-1.283333333333303,1.666666666666515
2024-07-21 23:50:00,2024-07-22 00:00:00,Long,2411.225,2409.2,-4.050000000000182,SL Hit,2409.2,2,1529.2899999999852,10.0,-2.924999999999727,0.47499999999990905
2024-07-22 00:05:00,2024-07-22 01:15:00,Short,2408.233333333333,2409.14,-2.7200000000002547,SL Hit,2409.14,3,1526.569999999985,70.0,1.796666666667079,-2.2933333333330665
2024-07-22 04:40:00,2024-07-22 04:55:00,Short,2404.665,2405.61,-1.8900000000003274,SL Hit,2405.61,2,1524.6799999999846,15.0,0.974999999999909,-2.2649999999998727
2024-07-22 05:00:00,2024-07-22 05:55:00,Long,2405.9575,2403.8,-8.6299999999992,SL Hit,2403.8,4,1516.0499999999854,55.0,-3.1075000000000728,1.2325000000000728
2024-07-22 06:05:00,2024-07-22 06:35:00,Short,2403.15,2402.98,0.3400000000001455,SL Hit,2402.98,2,1516.3899999999855,30.0,1.5799999999999272,-4.039999999999964
2024-07-22 11:20:00,2024-07-22 13:05:00,Short,2400.396666666667,2399.29,3.320000000001073,SL Hit,2399.29,3,1519.7099999999866,105.0,3.853333333333012,-11.336666666667043
2024-07-22 13:40:00,2024-07-22 15:00:00,Short,2391.8133333333335,2388.89,8.770000000000891,SL Hit,2388.89,3,1528.4799999999875,80.0,5.616666666666333,-7.503333333333558
2024-07-22 16:30:00,2024-07-22 17:55:00,Long,2392.2225,2392.8,2.3100000000013097,SL Hit,2392.8,4,1530.7899999999888,85.0,-4.142499999999927,3.887500000000273
2024-07-22 18:00:00,2024-07-22 18:20:00,Short,2393.5699999999997,2394.01,-0.8800000000010186,SL Hit,2394.01,2,1529.9099999999878,20.0,1.050000000000182,-1.0399999999995089
2024-07-22 20:35:00,2024-07-22 23:45:00,Short,2396.0775,2395.73,1.389999999999418,SL Hit,2395.73,4,1531.2999999999872,190.0,2.1424999999999272,-2.0774999999998727
2024-07-22 23:50:00,2024-07-23 01:55:00,Long,2398.366,2401.5,15.670000000000073,SL Hit,2401.5,5,1546.9699999999873,125.0,-3.8659999999999854,5.403999999999996
2024-07-23 08:25:00,2024-07-23 10:25:00,Long,2401.2566666666667,2405.82,13.69000000000051,SL Hit,2405.82,3,1560.6599999999878,120.0,-2.7066666666664787,6.683333333333394
2024-07-23 11:05:00,2024-07-23 11:35:00,Long,2408.58,2406.54,-4.079999999999927,SL Hit,2406.54,2,1556.5799999999879,30.0,-2.25,3.1399999999998727
2024-07-23 12:45:00,2024-07-23 12:50:00,Long,2408.21,2408.07,-0.13999999999987267,SL Hit,2408.07,1,1556.439999999988,5.0,-1.949999999999818,0.6700000000000728
2024-07-23 13:20:00,2024-07-23 13:30:00,Short,2404.7,2404.7,0.0,SL Hit,2404.7,1,1556.439999999988,10.0,0.21000000000003638,-3.0299999999997453
2024-07-23 16:30:00,2024-07-23 16:40:00,Short,2404.47,2405.0300000000007,-0.5600000000008549,SL Hit,2405.0300000000007,1,1555.8799999999871,10.0,1.8100000000004002,-0.7999999999997272
2024-07-23 17:40:00,2024-07-23 17:50:00,Short,2404.39,2404.495000000001,-0.10500000000092768,SL Hit,2404.495000000001,1,1555.7749999999862,10.0,1.050000000000182,-2.2899999999999636
2024-07-23 18:20:00,2024-07-23 18:25:00,Long,2404.19,2404.19,0.0,SL Hit,2404.19,1,1555.7749999999862,5.0,-0.38999999999987267,0.6700000000000728
2024-07-23 19:00:00,2024-07-23 20:05:00,Long,2406.935,2407.0,0.13000000000010914,SL Hit,2407.0,2,1555.9049999999863,65.0,-1.5650000000000546,1.9949999999998909
2024-07-23 20:10:00,2024-07-23 20:45:00,Short,2408.02,2408.02,0.0,SL Hit,2408.02,1,1555.9049999999863,35.0,0.11000000000012733,-3.2199999999998
2024-07-23 23:55:00,2024-07-24 00:00:00,Short,2408.94,2408.94,0.0,SL Hit,2408.94,1,1555.9049999999863,5.0,0.6199999999998909,-0.6199999999998909
2024-07-24 01:25:00,2024-07-24 01:35:00,Short,2407.67,2408.3699999999994,-0.6999999999993634,SL Hit,2408.3699999999994,1,1555.204999999987,10.0,1.1900000000000546,-2.519999999999982
2024-07-24 03:10:00,2024-07-24 04:20:00,Long,2415.205,2415.05,-0.3099999999994907,SL Hit,2415.05,2,1554.8949999999875,70.0,-1.224999999999909,2.605000000000018
2024-07-24 04:50:00,2024-07-24 05:10:00,Long,2416.14,2416.14,0.0,SL Hit,2416.14,1,1554.8949999999875,20.0,-0.8799999999996544,1.6200000000003456
2024-07-24 08:40:00,2024-07-24 09:00:00,Short,2413.06,2413.06,0.0,SL Hit,2413.06,1,1554.8949999999875,20.0,-0.0,-2.1799999999998363
2024-07-24 09:30:00,2024-07-24 09:40:00,Short,2411.4,2413.03,-3.2600000000002183,SL Hit,2413.03,2,1551.6349999999873,10.0,2.3399999999996908,-1.599999999999909
2024-07-24 11:15:00,2024-07-24 11:35:00,Short,2412.78,2413.829999999999,-1.0499999999988177,SL Hit,2413.829999999999,1,1550.5849999999884,20.0,1.1099999999996726,-2.230000000000018
2024-07-24 12:55:00,2024-07-24 15:40:00,Long,2423.3025000000002,2424.34,4.149999999999636,SL Hit,2424.34,4,1554.734999999988,165.0,-8.952500000000327,8.507499999999709
2024-07-24 16:50:00,2024-07-24 18:30:00,Short,2415.6575,2408.65,28.029999999998836,SL Hit,2408.65,4,1582.764999999987,100.0,5.852500000000418,-9.767499999999927
2024-07-24 19:15:00,2024-07-24 22:55:00,Short,2401.795,2397.1,18.780000000000655,SL Hit,2397.1,4,1601.5449999999876,220.0,6.764999999999873,-8.615000000000236
2024-07-24 23:10:00,2024-07-24 23:55:00,Long,2398.615,2398.7,0.17000000000007276,SL Hit,2398.7,2,1601.7149999999876,45.0,-1.4149999999999636,2.375
2024-07-25 03:20:00,2024-07-25 03:25:00,Short,2370.2,2370.2,0.0,SL Hit,2370.2,1,1601.7149999999876,5.0,0.7899999999999636,-3.1799999999998363
2024-07-25 04:20:00,2024-07-25 05:05:00,Long,2375.705,2374.7,-2.0100000000002183,SL Hit,2374.7,2,1599.7049999999874,45.0,-1.6050000000000182,2.025000000000091
2024-07-25 05:15:00,2024-07-25 05:55:00,Short,2374.82,2375.24,-0.419999999999618,SL Hit,2375.24,1,1599.2849999999878,40.0,1.4299999999998363,-5.570000000000164
2024-07-25 06:40:00,2024-07-25 07:35:00,Short,2372.4049999999997,2375.33,-5.850000000000364,SL Hit,2375.33,2,1593.4349999999874,55.0,4.165000000000418,-6.214999999999691
2024-07-25 08:25:00,2024-07-25 08:45:00,Short,2373.48,2376.874999999999,-3.3949999999990723,SL Hit,2376.874999999999,1,1590.0399999999884,20.0,3.9899999999997817,-1.2800000000002
2024-07-25 13:45:00,2024-07-25 14:50:00,Short,2366.4133333333334,2366.71,-0.8899999999998727,SL Hit,2366.71,3,1589.1499999999885,65.0,4.6266666666665515,-8.233333333333576
2024-07-25 15:55:00,2024-07-25 16:20:00,Short,2363.48,2363.6899999999996,-0.20999999999958163,SL Hit,2363.6899999999996,1,1588.939999999989,25.0,0.21000000000003638,-6.579999999999927
2024-07-25 16:50:00,2024-07-25 17:20:00,Long,2363.205,2360.99,-4.430000000000291,SL Hit,2360.99,2,1584.5099999999886,30.0,-3.505000000000109,1.8150000000000546
2024-07-25 18:30:00,2024-07-25 18:45:00,Long,2358.19,2358.19,0.0,SL Hit,2358.19,1,1584.5099999999886,15.0,-0.5300000000002001,1.9200000000000728
2024-07-25 19:25:00,2024-07-25 22:25:00,Long,2362.263333333333,2363.1,2.5100000000011278,SL Hit,2363.1,3,1587.0199999999897,180.0,-2.923333333332721,3.046666666667079
2024-07-25 22:30:00,2024-07-25 22:35:00,Short,2363.38,2363.5549999999994,-0.1749999999992724,SL Hit,2363.5549999999994,1,1586.8449999999905,5.0,0.34999999999990905,-1.0799999999999272
2024-07-25 22:45:00,2024-07-25 22:50:00,Short,2363.28,2363.28,0.0,SL Hit,2363.28,1,1586.8449999999905,5.0,0.03999999999996362,-0.9800000000000182
2024-07-25 22:55:00,2024-07-25 23:00:00,Short,2363.53,2363.5649999999996,-0.034999999999399733,SL Hit,2363.5649999999996,1,1586.809999999991,5.0,0.4399999999995998,-1.1300000000001091
2024-07-25 23:10:00,2024-07-25 23:35:00,Short,2363.33,2363.33,0.0,SL Hit,2363.33,1,1586.809999999991,25.0,0.30999999999994543,-1.3800000000001091
2024-07-26 03:40:00,2024-07-26 05:25:00,Short,2371.366666666667,2371.53,-0.49000000000023647,SL Hit,2371.53,3,1586.3199999999908,105.0,2.1733333333331757,-4.16666666666697
2024-07-26 06:25:00,2024-07-26 07:00:00,Short,2368.21,2370.4850000000006,-2.2750000000005457,SL Hit,2370.4850000000006,1,1584.0449999999903,35.0,2.4200000000000728,-1.2100000000000364
2024-07-26 08:00:00,2024-07-26 09:20:00,Long,2372.492,2372.18,-1.5600000000017644,SL Hit,2372.18,5,1582.4849999999885,80.0,-3.292000000000371,1.837999999999738
2024-07-26 12:45:00,2024-07-26 13:05:00,Long,2375.52,2375.52,0.0,SL Hit,2375.52,1,1582.4849999999885,20.0,-0.11000000000012733,3.7199999999998
2024-07-26 13:30:00,2024-07-26 14:50:00,Long,2380.6833333333334,2382.63,5.8400000000001455,SL Hit,2382.63,3,1588.3249999999887,80.0,-3.7933333333335213,9.526666666666642
2024-07-28 22:05:00,2024-07-29 01:10:00,Long,2396.674285714286,2397.8,7.880000000000564,SL Hit,2397.8,7,1596.2049999999892,185.0,-9.174285714285816,5.565714285713966
2024-07-29 02:40:00,2024-07-29 02:45:00,Long,2393.13,2392.395,-0.7350000000001273,SL Hit,2392.395,1,1595.469999999989,5.0,-1.6300000000001091,0.8599999999996726
2024-07-29 03:10:00,2024-07-29 03:20:00,Long,2393.97,2392.710000000001,-1.259999999998854,SL Hit,2392.710000000001,1,1594.2099999999903,10.0,-2.369999999999891,0.9900000000002365
2024-07-29 05:20:00,2024-07-29 05:25:00,Long,2394.37,2394.37,0.0,SL Hit,2394.37,1,1594.2099999999903,5.0,-0.8399999999996908,0.4800000000000182
2024-07-29 05:30:00,2024-07-29 06:00:00,Short,2393.79,2394.175,-0.3850000000002183,SL Hit,2394.175,1,1593.82499999999,30.0,0.8099999999999454,-3.1900000000000546
2024-07-29 06:40:00,2024-07-29 06:55:00,Short,2393.02,2393.02,0.0,SL Hit,2393.02,1,1593.82499999999,15.0,0.09999999999990905,-2.099999999999909
2024-07-29 07:00:00,2024-07-29 07:30:00,Short,2391.14,2392.28,-3.4200000000009823,SL Hit,2392.28,3,1590.404999999989,30.0,2.4400000000000546,-1.6299999999996544
2024-07-29 09:40:00,2024-07-29 09:50:00,Short,2391.28,2391.28,0.0,SL Hit,2391.28,1,1590.404999999989,10.0,1.319999999999709,-1.5
2024-07-29 10:10:00,2024-07-29 10:15:00,Long,2392.11,2392.11,0.0,SL Hit,2392.11,1,1590.404999999989,5.0,-0.03000000000020009,1.1199999999998909
2024-07-29 11:40:00,2024-07-29 12:20:00,Short,2389.773333333333,2388.76,3.0399999999985994,SL Hit,2388.76,3,1593.4449999999877,40.0,1.7366666666671335,-4.313333333333048
2024-07-29 13:55:00,2024-07-29 16:30:00,Short,2384.555,2377.76,40.76999999999771,SL Hit,2377.76,6,1634.2149999999854,155.0,9.184999999999945,-14.694999999999709
2024-07-29 16:45:00,2024-07-29 18:05:00,Long,2377.943333333333,2376.9,-3.1299999999991996,SL Hit,2376.9,3,1631.0849999999862,80.0,-1.383333333333212,5.226666666666915
2024-07-30 01:05:00,2024-07-30 01:55:00,Short,2380.2250000000004,2380.56,-0.6699999999991633,SL Hit,2380.56,2,1630.414999999987,50.0,1.8549999999995634,-3.925000000000182
2024-07-30 09:00:00,2024-07-30 09:10:00,Short,2389.34,2389.374999999999,-0.034999999998944986,SL Hit,2389.374999999999,1,1630.379999999988,10.0,0.08999999999969077,-1.5
2024-07-30 10:05:00,2024-07-30 10:15:00,Long,2389.75,2388.875,-0.875,SL Hit,2388.875,1,1629.504999999988,10.0,-1.050000000000182,1.400000000000091
2024-07-30 16:55:00,2024-07-30 22:20:00,Long,2404.878571428572,2408.4,24.649999999997817,SL Hit,2408.4,7,1654.1549999999859,325.0,-10.60857142857185,7.3914285714281505
2024-07-30 22:50:00,2024-07-30 22:55:00,Short,2408.67,2408.9850000000006,-0.3150000000005093,SL Hit,2408.9850000000006,1,1653.8399999999854,5.0,0.6300000000001091,-0.8699999999998909
2024-07-30 23:00:00,2024-07-30 23:25:00,Short,2409.125,2409.44,-0.6300000000001091,SL Hit,2409.44,2,1653.2099999999853,25.0,0.5549999999998363,-0.8249999999998181
2024-07-30 23:45:00,2024-07-30 23:50:00,Long,2409.03,2408.679999999999,-0.3500000000012733,SL Hit,2408.679999999999,1,1652.859999999984,5.0,-0.7300000000000182,0.6999999999998181
2024-07-31 00:15:00,2024-07-31 00:20:00,Short,2408.68,2408.68,0.0,SL Hit,2408.68,1,1652.859999999984,5.0,0.19000000000005457,-0.8799999999996544
2024-07-31 02:55:00,2024-07-31 05:35:00,Long,2414.1766666666663,2418.01,11.500000000001819,SL Hit,2418.01,3,1664.3599999999858,160.0,-7.996666666666442,7.443333333333612
2024-07-31 05:40:00,2024-07-31 05:50:00,Short,2419.21,2419.21,0.0,SL Hit,2419.21,1,1664.3599999999858,10.0,0.32999999999992724,-1.9099999999998545
2024-07-31 07:25:00,2024-07-31 07:45:00,Short,2418.22,2418.22,0.0,SL Hit,2418.22,1,1664.3599999999858,20.0,0.9900000000002365,-2.049999999999727
2024-07-31 07:50:00,2024-07-31 08:40:00,Short,2417.39,2418.07,-2.040000000000873,SL Hit,2418.07,3,1662.319999999985,50.0,1.5700000000001637,-1.9200000000000728
2024-07-31 09:25:00,2024-07-31 09:40:00,Short,2419.43,2420.0950000000003,-0.6650000000004184,SL Hit,2420.0950000000003,1,1661.6549999999845,15.0,0.7699999999999818,-2.0299999999997453
2024-07-31 10:45:00,2024-07-31 11:05:00,Short,2418.81,2420.2449999999994,-1.4349999999994907,SL Hit,2420.2449999999994,1,1660.219999999985,20.0,1.4900000000002365,-1.1100000000001273
2024-07-31 12:05:00,2024-07-31 12:20:00,Short,2418.245,2420.09,-3.6900000000005093,SL Hit,2420.09,2,1656.5299999999845,15.0,2.5350000000003092,-0.8949999999999818
2024-07-31 12:25:00,2024-07-31 13:05:00,Long,2419.58,2419.34,-0.47999999999956344,SL Hit,2419.34,2,1656.049999999985,40.0,-0.9200000000000728,2.8400000000001455
2024-07-31 13:10:00,2024-07-31 13:30:00,Short,2419.72,2422.835000000001,-3.115000000001146,SL Hit,2422.835000000001,1,1652.9349999999838,20.0,3.1700000000000728,-1.7799999999997453
2024-07-31 14:50:00,2024-07-31 14:55:00,Short,2422.33,2422.33,0.0,SL Hit,2422.33,1,1652.9349999999838,5.0,0.15999999999985448,-3.0099999999997635
2024-07-31 16:15:00,2024-07-31 18:00:00,Long,2425.48,2425.75,0.8099999999999454,SL Hit,2425.75,3,1653.7449999999837,105.0,-2.5599999999999454,3.4200000000000728
2024-07-31 20:50:00,2024-07-31 20:55:00,Short,2447.49,2447.49,0.0,SL Hit,2447.49,1,1653.7449999999837,5.0,0.24000000000023647,-1.3999999999996362
2024-08-01 00:40:00,2024-08-01 01:55:00,Long,2451.0499999999997,2452.52,4.410000000000764,SL Hit,2452.52,3,1658.1549999999845,75.0,-4.749999999999545,7.120000000000346
2024-08-01 04:05:00,2024-08-01 04:10:00,Short,2443.33,2443.33,0.0,SL Hit,2443.33,1,1658.1549999999845,5.0,0.5100000000002183,-0.5299999999997453
2024-08-01 07:10:00,2024-08-01 10:05:00,Short,2439.105,2434.73,26.25,SL Hit,2434.73,6,1684.4049999999845,175.0,5.574999999999818,-8.855000000000018
2024-08-01 10:15:00,2024-08-01 14:05:00,Long,2445.085,2449.42,17.340000000000146,SL Hit,2449.42,4,1701.7449999999847,230.0,-11.385000000000218,16.404999999999745
2024-08-01 14:20:00,2024-08-01 16:15:00,Short,2447.038,2446.76,1.3899999999989632,SL Hit,2446.76,5,1703.1349999999836,115.0,5.351999999999862,-4.938000000000102
2024-08-01 16:35:00,2024-08-01 16:50:00,Long,2446.24,2444.49,-1.75,SL Hit,2444.49,1,1701.3849999999836,15.0,-2.2099999999995816,2.350000000000364
2024-08-01 17:35:00,2024-08-01 17:50:00,Short,2438.83,2438.83,0.0,SL Hit,2438.83,1,1701.3849999999836,15.0,0.21000000000003638,-3.0099999999997635
2024-08-01 18:40:00,2024-08-01 18:50:00,Short,2437.28,2437.28,0.0,SL Hit,2437.28,1,1701.3849999999836,10.0,1.25,-1.7900000000004184
2024-08-01 19:20:00,2024-08-01 20:20:00,Long,2441.94,2442.09,0.3000000000001819,SL Hit,2442.09,2,1701.6849999999838,60.0,-1.7300000000000182,1.849999999999909
2024-08-01 20:30:00,2024-08-01 20:40:00,Short,2442.94,2442.94,0.0,SL Hit,2442.94,1,1701.6849999999838,10.0,0.04999999999972715,-0.9500000000002728
2024-08-02 01:05:00,2024-08-02 02:15:00,Short,2449.47,2453.215,-3.7450000000003456,SL Hit,2453.215,1,1697.9399999999835,70.0,5.0,-14.179999999999836
2024-08-02 07:10:00,2024-08-02 08:20:00,Short,2463.0266666666666,2463.6,-1.7199999999998,SL Hit,2463.6,3,1696.2199999999837,70.0,1.4433333333331575,-2.836666666666588
2024-08-02 09:30:00,2024-08-02 09:50:00,Short,2462.1,2463.115,-1.0149999999998727,SL Hit,2463.115,1,1695.2049999999838,20.0,1.099999999999909,-0.8399999999996908
2024-08-02 14:10:00,2024-08-02 14:25:00,Long,2469.74,2467.13,-5.219999999999345,SL Hit,2467.13,2,1689.9849999999844,15.0,-5.709999999999582,4.2400000000002365
2024-08-02 17:10:00,2024-08-02 18:10:00,Short,2429.5550000000003,2430.84,-2.569999999999709,SL Hit,2430.84,2,1687.4149999999847,60.0,1.444999999999709,-6.085000000000491
2024-08-05 05:00:00,2024-08-05 07:15:00,Short,2440.515,2431.48,18.06999999999971,SL Hit,2431.48,2,1705.4849999999844,135.0,11.664999999999964,-18.0949999999998
2024-08-05 09:15:00,2024-08-05 09:20:00,Short,2425.0,2425.0,0.0,SL Hit,2425.0,1,1705.4849999999844,5.0,0.5,-5.5300000000002
2024-08-05 14:05:00,2024-08-05 14:15:00,Long,2389.53,2389.53,0.0,SL Hit,2389.53,1,1705.4849999999844,10.0,-2.519999999999982,4.5
2024-08-05 14:45:00,2024-08-05 16:00:00,Long,2397.835,2402.21,8.75,SL Hit,2402.21,2,1714.2349999999844,75.0,-4.324999999999818,12.764999999999873
2024-08-05 16:05:00,2024-08-05 16:15:00,Short,2403.63,2403.63,0.0,SL Hit,2403.63,1,1714.2349999999844,10.0,1.5499999999997272,-3.9400000000000546
2024-08-05 18:00:00,2024-08-05 18:05:00,Long,2403.8,2403.8,0.0,SL Hit,2403.8,1,1714.2349999999844,5.0,0.0,1.7100000000000364
2024-08-05 18:15:00,2024-08-05 20:00:00,Long,2407.76,2407.15,-1.830000000000382,SL Hit,2407.15,3,1712.404999999984,105.0,-4.0600000000004,4.479999999999563
2024-08-05 20:05:00,2024-08-05 20:30:00,Short,2408.08,2408.08,0.0,SL Hit,2408.08,1,1712.404999999984,25.0,0.7100000000000364,-2.549999999999727
2024-08-05 22:15:00,2024-08-05 22:25:00,Long,2411.69,2410.675,-1.0149999999998727,SL Hit,2410.675,1,1711.3899999999842,10.0,-2.1900000000000546,0.6999999999998181
2024-08-05 23:15:00,2024-08-05 23:20:00,Long,2408.69,2408.69,0.0,SL Hit,2408.69,1,1711.3899999999842,5.0,-0.13999999999987267,1.2100000000000364
2024-08-05 23:35:00,2024-08-06 00:10:00,Short,2408.4,2409.4849999999997,-1.0849999999995816,SL Hit,2409.4849999999997,1,1710.3049999999846,35.0,1.199999999999818,-3.7800000000002
2024-08-06 00:20:00,2024-08-06 01:45:00,Long,2414.0733333333333,2412.36,-5.139999999999418,SL Hit,2412.36,3,1705.1649999999852,85.0,-4.3733333333334485,3.696666666666715
2024-08-06 03:35:00,2024-08-06 03:45:00,Long,2408.61,2407.909999999999,-0.7000000000011823,SL Hit,2407.909999999999,1,1704.464999999984,10.0,-0.7400000000002365,2.199999999999818
2024-08-06 04:40:00,2024-08-06 07:10:00,Short,2406.37,2406.07,1.1999999999989086,SL Hit,2406.07,4,1705.664999999983,150.0,5.150000000000091,-11.409999999999854
2024-08-06 07:25:00,2024-08-06 10:50:00,Long,2410.611111111111,2413.42,25.28000000000293,SL Hit,2413.42,9,1730.9449999999858,205.0,-6.581111111110658,4.688888888889323
2024-08-06 11:20:00,2024-08-06 11:30:00,Short,2410.69,2413.8749999999995,-3.1849999999994907,SL Hit,2413.8749999999995,1,1727.7599999999863,10.0,3.2899999999999636,-0.38999999999987267
2024-08-06 13:50:00,2024-08-06 14:20:00,Long,2396.8199999999997,2392.35,-8.9399999999996,SL Hit,2392.35,2,1718.8199999999867,30.0,-5.099999999999909,5.2400000000002365
2024-08-06 14:25:00,2024-08-06 14:40:00,Short,2392.77,2392.77,0.0,SL Hit,2392.77,1,1718.8199999999867,15.0,0.3000000000001819,-5.869999999999891
2024-08-06 15:05:00,2024-08-06 15:55:00,Short,2385.86,2387.51,-4.950000000000273,SL Hit,2387.51,3,1713.8699999999865,50.0,3.4600000000000364,-4.050000000000182
2024-08-06 16:00:00,2024-08-06 16:05:00,Long,2387.69,2386.709999999999,-0.9800000000009277,SL Hit,2386.709999999999,1,1712.8899999999855,5.0,-1.300000000000182,0.75
2024-08-06 17:55:00,2024-08-06 18:55:00,Long,2392.795,2393.42,2.5,SL Hit,2393.42,4,1715.3899999999855,60.0,-1.4549999999999272,2.775000000000091
2024-08-07 01:05:00,2024-08-07 01:20:00,Long,2385.74,2381.575000000001,-4.164999999998599,SL Hit,2381.575000000001,1,1711.224999999987,15.0,-6.349999999999909,1.5200000000004366
2024-08-07 02:25:00,2024-08-07 03:50:00,Long,2385.18,2385.0,-0.7199999999993452,SL Hit,2385.0,4,1710.5049999999876,85.0,-2.5,3.150000000000091
2024-08-07 05:45:00,2024-08-07 06:25:00,Short,2392.5249999999996,2393.39,-1.730000000000473,SL Hit,2393.39,2,1708.7749999999871,40.0,4.4650000000001455,-3.4549999999994725
2024-08-07 06:30:00,2024-08-07 09:00:00,Short,2394.37,2394.17,0.7999999999992724,SL Hit,2394.17,4,1709.5749999999864,150.0,2.2800000000002,-6.210000000000036
2024-08-07 09:55:00,2024-08-07 11:40:00,Long,2395.7925,2395.64,-0.6100000000005821,SL Hit,2395.64,4,1708.9649999999858,105.0,-2.7424999999998363,2.6774999999997817
2024-08-07 13:45:00,2024-08-07 14:00:00,Short,2401.02,2401.02,0.0,SL Hit,2401.02,1,1708.9649999999858,15.0,0.32999999999992724,-3.300000000000182
2024-08-07 17:25:00,2024-08-07 17:35:00,Short,2393.4,2393.4,0.0,SL Hit,2393.4,1,1708.9649999999858,10.0,0.6100000000001273,-3.099999999999909
2024-08-07 18:35:00,2024-08-07 18:40:00,Short,2387.32,2387.32,0.0,SL Hit,2387.32,1,1708.9649999999858,5.0,0.03999999999996362,-3.1200000000003456
2024-08-07 22:30:00,2024-08-08 00:00:00,Long,2384.09,2384.2,0.4399999999986903,SL Hit,2384.2,4,1709.4049999999845,90.0,-1.7899999999999636,1.6700000000000728
2024-08-08 01:05:00,2024-08-08 01:15:00,Long,2388.11,2388.11,0.0,SL Hit,2388.11,1,1709.4049999999845,10.0,-1.680000000000291,2.569999999999709
2024-08-08 01:20:00,2024-08-08 01:30:00,Long,2387.55,2386.43,-2.240000000000691,SL Hit,2386.43,2,1707.1649999999838,10.0,-1.5300000000002,1.9399999999995998
2024-08-08 01:35:00,2024-08-08 01:40:00,Long,2385.3,2385.3,0.0,SL Hit,2385.3,1,1707.1649999999838,5.0,-0.03000000000020009,1.3899999999998727
2024-08-08 02:30:00,2024-08-08 03:15:00,Long,2389.3366666666666,2388.19,-3.4399999999996,SL Hit,2388.19,3,1703.7249999999842,45.0,-1.7666666666664241,1.3433333333332484
2024-08-08 05:35:00,2024-08-08 06:15:00,Long,2393.77,2392.47,-2.600000000000364,SL Hit,2392.47,2,1701.1249999999839,40.0,-1.4699999999998,1.5700000000001637
2024-08-08 06:25:00,2024-08-08 07:10:00,Long,2398.24,2396.51,-5.18999999999869,SL Hit,2396.51,3,1695.9349999999852,45.0,-3.2199999999998,2.1100000000001273
2024-08-08 07:50:00,2024-08-08 08:25:00,Long,2396.52,2394.3149999999996,-2.205000000000382,SL Hit,2394.3149999999996,1,1693.7299999999848,35.0,-2.269999999999982,1.2699999999999818
2024-08-08 12:25:00,2024-08-08 12:30:00,Long,2412.7,2412.7,0.0,SL Hit,2412.7,1,1693.7299999999848,5.0,-3.6899999999996,1.7899999999999636
2024-08-08 15:00:00,2024-08-08 16:35:00,Long,2415.8733333333334,2419.2,9.979999999999109,SL Hit,2419.2,3,1703.709999999984,95.0,-3.733333333333576,7.506666666666661
2024-08-08 16:40:00,2024-08-08 16:45:00,Short,2419.75,2419.75,0.0,SL Hit,2419.75,1,1703.709999999984,5.0,0.36000000000012733,-1.4200000000000728
2024-08-08 18:10:00,2024-08-08 18:55:00,Long,2424.9966666666664,2423.57,-4.279999999998836,SL Hit,2423.57,3,1699.429999999985,45.0,-2.3966666666665333,0.9933333333333394
2024-08-08 19:00:00,2024-08-08 19:25:00,Short,2423.025,2424.32,-2.5900000000001455,SL Hit,2424.32,2,1696.839999999985,25.0,1.5050000000001091,-0.7950000000000728
2024-08-08 20:10:00,2024-08-08 22:15:00,Long,2424.98,2424.63,-1.0499999999997272,SL Hit,2424.63,3,1695.7899999999852,125.0,-1.5,2.3899999999998727
2024-08-08 23:20:00,2024-08-08 23:35:00,Short,2424.42,2424.42,0.0,SL Hit,2424.42,1,1695.7899999999852,15.0,0.44000000000005457,-1.3800000000001091
2024-08-09 01:10:00,2024-08-09 01:30:00,Short,2421.16,2425.9900000000002,-4.830000000000382,Bullish Trade Reversal,2425.9900000000002,1,1690.9599999999848,20.0,4.100000000000364,-0.9899999999997817
2024-08-09 01:30:00,2024-08-09 02:30:00,Long,2424.853333333333,2424.2,-1.9599999999995816,SL Hit,2424.2,3,1688.9999999999852,60.0,-1.453333333332921,4.016666666666879
2024-08-09 02:35:00,2024-08-09 02:40:00,Short,2424.65,2424.65,0.0,SL Hit,2424.65,1,1688.9999999999852,5.0,0.6300000000001091,-1.5
2024-08-09 03:45:00,2024-08-09 03:50:00,Short,2420.65,2420.894999999999,-0.24499999999898137,SL Hit,2420.894999999999,1,1688.7549999999862,5.0,0.650000000000091,-1.3400000000001455
2024-08-09 03:55:00,2024-08-09 04:10:00,Short,2421.0550000000003,2421.38,-0.6499999999996362,SL Hit,2421.38,2,1688.1049999999866,15.0,0.6449999999995271,-1.855000000000473
2024-08-09 04:15:00,2024-08-09 04:30:00,Short,2421.045,2421.7,-1.3099999999994907,SL Hit,2421.7,2,1686.794999999987,15.0,1.0149999999998727,-0.36500000000023647
2024-08-09 04:35:00,2024-08-09 05:30:00,Long,2421.8433333333332,2421.7,-0.43000000000029104,SL Hit,2421.7,3,1686.3649999999868,55.0,-0.9633333333331393,2.5466666666666242
2024-08-09 07:15:00,2024-08-09 08:25:00,Long,2422.2,2423.16,1.9200000000000728,SL Hit,2423.16,2,1688.284999999987,70.0,-1.2899999999999636,4.3400000000001455
2024-08-09 12:25:00,2024-08-09 13:40:00,Long,2425.455,2423.98,-2.949999999999818,SL Hit,2423.98,2,1685.334999999987,75.0,-2.3049999999998363,7.4050000000002
2024-08-09 16:55:00,2024-08-09 17:40:00,Long,2433.46,2432.7600000000007,-0.6999999999993634,SL Hit,2432.7600000000007,1,1684.6349999999877,45.0,-2.0100000000002183,3.4099999999998545
2024-08-09 20:50:00,2024-08-11 22:00:00,Long,2429.51,2430.27,1.519999999999527,SL Hit,2430.27,2,1686.1549999999872,2950.0,-2.5400000000004184,2.4399999999996
2024-08-11 23:40:00,2024-08-11 23:50:00,Short,2428.175,2429.03,-1.7100000000000364,SL Hit,2429.03,2,1684.4449999999872,10.0,1.1649999999999636,-1.375
2024-08-11 23:55:00,2024-08-12 00:00:00,Long,2427.2,2427.2,0.0,SL Hit,2427.2,1,1684.4449999999872,5.0,-0.29999999999972715,1.150000000000091
2024-08-12 01:00:00,2024-08-12 01:35:00,Long,2428.865,2427.2,-3.3299999999999272,SL Hit,2427.2,2,1681.1149999999873,35.0,-2.544999999999618,1.205000000000382
2024-08-12 02:05:00,2024-08-12 02:10:00,Short,2424.72,2425.210000000001,-0.49000000000114596,SL Hit,2425.210000000001,1,1680.6249999999861,5.0,1.2800000000002,-0.9299999999998363
2024-08-12 03:30:00,2024-08-12 03:35:00,Long,2426.81,2426.3,-1.019999999999527,SL Hit,2426.3,2,1679.6049999999866,5.0,-0.5199999999999818,0.49000000000023647
2024-08-12 06:00:00,2024-08-12 08:25:00,Long,2437.6216666666664,2440.23,15.650000000001455,SL Hit,2440.23,6,1695.254999999988,145.0,-4.511666666666315,5.118333333333339
2024-08-12 08:30:00,2024-08-12 08:40:00,Short,2440.87,2441.1499999999996,-0.27999999999974534,SL Hit,2441.1499999999996,1,1694.9749999999883,10.0,0.3000000000001819,-1.3399999999996908
2024-08-12 09:10:00,2024-08-12 09:45:00,Long,2441.99,2441.63,-1.0799999999990177,SL Hit,2441.63,3,1693.8949999999893,35.0,-1.069999999999709,2.580000000000382
2024-08-12 10:25:00,2024-08-12 10:30:00,Short,2442.68,2442.68,0.0,SL Hit,2442.68,1,1693.8949999999893,5.0,0.7600000000002183,-0.7899999999999636
2024-08-12 10:35:00,2024-08-12 10:40:00,Long,2443.29,2443.29,0.0,SL Hit,2443.29,1,1693.8949999999893,5.0,-0.09000000000014552,1.3600000000001273
2024-08-12 11:35:00,2024-08-12 12:00:00,Short,2441.35,2442.295,-0.9450000000001637,SL Hit,2442.295,1,1692.9499999999891,25.0,1.6900000000000546,-1.6399999999998727
2024-08-12 16:00:00,2024-08-12 17:15:00,Long,2462.6800000000003,2462.6,-0.24000000000114596,SL Hit,2462.6,3,1692.709999999988,75.0,-3.680000000000291,3.099999999999909
2024-08-12 18:20:00,2024-08-12 19:15:00,Long,2469.376666666667,2469.6,0.6699999999987085,SL Hit,2469.6,3,1693.3799999999867,55.0,-1.0866666666670426,1.7733333333330847
2024-08-12 20:30:00,2024-08-12 20:35:00,Long,2471.72,2471.72,0.0,SL Hit,2471.72,1,1693.3799999999867,5.0,-0.15999999999985448,0.40000000000009095
2024-08-12 21:00:00,2024-08-12 22:00:00,Long,2471.67,2471.67,0.0,SL Hit,2471.67,1,1693.3799999999867,60.0,-1.900000000000091,0.21000000000003638
2024-08-12 22:35:00,2024-08-13 00:30:00,Long,2474.013333333333,2473.1,-2.7399999999988722,SL Hit,2473.1,3,1690.6399999999878,115.0,-1.9733333333329028,2.7066666666669335
2024-08-13 04:00:00,2024-08-13 04:40:00,Long,2463.41,2461.9750000000004,-1.4349999999994907,SL Hit,2461.9750000000004,1,1689.2049999999883,40.0,-1.9099999999998545,1.3800000000001091
2024-08-13 04:45:00,2024-08-13 05:35:00,Short,2461.125,2462.23,-2.2100000000000364,SL Hit,2462.23,2,1686.9949999999883,50.0,1.375,-2.724999999999909
2024-08-13 10:20:00,2024-08-13 10:25:00,Long,2461.92,2461.6049999999996,-0.3150000000005093,SL Hit,2461.6049999999996,1,1686.6799999999878,5.0,-0.8099999999999454,1.4299999999998363
2024-08-13 10:50:00,2024-08-13 11:10:00,Short,2462.0,2463.1900000000005,-1.1900000000005093,SL Hit,2463.1900000000005,1,1685.4899999999873,20.0,1.7100000000000364,-1.099999999999909
2024-08-13 12:05:00,2024-08-13 12:25:00,Long,2465.13,2465.13,0.0,SL Hit,2465.13,1,1685.4899999999873,20.0,-0.6300000000001091,1.9800000000000182
2024-08-13 18:20:00,2024-08-13 19:10:00,Short,2467.76,2468.3899999999994,-0.6299999999991996,SL Hit,2468.3899999999994,1,1684.859999999988,50.0,0.9299999999998363,-2.2600000000002183
2024-08-13 19:30:00,2024-08-13 20:15:00,Short,2465.0699999999997,2467.39,-4.640000000000327,SL Hit,2467.39,2,1680.2199999999877,45.0,2.3900000000003274,-2.569999999999709
2024-08-13 22:25:00,2024-08-13 22:40:00,Short,2464.8,2465.4999999999995,-0.6999999999993634,SL Hit,2465.4999999999995,1,1679.5199999999884,15.0,0.7599999999997635,-1.0
2024-08-13 23:10:00,2024-08-14 00:10:00,Short,2465.04,2465.8450000000003,-0.805000000000291,SL Hit,2465.8450000000003,1,1678.714999999988,60.0,0.9800000000000182,-2.0599999999999454
2024-08-14 00:20:00,2024-08-14 00:25:00,Long,2465.17,2465.17,0.0,SL Hit,2465.17,1,1678.714999999988,5.0,-0.07000000000016371,1.1399999999998727
2024-08-14 01:00:00,2024-08-14 01:50:00,Long,2466.835,2465.22,-3.230000000000473,SL Hit,2465.22,2,1675.4849999999876,50.0,-2.3049999999998363,5.154999999999745
2024-08-14 02:00:00,2024-08-14 04:05:00,Short,2461.2349999999997,2461.14,0.37999999999919964,SL Hit,2461.14,4,1675.8649999999868,125.0,3.9650000000001455,-5.3849999999997635
2024-08-14 05:00:00,2024-08-14 05:15:00,Long,2461.82,2461.085,-0.7350000000001273,SL Hit,2461.085,1,1675.1299999999867,15.0,-1.7200000000002547,0.25
2024-08-14 05:20:00,2024-08-14 05:55:00,Short,2460.77,2461.48,-1.4200000000000728,SL Hit,2461.48,2,1673.7099999999866,35.0,1.3899999999998727,-1.5300000000002
2024-08-14 06:20:00,2024-08-14 09:25:00,Long,2468.2925,2473.95,22.6299999999992,SL Hit,2473.95,4,1696.3399999999858,185.0,-5.682499999999891,9.9074999999998
2024-08-14 10:30:00,2024-08-14 10:45:00,Short,2472.31,2473.1500000000005,-0.8400000000006003,SL Hit,2473.1500000000005,1,1695.4999999999852,15.0,1.4400000000000546,-1.2100000000000364
2024-08-14 12:20:00,2024-08-14 12:35:00,Short,2473.62,2474.390000000001,-0.7700000000008913,SL Hit,2474.390000000001,1,1694.7299999999843,15.0,1.5900000000001455,-10.460000000000036
2024-08-14 18:20:00,2024-08-14 22:00:00,Long,2443.0280000000002,2447.61,22.9099999999994,SL Hit,2447.61,5,1717.6399999999837,220.0,-7.41800000000012,5.661999999999807
2024-08-15 01:50:00,2024-08-15 02:10:00,Short,2449.25,2451.3499999999995,-2.0999999999994543,SL Hit,2451.3499999999995,1,1715.5399999999843,20.0,2.769999999999982,-1.75
2024-08-15 02:30:00,2024-08-15 05:15:00,Long,2451.94,2451.47,-1.410000000000764,SL Hit,2451.47,3,1714.1299999999835,165.0,-1.2400000000002365,3.3200000000001637
2024-08-15 05:20:00,2024-08-15 05:55:00,Short,2452.99,2453.340000000001,-0.3500000000012733,SL Hit,2453.340000000001,1,1713.7799999999822,35.0,1.6600000000003092,-2.8899999999998727
2024-08-15 06:00:00,2024-08-15 06:50:00,Long,2454.18,2453.98,-0.3999999999996362,SL Hit,2453.98,2,1713.3799999999826,50.0,-1.5299999999997453,4.440000000000055
2024-08-15 06:55:00,2024-08-15 07:15:00,Short,2455.0550000000003,2455.91,-1.7099999999991269,SL Hit,2455.91,2,1711.6699999999835,20.0,1.0549999999998363,-0.6050000000004729
2024-08-15 07:25:00,2024-08-15 07:30:00,Long,2455.3,2455.3,0.0,SL Hit,2455.3,1,1711.6699999999835,5.0,-0.41000000000030923,1.069999999999709
2024-08-15 07:50:00,2024-08-15 08:15:00,Long,2455.615,2454.5,-2.2299999999995634,SL Hit,2454.5,2,1709.439999999984,25.0,-2.0849999999995816,0.455000000000382
2024-08-15 09:55:00,2024-08-15 12:30:00,Long,2459.338,2460.8,7.309999999999945,SL Hit,2460.8,5,1716.7499999999839,155.0,-3.2380000000002838,10.361999999999625
2024-08-15 17:15:00,2024-08-15 18:05:00,Short,2455.535,2456.19,-1.3100000000004002,SL Hit,2456.19,2,1715.4399999999835,50.0,1.0850000000000364,-2.2349999999996726
2024-08-15 18:25:00,2024-08-15 19:45:00,Long,2456.8999999999996,2456.6,-0.5999999999994543,SL Hit,2456.6,2,1714.839999999984,80.0,-2.039999999999509,4.650000000000546
2024-08-15 20:30:00,2024-08-15 20:35:00,Short,2455.93,2456.805,-0.875,SL Hit,2456.805,1,1713.964999999984,5.0,1.4200000000000728,-0.7699999999999818
2024-08-15 22:45:00,2024-08-15 23:10:00,Short,2454.92,2455.4799999999996,-0.5599999999994907,SL Hit,2455.4799999999996,1,1713.4049999999845,25.0,0.6199999999998909,-0.5
2024-08-15 23:20:00,2024-08-16 00:40:00,Long,2456.32,2456.13,-0.38000000000010914,SL Hit,2456.13,2,1713.0249999999844,80.0,-0.8200000000001637,3.2799999999997453
2024-08-16 02:15:00,2024-08-16 04:30:00,Short,2453.9075000000003,2453.16,2.9900000000016007,SL Hit,2453.16,4,1716.014999999986,135.0,2.382499999999709,-3.5075000000001637
2024-08-16 04:55:00,2024-08-16 05:20:00,Short,2453.12,2453.39,-0.5399999999999636,SL Hit,2453.39,2,1715.474999999986,25.0,0.9800000000000182,-0.5599999999999454
2024-08-16 06:55:00,2024-08-16 07:40:00,Short,2453.52,2454.43,-1.819999999999709,SL Hit,2454.43,2,1713.6549999999863,45.0,1.8299999999999272,-2.0599999999999454
2024-08-16 10:55:00,2024-08-16 14:20:00,Long,2479.528333333333,2484.58,30.3100000000004,SL Hit,2484.58,6,1743.9649999999867,205.0,-15.528333333333194,20.171666666666624
2024-08-16 18:05:00,2024-08-16 18:10:00,Long,2498.97,2498.97,0.0,SL Hit,2498.97,1,1743.9649999999867,5.0,-0.3599999999996726,1.0
2024-08-16 18:30:00,2024-08-18 22:00:00,Long,2503.5879999999997,2506.11,12.610000000001946,SL Hit,2506.11,5,1756.5749999999887,3090.0,-4.977999999999611,5.912000000000262
2024-08-18 22:55:00,2024-08-18 23:10:00,Long,2504.325,2503.3,-2.0499999999992724,SL Hit,2503.3,2,1754.5249999999894,15.0,-1.324999999999818,0.6649999999999636
2024-08-18 23:45:00,2024-08-19 00:20:00,Long,2505.2933333333335,2504.1,-3.5800000000008367,SL Hit,2504.1,3,1750.9449999999886,35.0,-1.5933333333337032,1.3466666666663514
2024-08-19 02:35:00,2024-08-19 04:15:00,Long,2501.5575,2502.28,2.890000000001237,SL Hit,2502.28,4,1753.8349999999898,100.0,-2.417500000000018,3.912499999999909
2024-08-19 04:50:00,2024-08-19 05:25:00,Short,2500.29,2501.0,-1.4200000000000728,SL Hit,2501.0,2,1752.4149999999897,35.0,1.050000000000182,-1.3099999999999454
2024-08-19 05:30:00,2024-08-19 06:20:00,Long,2501.93,2499.81,-4.239999999999782,SL Hit,2499.81,2,1748.17499999999,50.0,-3.4299999999998363,2.5700000000001637
2024-08-19 08:15:00,2024-08-19 08:45:00,Long,2504.77,2503.0550000000007,-1.714999999999236,SL Hit,2503.0550000000007,1,1746.4599999999907,30.0,-2.0099999999997635,1.8600000000001273
2024-08-19 09:15:00,2024-08-19 09:20:00,Short,2502.27,2502.5499999999997,-0.27999999999974534,SL Hit,2502.5499999999997,1,1746.179999999991,5.0,0.6700000000000728,-0.36999999999989086
2024-08-19 12:20:00,2024-08-19 12:30:00,Long,2494.455,2492.39,-4.130000000000109,SL Hit,2492.39,2,1742.0499999999909,10.0,-2.5149999999998727,0.8550000000000182
2024-08-19 12:40:00,2024-08-19 13:30:00,Short,2491.545,2491.99,-0.8899999999994179,SL Hit,2491.99,2,1741.1599999999914,50.0,1.4149999999999636,-4.0349999999998545
2024-08-19 15:15:00,2024-08-19 15:40:00,Long,2503.69,2500.4350000000004,-3.2549999999996544,SL Hit,2500.4350000000004,1,1737.9049999999918,25.0,-3.5100000000002183,1.9200000000000728
2024-08-19 16:35:00,2024-08-19 17:25:00,Long,2504.24,2502.8,-2.8799999999991996,SL Hit,2502.8,2,1735.0249999999926,50.0,-1.8899999999998727,3.0
2024-08-19 18:40:00,2024-08-19 20:10:00,Long,2504.5299999999997,2503.7,-3.319999999999709,SL Hit,2503.7,4,1731.7049999999929,90.0,-1.3599999999996726,1.1200000000003456
2024-08-19 20:40:00,2024-08-19 22:50:00,Short,2503.6,2504.21,-1.830000000000382,SL Hit,2504.21,3,1729.8749999999925,130.0,0.7400000000002365,-1.900000000000091
2024-08-19 23:40:00,2024-08-19 23:55:00,Short,2503.56,2503.5950000000007,-0.035000000000763976,SL Hit,2503.5950000000007,1,1729.8399999999917,15.0,0.07999999999992724,-0.8400000000001455
2024-08-20 07:35:00,2024-08-20 10:50:00,Long,2516.09,2520.86,14.309999999999945,SL Hit,2520.86,3,1744.1499999999917,195.0,-10.990000000000236,8.859999999999673
2024-08-20 17:15:00,2024-08-20 17:45:00,Long,2510.66,2510.04,-1.2399999999997817,SL Hit,2510.04,2,1742.909999999992,30.0,-1.2999999999997272,1.900000000000091
2024-08-20 20:05:00,2024-08-20 20:50:00,Long,2515.31,2515.1,-0.42000000000007276,SL Hit,2515.1,2,1742.4899999999918,45.0,-1.5599999999999454,1.4900000000002365
2024-08-21 00:00:00,2024-08-21 00:25:00,Short,2512.75,2514.885,-2.1350000000002183,SL Hit,2514.885,1,1740.3549999999916,25.0,2.1599999999998545,-0.4499999999998181
2024-08-21 00:35:00,2024-08-21 00:40:00,Long,2514.73,2514.38,-0.34999999999990905,SL Hit,2514.38,1,1740.0049999999917,5.0,-0.650000000000091,0.8299999999999272
2024-08-21 02:35:00,2024-08-21 02:55:00,Short,2518.35,2518.7350000000006,-0.385000000000673,SL Hit,2518.7350000000006,1,1739.619999999991,20.0,0.5,-1.3399999999996908
2024-08-21 04:25:00,2024-08-21 05:35:00,Short,2516.4049999999997,2517.3,-1.7900000000008731,SL Hit,2517.3,2,1737.8299999999902,70.0,1.1850000000004002,-2.5549999999998363
2024-08-21 06:05:00,2024-08-21 06:20:00,Short,2515.43,2516.4100000000008,-0.9800000000009277,SL Hit,2516.4100000000008,1,1736.8499999999892,15.0,2.1600000000003092,-3.9299999999998363
2024-08-21 06:35:00,2024-08-21 06:40:00,Long,2517.33,2515.545000000001,-1.784999999998945,SL Hit,2515.545000000001,1,1735.0649999999903,5.0,-1.819999999999709,1.050000000000182
2024-08-21 10:05:00,2024-08-21 10:25:00,Short,2505.64,2506.6900000000005,-1.0500000000006366,SL Hit,2506.6900000000005,1,1734.0149999999896,20.0,2.050000000000182,-0.36999999999989086
2024-08-21 10:55:00,2024-08-21 11:10:00,Long,2508.87,2506.95,-3.8400000000001455,SL Hit,2506.95,2,1730.1749999999895,15.0,-1.9899999999997817,0.6900000000000546
2024-08-21 11:30:00,2024-08-21 12:30:00,Long,2511.135,2509.99,-2.290000000000873,SL Hit,2509.99,2,1727.8849999999886,60.0,-2.3450000000002547,2.3649999999997817
2024-08-21 13:25:00,2024-08-21 14:10:00,Short,2502.63,2503.16,-1.0599999999994907,SL Hit,2503.16,2,1726.8249999999891,45.0,5.210000000000036,-7.579999999999927
2024-08-21 15:10:00,2024-08-21 15:15:00,Long,2504.32,2503.8999999999987,-0.420000000001437,SL Hit,2503.8999999999987,1,1726.4049999999877,5.0,-0.5300000000002001,2.1099999999996726
2024-08-21 17:05:00,2024-08-21 19:20:00,Long,2510.1100000000006,2511.41,5.19999999999709,SL Hit,2511.41,4,1731.6049999999848,135.0,-2.5000000000004547,8.819999999999254
2024-08-21 19:35:00,2024-08-21 19:55:00,Long,2512.99,2511.835,-1.1549999999997453,SL Hit,2511.835,1,1730.449999999985,20.0,-1.8899999999998727,2.400000000000091
2024-08-21 20:05:00,2024-08-21 20:20:00,Short,2510.92,2511.6899999999996,-0.7699999999995271,SL Hit,2511.6899999999996,1,1729.6799999999855,15.0,0.9099999999998545,-1.2200000000002547
2024-08-22 04:05:00,2024-08-22 04:40:00,Short,2501.64,2501.64,0.0,SL Hit,2501.64,1,1729.6799999999855,35.0,0.12000000000034561,-2.049999999999727
2024-08-22 05:00:00,2024-08-22 05:05:00,Long,2501.83,2501.5149999999994,-0.3150000000005093,SL Hit,2501.5149999999994,1,1729.364999999985,5.0,-0.75,0.5900000000001455
2024-08-22 05:45:00,2024-08-22 05:50:00,Short,2501.71,2502.5499999999993,-0.839999999999236,SL Hit,2502.5499999999993,1,1728.5249999999858,5.0,2.6799999999998363,-1.5100000000002183
2024-08-22 08:50:00,2024-08-22 08:55:00,Short,2503.71,2503.71,0.0,SL Hit,2503.71,1,1728.5249999999858,5.0,0.17000000000007276,-0.7899999999999636
2024-08-22 10:30:00,2024-08-22 10:40:00,Long,2507.94,2507.205,-0.7350000000001273,SL Hit,2507.205,1,1727.7899999999856,10.0,-0.8400000000001455,0.9400000000000546
2024-08-22 13:20:00,2024-08-22 14:45:00,Short,2485.433333333333,2478.22,21.639999999999418,SL Hit,2478.22,3,1749.429999999985,85.0,11.736666666667134,-14.30333333333283
2024-08-22 17:20:00,2024-08-22 17:30:00,Short,2481.83,2482.1450000000004,-0.3150000000005093,SL Hit,2482.1450000000004,1,1749.1149999999845,10.0,1.2699999999999818,-1.650000000000091
2024-08-22 20:10:00,2024-08-22 22:05:00,Long,2483.575,2483.64,0.13000000000010914,SL Hit,2483.64,2,1749.2449999999847,115.0,-0.9049999999997453,1.3850000000002183
2024-08-22 23:35:00,2024-08-23 01:30:00,Long,2488.0033333333336,2488.62,1.8499999999989996,SL Hit,2488.62,3,1751.0949999999837,115.0,-2.433333333333394,3.816666666666606
2024-08-23 05:05:00,2024-08-23 05:40:00,Long,2493.7,2493.3500000000004,-0.3499999999994543,SL Hit,2493.3500000000004,1,1750.7449999999842,35.0,-1.3899999999998727,1.8500000000003638
2024-08-23 06:35:00,2024-08-23 10:00:00,Long,2495.875,2498.1,8.899999999999636,SL Hit,2498.1,4,1759.6449999999838,205.0,-4.085000000000036,5.724999999999909
2024-08-23 17:00:00,2024-08-23 17:50:00,Long,2511.545,2510.17,-2.75,SL Hit,2510.17,2,1756.8949999999838,50.0,-1.8450000000002547,1.6050000000000182
2024-08-23 17:55:00,2024-08-23 18:05:00,Short,2510.97,2510.97,0.0,SL Hit,2510.97,1,1756.8949999999838,10.0,0.15000000000009095,-1.7300000000000182
2024-08-23 20:45:00,2024-08-25 22:20:00,Long,2512.2166666666667,2511.2,-3.0500000000006366,SL Hit,2511.2,3,1753.8449999999832,2975.0,-1.8866666666667697,2.163333333333412
2024-08-26 00:45:00,2024-08-26 01:25:00,Short,2513.94,2515.19,-2.5,SL Hit,2515.19,2,1751.3449999999832,40.0,1.25,-1.5399999999999636
2024-08-26 03:35:00,2024-08-26 05:05:00,Short,2510.0133333333333,2509.99,0.07000000000061846,SL Hit,2509.99,3,1751.4149999999838,90.0,1.4466666666667152,-1.4133333333334122
2024-08-26 06:25:00,2024-08-26 10:30:00,Long,2522.096,2522.84,3.7200000000007094,SL Hit,2522.84,5,1755.1349999999845,245.0,-11.715999999999894,4.44399999999996
2024-08-26 15:00:00,2024-08-26 16:45:00,Short,2515.84,2517.16,-2.639999999999418,SL Hit,2517.16,2,1752.494999999985,105.0,2.2199999999998,-4.210000000000036
2024-08-26 23:05:00,2024-08-26 23:10:00,Short,2517.04,2517.25,-0.21000000000003638,SL Hit,2517.25,1,1752.284999999985,5.0,0.38000000000010914,-0.13999999999987267
2024-08-26 23:30:00,2024-08-27 02:35:00,Short,2513.567142857143,2507.45,42.82000000000335,SL Hit,2507.45,7,1795.1049999999884,185.0,3.772857142856992,-7.7671428571429715
2024-08-27 04:40:00,2024-08-27 05:05:00,Short,2507.51,2507.754999999999,-0.24499999999898137,SL Hit,2507.754999999999,1,1794.8599999999894,25.0,0.9399999999995998,-1.0
2024-08-27 05:15:00,2024-08-27 06:40:00,Long,2511.6,2513.71,4.220000000000255,SL Hit,2513.71,2,1799.0799999999897,85.0,-3.230000000000018,5.5300000000002
2024-08-27 07:15:00,2024-08-27 07:20:00,Long,2514.68,2514.33,-0.34999999999990905,SL Hit,2514.33,1,1798.7299999999898,5.0,-2.199999999999818,0.6600000000003092
2024-08-27 07:25:00,2024-08-27 09:05:00,Short,2511.5933333333337,2512.02,-1.2799999999988358,SL Hit,2512.02,3,1797.449999999991,100.0,2.3066666666663878,-7.583333333333485
2024-08-27 11:15:00,2024-08-27 12:30:00,Long,2510.71,2510.25,-0.9200000000000728,SL Hit,2510.25,2,1796.5299999999909,75.0,-2.9700000000002547,3.300000000000182
2024-08-27 15:05:00,2024-08-27 15:10:00,Short,2516.32,2516.32,0.0,SL Hit,2516.32,1,1796.5299999999909,5.0,0.11999999999989086,-0.9600000000000364
2024-08-27 18:05:00,2024-08-27 18:10:00,Long,2520.52,2520.52,0.0,SL Hit,2520.52,1,1796.5299999999909,5.0,-1.2199999999998,0.7899999999999636
2024-08-27 18:15:00,2024-08-27 20:55:00,Long,2523.7799999999997,2524.0,1.5400000000017826,SL Hit,2524.0,7,1798.0699999999927,160.0,-3.1599999999998545,1.930000000000291
2024-08-28 00:10:00,2024-08-28 07:00:00,Short,2515.2262499999997,2508.63,52.7699999999968,SL Hit,2508.63,8,1850.8399999999895,410.0,10.363750000000437,-11.336249999999836
2024-08-28 09:05:00,2024-08-28 10:10:00,Long,2509.23,2508.06,-2.3400000000001455,SL Hit,2508.06,2,1848.4999999999893,65.0,-2.3600000000001273,2.050000000000182
2024-08-28 10:35:00,2024-08-28 13:10:00,Short,2503.7425,2503.81,-0.27000000000043656,SL Hit,2503.81,4,1848.2299999999889,155.0,3.287500000000364,-9.702499999999873
2024-08-28 14:05:00,2024-08-28 14:45:00,Long,2505.22,2504.89,-0.6599999999998545,SL Hit,2504.89,2,1847.569999999989,40.0,-1.0299999999997453,3.5400000000004184
2024-08-28 16:10:00,2024-08-28 17:25:00,Short,2503.0533333333333,2503.09,-0.11000000000058208,SL Hit,2503.09,3,1847.4599999999884,75.0,3.0266666666666424,-6.61333333333323
2024-08-28 19:55:00,2024-08-28 20:20:00,Short,2507.6549999999997,2508.25,-1.1900000000005093,SL Hit,2508.25,2,1846.269999999988,25.0,0.6850000000004002,-0.5849999999995816
2024-08-28 22:05:00,2024-08-28 22:10:00,Short,2505.1,2506.1500000000005,-1.0500000000006366,Bullish Trade Reversal,2506.1500000000005,1,1845.2199999999873,5.0,0.3000000000001819,-10.599999999999909
2024-08-28 22:10:00,2024-08-28 23:05:00,Long,2505.353333333333,2505.84,1.4600000000014006,SL Hit,2505.84,3,1846.6799999999887,55.0,-10.853333333333012,3.2366666666671335
2024-08-28 23:10:00,2024-08-28 23:30:00,Short,2507.36,2507.5,-0.13999999999987267,SL Hit,2507.5,1,1846.5399999999888,20.0,0.1799999999998363,-1.0599999999999454
2024-08-29 05:00:00,2024-08-29 05:15:00,Short,2515.7,2515.7,0.0,SL Hit,2515.7,1,1846.5399999999888,15.0,0.12000000000034561,-1.8299999999999272
2024-08-29 07:40:00,2024-08-29 07:55:00,Short,2515.81,2518.155,-2.3450000000002547,SL Hit,2518.155,1,1844.1949999999886,15.0,2.950000000000273,-0.4899999999997817
2024-08-29 11:45:00,2024-08-29 13:40:00,Short,2517.4166666666665,2514.19,9.679999999999382,SL Hit,2514.19,3,1853.874999999988,115.0,4.703333333333376,-13.47666666666646
2024-08-29 13:50:00,2024-08-29 16:05:00,Long,2517.9133333333334,2518.71,2.3899999999998727,SL Hit,2518.71,3,1856.2649999999878,135.0,-3.9933333333333394,7.146666666666533
2024-08-29 16:20:00,2024-08-29 17:40:00,Long,2523.8450000000003,2525.9,8.219999999999345,SL Hit,2525.9,4,1864.4849999999872,80.0,-2.1450000000004366,4.6349999999997635
2024-08-29 18:40:00,2024-08-29 18:50:00,Long,2522.85,2520.995000000001,-1.8549999999991087,SL Hit,2520.995000000001,1,1862.629999999988,10.0,-2.25,0.9100000000003092
2024-08-29 20:40:00,2024-08-29 20:45:00,Short,2521.89,2521.89,0.0,SL Hit,2521.89,1,1862.629999999988,5.0,0.11000000000012733,-0.75
2024-08-29 23:00:00,2024-08-30 01:20:00,Short,2518.888,2517.82,5.339999999998781,SL Hit,2517.82,5,1867.9699999999868,140.0,1.8020000000001346,-3.7480000000000473
2024-08-30 02:25:00,2024-08-30 02:35:00,Short,2515.735,2516.25,-1.0299999999997453,SL Hit,2516.25,2,1866.939999999987,10.0,1.275000000000091,-0.3949999999999818
2024-08-30 05:25:00,2024-08-30 05:45:00,Long,2514.2799999999997,2513.31,-1.9399999999995998,SL Hit,2513.31,2,1864.9999999999875,20.0,-1.7099999999995816,1.7200000000002547
2024-08-30 10:00:00,2024-08-30 11:40:00,Short,2522.2400000000002,2521.31,2.790000000000873,SL Hit,2521.31,3,1867.7899999999884,100.0,2.2899999999999636,-7.290000000000418
2024-08-30 12:40:00,2024-08-30 13:40:00,Short,2517.3866666666668,2517.56,-0.5199999999995271,SL Hit,2517.56,3,1867.2699999999888,60.0,4.633333333333212,-4.216666666666697
2024-08-30 13:50:00,2024-08-30 13:55:00,Long,2515.2,2515.2,0.0,SL Hit,2515.2,1,1867.2699999999888,5.0,-0.169999999999618,2.300000000000182
2024-08-30 14:10:00,2024-08-30 17:55:00,Short,2507.441666666667,2499.23,49.270000000002256,SL Hit,2499.23,6,1916.539999999991,225.0,10.718333333332794,-12.651666666667097
2024-08-30 19:00:00,2024-08-30 19:35:00,Short,2502.15,2502.15,0.0,SL Hit,2502.15,1,1916.539999999991,35.0,-0.0,-3.950000000000273
2024-09-01 22:55:00,2024-09-02 00:30:00,Short,2502.6133333333332,2503.43,-2.449999999999818,SL Hit,2503.43,3,1914.0899999999913,95.0,1.1066666666665697,-1.7133333333331393
2024-09-02 02:35:00,2024-09-02 03:10:00,Short,2492.64,2492.69,-0.1000000000003638,SL Hit,2492.69,2,1913.989999999991,35.0,0.6600000000003092,-2.400000000000091
2024-09-02 04:35:00,2024-09-02 04:40:00,Short,2497.12,2497.2599999999998,-0.13999999999987267,SL Hit,2497.2599999999998,1,1913.849999999991,5.0,0.41000000000030923,-0.5899999999996908
2024-09-02 05:30:00,2024-09-02 05:35:00,Short,2496.27,2496.27,0.0,SL Hit,2496.27,1,1913.849999999991,5.0,0.5900000000001455,-0.9899999999997817
2024-09-02 06:05:00,2024-09-02 06:55:00,Long,2498.0299999999997,2497.38,-1.2999999999992724,SL Hit,2497.38,2,1912.5499999999918,50.0,-1.4799999999995634,3.0200000000004366
2024-09-02 10:55:00,2024-09-02 11:50:00,Short,2498.895,2499.8,-1.8100000000004002,SL Hit,2499.8,2,1910.7399999999914,55.0,1.1449999999999818,-1.7449999999998909
2024-09-02 15:50:00,2024-09-02 15:55:00,Short,2500.79,2500.8950000000004,-0.10500000000047294,SL Hit,2500.8950000000004,1,1910.634999999991,5.0,0.36000000000012733,-0.25
2024-09-02 16:05:00,2024-09-02 16:15:00,Long,2501.44,2500.669999999999,-0.7700000000008913,SL Hit,2500.669999999999,1,1909.86499999999,10.0,-0.8800000000001091,0.19000000000005457
2024-09-02 17:50:00,2024-09-02 18:00:00,Short,2499.7,2499.7,0.0,SL Hit,2499.7,1,1909.86499999999,10.0,0.07000000000016371,-1.0099999999997635
2024-09-02 22:50:00,2024-09-02 22:55:00,Short,2497.83,2497.83,0.0,SL Hit,2497.83,1,1909.86499999999,5.0,0.11000000000012733,-0.25
2024-09-03 00:35:00,2024-09-03 02:40:00,Short,2495.02,2495.33,-0.6199999999998909,SL Hit,2495.33,2,1909.2449999999901,125.0,1.25,-4.900000000000091
2024-09-03 03:35:00,2024-09-03 04:20:00,Short,2494.82,2495.5550000000003,-0.7350000000001273,SL Hit,2495.5550000000003,1,1908.50999999999,45.0,0.9800000000000182,-1.8200000000001637
2024-09-03 05:05:00,2024-09-03 06:15:00,Short,2494.5733333333333,2495.52,-2.8400000000001455,SL Hit,2495.52,3,1905.6699999999898,70.0,1.6866666666669516,-1.8633333333332303
2024-09-03 06:50:00,2024-09-03 09:50:00,Long,2500.25,2502.11,7.440000000000509,SL Hit,2502.11,4,1913.1099999999904,180.0,-4.170000000000073,5.7199999999998
2024-09-03 13:30:00,2024-09-03 15:25:00,Short,2483.124,2481.68,7.2199999999998,SL Hit,2481.68,5,1920.3299999999902,115.0,10.006000000000313,-9.023999999999887
2024-09-04 00:40:00,2024-09-04 00:45:00,Short,2493.4,2493.7149999999992,-0.3149999999991451,SL Hit,2493.7149999999992,1,1920.014999999991,5.0,0.5599999999999454,-1.0700000000001637
2024-09-04 00:50:00,2024-09-04 01:30:00,Short,2493.02,2493.96,-1.8800000000001091,SL Hit,2493.96,2,1918.134999999991,40.0,0.9800000000000182,-1.7100000000000364
2024-09-04 01:35:00,2024-09-04 03:25:00,Long,2493.8075,2494.51,2.8100000000013097,SL Hit,2494.51,4,1920.9449999999922,110.0,-1.7174999999997453,2.912499999999909
2024-09-04 07:50:00,2024-09-04 07:55:00,Short,2484.65,2484.65,0.0,SL Hit,2484.65,1,1920.9449999999922,5.0,0.009999999999763531,-2.5700000000001637
2024-09-04 14:05:00,2024-09-04 14:40:00,Short,2493.4700000000003,2498.39,-9.839999999999236,SL Hit,2498.39,2,1911.104999999993,35.0,5.519999999999527,-4.7800000000002
2024-09-04 14:45:00,2024-09-04 15:30:00,Long,2497.225,2494.17,-6.109999999999673,SL Hit,2494.17,2,1904.9949999999933,45.0,-3.3449999999998,2.6150000000002365
2024-09-04 16:30:00,2024-09-04 16:45:00,Long,2496.185,2495.47,-1.430000000000291,SL Hit,2495.47,2,1903.564999999993,15.0,-0.8350000000000364,1.5950000000002547
2024-09-04 18:30:00,2024-09-04 18:50:00,Short,2492.985,2494.33,-2.6899999999996,SL Hit,2494.33,2,1900.8749999999934,20.0,1.6649999999999636,-0.3350000000000364
2024-09-04 20:10:00,2024-09-04 20:15:00,Long,2494.45,2494.31,-0.13999999999987267,SL Hit,2494.31,1,1900.7349999999935,5.0,-0.4699999999997999,0.2800000000002001
2024-09-05 01:15:00,2024-09-05 03:10:00,Long,2497.125,2496.7,-1.7000000000007276,SL Hit,2496.7,4,1899.0349999999928,115.0,-1.574999999999818,1.925000000000182
2024-09-05 03:15:00,2024-09-05 05:05:00,Short,2495.263333333334,2494.84,1.2700000000008913,SL Hit,2494.84,3,1900.3049999999937,110.0,1.5966666666663514,-2.363333333333685
2024-09-05 05:20:00,2024-09-05 07:50:00,Long,2501.6099999999997,2505.25,18.200000000001637,SL Hit,2505.25,5,1918.5049999999953,150.0,-7.119999999999891,5.330000000000382
2024-09-05 08:05:00,2024-09-05 10:00:00,Long,2509.6966666666667,2515.27,16.7199999999998,SL Hit,2515.27,3,1935.2249999999951,115.0,-3.696666666666715,7.493333333333339
2024-09-05 12:20:00,2024-09-05 13:05:00,Long,2517.925,2514.21,-7.430000000000291,SL Hit,2514.21,2,1927.7949999999948,45.0,-3.9350000000004,4.8449999999998
2024-09-05 13:10:00,2024-09-05 13:15:00,Short,2514.74,2514.74,0.0,SL Hit,2514.74,1,1927.7949999999948,5.0,2.7600000000002183,-1.6499999999996362
2024-09-05 15:15:00,2024-09-05 15:35:00,Short,2508.25,2508.25,0.0,SL Hit,2508.25,1,1927.7949999999948,20.0,2.5100000000002183,-2.8099999999999454
2024-09-05 19:00:00,2024-09-05 20:25:00,Short,2515.1133333333332,2515.61,-1.4900000000006912,SL Hit,2515.61,3,1926.3049999999942,85.0,0.7666666666668789,-1.4133333333334122
2024-09-05 22:05:00,2024-09-05 22:10:00,Long,2516.14,2516.14,0.0,SL Hit,2516.14,1,1926.3049999999942,5.0,-0.009999999999763531,0.30999999999994543
2024-09-05 23:55:00,2024-09-06 00:05:00,Long,2517.2200000000003,2517.03,-0.38000000000010914,SL Hit,2517.03,2,1925.924999999994,10.0,-0.6000000000003638,0.2899999999999636
2024-09-06 00:10:00,2024-09-06 02:20:00,Short,2515.693333333333,2515.64,0.15999999999985448,SL Hit,2515.64,3,1926.084999999994,130.0,1.5566666666668425,-2.733333333333121
2024-09-06 03:20:00,2024-09-06 03:25:00,Long,2517.34,2516.8149999999996,-0.5250000000005457,SL Hit,2516.8149999999996,1,1925.5599999999934,5.0,-1.0399999999999636,0.5799999999999272
2024-09-06 03:30:00,2024-09-06 03:35:00,Short,2517.25,2517.25,0.0,SL Hit,2517.25,1,1925.5599999999934,5.0,0.11000000000012733,-0.38999999999987267
2024-09-06 04:35:00,2024-09-06 04:40:00,Long,2518.57,2518.4649999999992,-0.10500000000092768,SL Hit,2518.4649999999992,1,1925.4549999999924,5.0,-0.6700000000000728,0.5299999999997453
2024-09-06 04:45:00,2024-09-06 04:50:00,Long,2517.2,2517.2,0.0,Bearish Trade Reversal,2517.2,1,1925.4549999999924,5.0,0.0,1.580000000000382
2024-09-06 04:50:00,2024-09-06 05:05:00,Short,2518.66,2519.080000000001,-0.42000000000098225,SL Hit,2519.080000000001,1,1925.0349999999914,15.0,1.5300000000002,-1.2599999999997635
2024-09-06 05:55:00,2024-09-06 06:00:00,Long,2519.53,2517.569999999999,-1.9600000000014006,Bearish Trade Reversal,2517.569999999999,1,1923.07499999999,5.0,-0.7800000000002001,0.5
2024-09-06 06:00:00,2024-09-06 06:15:00,Short,2519.87,2519.87,0.0,SL Hit,2519.87,1,1923.07499999999,15.0,0.7400000000002365,-1.2399999999997817
2024-09-06 07:50:00,2024-09-06 08:50:00,Short,2517.2875000000004,2517.92,-2.529999999998836,SL Hit,2517.92,4,1920.5449999999912,60.0,1.9024999999996908,-1.5975000000003092
2024-09-06 09:10:00,2024-09-06 09:15:00,Short,2516.97,2520.680000000001,-3.7100000000014006,Bullish Trade Reversal,2520.680000000001,1,1916.8349999999898,5.0,1.0600000000004002,-0.1799999999998363
2024-09-06 09:15:00,2024-09-06 10:35:00,Long,2517.4266666666667,2517.34,-0.25999999999976353,SL Hit,2517.34,3,1916.57499999999,80.0,-0.6366666666667697,2.233333333333121
2024-09-06 11:15:00,2024-09-06 11:30:00,Long,2519.25,2518.31,-1.8800000000001091,SL Hit,2518.31,2,1914.69499999999,15.0,-1.3800000000001091,0.8299999999999272
2024-09-06 18:40:00,2024-09-06 18:45:00,Short,2494.29,2494.29,0.0,SL Hit,2494.29,1,1914.69499999999,5.0,0.30999999999994543,-0.900000000000091
2024-09-06 19:20:00,2024-09-06 19:25:00,Short,2494.27,2497.035,-2.7649999999998727,Bullish Trade Reversal,2497.035,1,1911.92999999999,5.0,0.7899999999999636,-0.8699999999998909
2024-09-06 19:25:00,2024-09-08 22:15:00,Long,2495.353333333333,2495.6,0.7400000000006912,SL Hit,2495.6,3,1912.6699999999908,3050.0,-1.953333333332921,2.376666666667006
2024-09-08 23:00:00,2024-09-08 23:10:00,Long,2496.9,2496.9,0.0,SL Hit,2496.9,1,1912.6699999999908,10.0,-0.3000000000001819,1.1599999999998545
2024-09-08 23:30:00,2024-09-09 00:00:00,Short,2496.205,2496.79,-1.1700000000000728,SL Hit,2496.79,2,1911.4999999999907,30.0,1.7449999999998909,-1.5050000000001091
2024-09-09 01:15:00,2024-09-09 02:55:00,Long,2497.646,2497.1,-2.7300000000013824,SL Hit,2497.1,5,1908.7699999999893,100.0,-1.8760000000002037,1.3239999999996144
2024-09-09 04:10:00,2024-09-09 04:30:00,Long,2498.625,2498.3,-0.6499999999996362,SL Hit,2498.3,2,1908.1199999999897,20.0,-0.5749999999998181,0.375
2024-09-09 09:45:00,2024-09-09 10:15:00,Long,2495.86,2495.615,-0.2450000000003456,SL Hit,2495.615,1,1907.8749999999893,30.0,-1.4200000000000728,3.1799999999998363
2024-09-09 19:50:00,2024-09-09 20:30:00,Long,2504.895,2505.25,0.7100000000000364,SL Hit,2505.25,2,1908.5849999999893,40.0,-0.3049999999998363,1.1849999999999454
2024-09-10 02:40:00,2024-09-10 03:25:00,Long,2502.983333333333,2502.74,-0.7300000000000182,SL Hit,2502.74,3,1907.8549999999893,45.0,-1.0433333333330665,1.2266666666669153
2024-09-10 03:30:00,2024-09-10 05:10:00,Short,2502.2766666666666,2502.08,0.5900000000001455,SL Hit,2502.08,3,1908.4449999999895,100.0,1.1233333333334485,-1.5866666666665878
2024-09-10 05:55:00,2024-09-10 07:00:00,Long,2504.016666666667,2503.69,-0.9800000000004729,SL Hit,2503.69,3,1907.464999999989,65.0,-0.646666666666988,2.3933333333329756
2024-09-10 07:25:00,2024-09-10 07:50:00,Long,2504.38,2504.38,0.0,SL Hit,2504.38,1,1907.464999999989,25.0,-0.49000000000023647,2.7399999999997817
2024-09-10 08:00:00,2024-09-10 09:30:00,Short,2502.0,2502.59,-1.7700000000004366,SL Hit,2502.59,3,1905.6949999999886,90.0,1.2899999999999636,-2.0900000000001455
2024-09-10 11:25:00,2024-09-10 12:00:00,Short,2505.46,2505.705000000001,-0.24500000000080036,SL Hit,2505.705000000001,1,1905.4499999999878,35.0,0.38000000000010914,-1.6599999999998545
2024-09-10 12:30:00,2024-09-10 14:00:00,Long,2507.12,2505.37,-1.75,SL Hit,2505.37,1,1903.6999999999878,90.0,-1.8699999999998909,7.8400000000001455
2024-09-10 18:25:00,2024-09-10 19:35:00,Long,2514.5550000000003,2514.33,-0.4500000000007276,SL Hit,2514.33,2,1903.249999999987,70.0,-1.355000000000473,2.4349999999994907
2024-09-10 22:30:00,2024-09-10 22:40:00,Long,2516.52,2514.3500000000004,-2.169999999999618,Bearish Trade Reversal,2514.3500000000004,1,1901.0799999999874,10.0,-1.2199999999998,0.17000000000007276
2024-09-10 22:40:00,2024-09-10 23:00:00,Short,2516.55,2516.55,0.0,SL Hit,2516.55,1,1901.0799999999874,20.0,0.4600000000000364,-0.47000000000025466
2024-09-10 23:45:00,2024-09-11 00:50:00,Long,2517.766666666667,2516.9,-2.600000000000364,SL Hit,2516.9,3,1898.479999999987,65.0,-1.4266666666667334,1.2333333333331211
2024-09-11 00:55:00,2024-09-11 01:25:00,Short,2516.91,2517.4350000000004,-0.5250000000005457,SL Hit,2517.4350000000004,1,1897.9549999999865,30.0,0.900000000000091,-1.9800000000000182
2024-09-11 06:05:00,2024-09-11 07:35:00,Long,2524.22,2524.63,1.2300000000009277,SL Hit,2524.63,3,1899.1849999999874,90.0,-3.2099999999995816,3.8100000000004
2024-09-11 09:35:00,2024-09-11 10:55:00,Short,2523.37,2522.32,3.1499999999991815,SL Hit,2522.32,3,1902.3349999999866,80.0,0.8299999999999272,-3.549999999999727
2024-09-11 11:05:00,2024-09-11 11:10:00,Long,2521.66,2521.66,0.0,SL Hit,2521.66,1,1902.3349999999866,5.0,-0.1999999999998181,0.5399999999999636
2024-09-11 11:55:00,2024-09-11 12:00:00,Long,2522.12,2521.63,-0.4899999999997817,SL Hit,2521.63,1,1901.8449999999868,5.0,-0.9899999999997817,0.5199999999999818
2024-09-11 14:10:00,2024-09-11 14:15:00,Short,2504.74,2506.105000000001,-1.365000000001146,SL Hit,2506.105000000001,1,1900.4799999999857,5.0,3.200000000000273,-0.9399999999995998
2024-09-11 18:05:00,2024-09-11 18:15:00,Long,2514.64,2514.64,0.0,SL Hit,2514.64,1,1900.4799999999857,10.0,-0.31999999999970896,1.5100000000002183
2024-09-11 18:30:00,2024-09-11 19:55:00,Short,2511.9533333333334,2511.94,0.03999999999996362,SL Hit,2511.94,3,1900.5199999999857,85.0,1.166666666666515,-2.153333333333194
2024-09-11 20:45:00,2024-09-11 22:00:00,Short,2512.83,2512.83,0.0,SL Hit,2512.83,1,1900.5199999999857,75.0,0.44000000000005457,-1.599999999999909
2024-09-11 22:25:00,2024-09-11 22:35:00,Long,2513.31,2513.31,0.0,SL Hit,2513.31,1,1900.5199999999857,10.0,-0.8099999999999454,0.42000000000007276
2024-09-11 23:55:00,2024-09-12 00:55:00,Short,2511.68,2511.89,-0.8400000000001455,SL Hit,2511.89,4,1899.6799999999855,60.0,0.6300000000001091,-0.6099999999996726
2024-09-12 05:55:00,2024-09-12 06:35:00,Long,2519.4599999999996,2519.29,-0.509999999998854,SL Hit,2519.29,3,1899.1699999999867,40.0,-2.0099999999997635,2.3200000000006185
2024-09-12 06:55:00,2024-09-12 07:00:00,Short,2517.2,2517.2,0.0,SL Hit,2517.2,1,1899.1699999999867,5.0,0.03999999999996362,-1.1399999999998727
2024-09-12 08:20:00,2024-09-12 08:55:00,Long,2517.25,2516.4100000000008,-0.839999999999236,SL Hit,2516.4100000000008,1,1898.3299999999874,35.0,-1.25,1.9600000000000364
2024-09-12 10:05:00,2024-09-12 10:20:00,Long,2518.78,2518.78,0.0,SL Hit,2518.78,1,1898.3299999999874,15.0,-0.24000000000023647,2.1299999999996544
2024-09-12 10:45:00,2024-09-12 11:40:00,Short,2516.01,2518.3549999999987,-2.3449999999984357,SL Hit,2518.3549999999987,1,1895.984999999989,55.0,2.9899999999997817,-3.0300000000002
2024-09-12 14:45:00,2024-09-12 16:05:00,Long,2552.5733333333333,2551.7,-2.6200000000003456,SL Hit,2551.7,3,1893.3649999999886,80.0,-3.2733333333330847,2.0466666666666242
2024-09-12 18:05:00,2024-09-12 19:10:00,Long,2554.09,2555.23,2.2799999999997453,SL Hit,2555.23,2,1895.6449999999884,65.0,-1.5199999999999818,3.9699999999998
2024-09-12 19:45:00,2024-09-12 22:55:00,Long,2558.0133333333333,2557.04,-2.9200000000000728,SL Hit,2557.04,3,1892.7249999999883,190.0,-1.313333333333503,1.8866666666667697
2024-09-12 23:05:00,2024-09-12 23:55:00,Short,2557.64,2558.17,-1.0600000000004002,SL Hit,2558.17,2,1891.664999999988,50.0,0.6600000000003092,-1.2399999999997817
2024-09-13 00:05:00,2024-09-13 00:50:00,Long,2558.045,2558.21,0.32999999999992724,SL Hit,2558.21,2,1891.9949999999878,45.0,-1.0450000000000728,4.434999999999945
2024-09-13 04:25:00,2024-09-13 05:45:00,Long,2568.45,2567.1,-2.699999999999818,SL Hit,2567.1,2,1889.294999999988,80.0,-2.399999999999636,1.5700000000001637
2024-09-13 05:55:00,2024-09-13 07:00:00,Short,2566.62,2568.12,-3.0,SL Hit,2568.12,2,1886.294999999988,65.0,2.150000000000091,-3.4200000000000728
2024-09-13 10:00:00,2024-09-13 12:10:00,Short,2567.3733333333334,2567.73,-1.069999999999709,SL Hit,2567.73,3,1885.2249999999883,130.0,1.6166666666663332,-3.563333333333503
2024-09-13 12:15:00,2024-09-13 13:55:00,Long,2572.5575,2576.7,16.56999999999971,SL Hit,2576.7,4,1901.794999999988,100.0,-5.397500000000036,10.462500000000091
2024-09-13 18:50:00,2024-09-13 19:50:00,Short,2581.943333333333,2582.4,-1.3700000000008004,SL Hit,2582.4,3,1900.4249999999872,60.0,0.7766666666666424,-3.403333333333194
2024-09-13 20:25:00,2024-09-15 22:55:00,Short,2579.575,2580.15,-1.1500000000005457,SL Hit,2580.15,2,1899.2749999999867,3030.0,1.4050000000002,-3.5649999999996
2024-09-16 01:35:00,2024-09-16 01:40:00,Long,2581.57,2581.57,0.0,SL Hit,2581.57,1,1899.2749999999867,5.0,-0.24000000000023647,1.2100000000000364
2024-09-16 04:30:00,2024-09-16 04:50:00,Short,2585.8,2585.87,-0.06999999999970896,SL Hit,2585.87,1,1899.204999999987,20.0,0.11999999999989086,-0.9400000000000546
2024-09-16 06:20:00,2024-09-16 06:35:00,Short,2588.615,2588.75,-0.27000000000043656,SL Hit,2588.75,2,1898.9349999999865,15.0,0.48500000000012733,-1.724999999999909
2024-09-16 06:55:00,2024-09-16 07:40:00,Short,2583.9700000000003,2582.43,3.0800000000008367,SL Hit,2582.43,2,1902.0149999999874,45.0,2.7199999999998,-4.050000000000182
2024-09-16 11:25:00,2024-09-16 12:15:00,Long,2581.865,2580.03,-3.6699999999991633,SL Hit,2580.03,2,1898.3449999999882,50.0,-2.0149999999998727,1.0750000000002728
2024-09-16 12:20:00,2024-09-16 12:25:00,Short,2581.85,2581.85,0.0,SL Hit,2581.85,1,1898.3449999999882,5.0,0.16000000000030923,-1.6399999999998727
2024-09-16 12:30:00,2024-09-16 12:35:00,Long,2581.35,2579.8450000000003,-1.5049999999996544,SL Hit,2579.8450000000003,1,1896.8399999999885,5.0,-2.2399999999997817,1.1199999999998909
2024-09-16 14:10:00,2024-09-16 16:20:00,Short,2580.805,2581.21,-1.6200000000008004,SL Hit,2581.21,4,1895.2199999999877,130.0,2.5650000000000546,-4.714999999999691
2024-09-16 18:30:00,2024-09-16 19:20:00,Short,2580.8366666666666,2581.15,-0.9400000000005093,SL Hit,2581.15,3,1894.2799999999872,50.0,0.7333333333335759,-1.3366666666665878
2024-09-16 20:25:00,2024-09-16 20:35:00,Long,2582.795,2581.5,-2.5900000000001455,SL Hit,2581.5,2,1891.689999999987,10.0,-1.5950000000002547,0.3949999999999818
2024-09-16 22:50:00,2024-09-16 23:40:00,Short,2583.01,2583.44,-0.8599999999996726,SL Hit,2583.44,2,1890.8299999999874,50.0,0.4399999999995998,-1.0100000000002183
2024-09-16 23:45:00,2024-09-17 00:10:00,Long,2583.3199999999997,2582.0,-2.639999999999418,SL Hit,2582.0,2,1888.189999999988,25.0,-1.519999999999527,0.8600000000001273
2024-09-17 00:15:00,2024-09-17 01:35:00,Short,2581.65,2580.87,2.3400000000006003,SL Hit,2580.87,3,1890.5299999999886,80.0,1.9699999999998,-3.1100000000001273
2024-09-17 03:55:00,2024-09-17 04:05:00,Short,2578.15,2578.15,0.0,SL Hit,2578.15,1,1890.5299999999886,10.0,0.13999999999987267,-1.3400000000001455
2024-09-17 04:45:00,2024-09-17 05:40:00,Short,2576.8199999999997,2577.8,-1.9600000000009459,SL Hit,2577.8,2,1888.5699999999877,55.0,1.9200000000000728,-2.269999999999527
2024-09-17 09:50:00,2024-09-17 10:10:00,Short,2574.94,2575.3950000000004,-0.455000000000382,SL Hit,2575.3950000000004,1,1888.1149999999873,20.0,0.8800000000001091,-3.0799999999999272
2024-09-17 17:00:00,2024-09-17 17:20:00,Short,2563.04,2564.79,-1.75,SL Hit,2564.79,1,1886.3649999999873,20.0,1.9099999999998545,-1.9400000000000546
2024-09-17 17:45:00,2024-09-17 19:20:00,Long,2569.1749999999997,2568.95,-0.8999999999996362,SL Hit,2568.95,4,1885.4649999999876,95.0,-2.724999999999909,2.2150000000001455
2024-09-17 22:45:00,2024-09-18 00:10:00,Long,2572.0175,2572.7,2.7299999999995634,SL Hit,2572.7,4,1888.1949999999872,85.0,-1.6875,2.6424999999999272
2024-09-18 00:15:00,2024-09-18 01:00:00,Short,2571.9750000000004,2573.86,-3.769999999999527,SL Hit,2573.86,2,1884.4249999999877,45.0,3.9749999999994543,-0.5650000000005093
2024-09-18 01:40:00,2024-09-18 03:20:00,Short,2573.5175,2573.86,-1.3700000000008004,SL Hit,2573.86,4,1883.0549999999869,100.0,0.7625000000002728,-3.4674999999997453
2024-09-18 04:00:00,2024-09-18 04:05:00,Long,2575.54,2575.3649999999993,-0.17500000000063665,SL Hit,2575.3649999999993,1,1882.8799999999862,5.0,-1.2199999999998,0.6599999999998545
2024-09-18 04:35:00,2024-09-18 06:30:00,Short,2570.5933333333337,2568.86,5.200000000000728,SL Hit,2568.86,3,1888.079999999987,115.0,1.9266666666662786,-4.993333333333794
2024-09-18 06:45:00,2024-09-18 08:15:00,Long,2569.2466666666664,2568.8,-1.3399999999987813,SL Hit,2568.8,3,1886.7399999999882,90.0,-1.2566666666666606,2.5433333333335213
2024-09-18 09:20:00,2024-09-18 09:25:00,Long,2570.22,2569.87,-0.34999999999990905,SL Hit,2569.87,1,1886.3899999999883,5.0,-0.8899999999998727,0.6400000000003274
2024-09-18 09:35:00,2024-09-18 09:40:00,Short,2569.33,2569.33,0.0,SL Hit,2569.33,1,1886.3899999999883,5.0,0.4600000000000364,-0.6199999999998909
2024-09-18 12:15:00,2024-09-18 12:20:00,Short,2576.47,2576.8550000000005,-0.385000000000673,SL Hit,2576.8550000000005,1,1886.0049999999876,5.0,0.930000000000291,-0.419999999999618
2024-09-18 14:25:00,2024-09-18 14:40:00,Short,2570.35,2570.5950000000003,-0.2450000000003456,SL Hit,2570.5950000000003,1,1885.7599999999873,15.0,1.0399999999999636,-2.019999999999982
2024-09-18 19:40:00,2024-09-18 20:20:00,Short,2558.53,2558.53,0.0,SL Hit,2558.53,1,1885.7599999999873,40.0,1.919999999999618,-10.900000000000091
2024-09-18 22:05:00,2024-09-18 22:25:00,Short,2556.72,2559.9050000000007,-3.185000000000855,SL Hit,2559.9050000000007,1,1882.5749999999864,20.0,3.2800000000002,-1.6499999999996362
2024-09-19 07:25:00,2024-09-19 10:30:00,Long,2582.6033333333335,2586.4,11.389999999999873,SL Hit,2586.4,3,1893.9649999999863,185.0,-5.603333333333467,11.796666666666624
2024-09-19 11:15:00,2024-09-19 11:20:00,Short,2586.2,2586.2350000000006,-0.035000000000763976,SL Hit,2586.2350000000006,1,1893.9299999999855,5.0,0.6900000000000546,-1.3999999999996362
2024-09-19 19:30:00,2024-09-19 19:55:00,Short,2587.0,2587.735,-0.7350000000001273,SL Hit,2587.735,1,1893.1949999999854,25.0,1.6199999999998909,-1.900000000000091
2024-09-19 22:40:00,2024-09-19 22:45:00,Long,2587.0,2586.8949999999995,-0.10500000000047294,SL Hit,2586.8949999999995,1,1893.089999999985,5.0,-0.11999999999989086,0.2699999999999818
2024-09-20 00:05:00,2024-09-20 00:30:00,Short,2586.895,2587.37,-0.9499999999998181,SL Hit,2587.37,2,1892.139999999985,25.0,0.525000000000091,-1.5949999999998
2024-09-20 00:35:00,2024-09-20 01:15:00,Long,2587.415,2585.6,-3.630000000000109,SL Hit,2585.6,2,1888.509999999985,40.0,-1.9349999999999454,1.0149999999998727
2024-09-20 01:50:00,2024-09-20 05:10:00,Long,2591.3216666666667,2592.69,8.210000000000036,SL Hit,2592.69,6,1896.719999999985,200.0,-4.131666666666661,2.928333333333285
2024-09-20 05:35:00,2024-09-20 07:40:00,Long,2601.8733333333334,2606.15,12.829999999999927,SL Hit,2606.15,3,1909.549999999985,125.0,-8.433333333333394,7.346666666666351
2024-09-20 08:05:00,2024-09-20 09:45:00,Long,2608.2,2605.61,-5.1799999999993815,SL Hit,2605.61,2,1904.3699999999856,100.0,-2.9600000000000364,4.210000000000036
2024-09-20 09:50:00,2024-09-20 09:55:00,Short,2605.7,2606.085,-0.3850000000002183,SL Hit,2606.085,1,1903.9849999999853,5.0,1.1100000000001273,-2.8399999999996908
2024-09-20 10:35:00,2024-09-20 13:00:00,Long,2612.66,2614.69,10.150000000001,SL Hit,2614.69,5,1914.1349999999863,145.0,-4.269999999999982,6.260000000000218
2024-09-20 13:05:00,2024-09-20 14:30:00,Short,2611.525,2613.52,-3.9899999999997817,SL Hit,2613.52,2,1910.1449999999866,85.0,3.9149999999999636,-8.684999999999945
2024-09-20 19:45:00,2024-09-23 01:10:00,Short,2620.6066666666666,2618.9,5.119999999999436,SL Hit,2618.9,3,1915.264999999986,3205.0,2.013333333333321,-4.546666666666624
2024-09-23 11:15:00,2024-09-23 11:20:00,Long,2622.54,2622.33,-0.21000000000003638,SL Hit,2622.33,1,1915.054999999986,5.0,-0.36999999999989086,1.3899999999998727
2024-09-23 11:25:00,2024-09-23 11:45:00,Long,2622.86,2621.98,-1.7600000000002183,SL Hit,2621.98,2,1913.2949999999857,20.0,-1.4700000000002547,2.5899999999996908
2024-09-23 11:50:00,2024-09-23 12:05:00,Short,2623.84,2624.715,-0.875,SL Hit,2624.715,1,1912.4199999999857,15.0,1.6099999999996726,-0.680000000000291
2024-09-23 12:30:00,2024-09-23 12:40:00,Short,2622.65,2623.0699999999997,-0.419999999999618,SL Hit,2623.0699999999997,1,1911.9999999999861,10.0,1.3099999999999454,-1.4900000000002365
2024-09-23 13:50:00,2024-09-23 15:00:00,Long,2631.0775,2629.57,-6.029999999998836,SL Hit,2629.57,4,1905.9699999999873,70.0,-2.7474999999999454,3.4825000000000728
2024-09-23 16:30:00,2024-09-23 16:55:00,Short,2627.54,2628.61,-3.210000000000491,SL Hit,2628.61,3,1902.7599999999868,25.0,1.199999999999818,-0.9499999999998181
2024-09-23 17:00:00,2024-09-23 17:10:00,Long,2628.0649999999996,2627.54,-1.0499999999992724,SL Hit,2627.54,2,1901.7099999999875,10.0,-0.6249999999995453,0.7150000000006003
2024-09-23 22:10:00,2024-09-23 22:35:00,Long,2627.5099999999998,2627.34,-0.509999999998854,SL Hit,2627.34,3,1901.1999999999887,25.0,-0.1799999999998363,0.4800000000000182
2024-09-24 00:30:00,2024-09-24 01:00:00,Short,2625.765,2625.91,-0.2899999999999636,SL Hit,2625.91,2,1900.9099999999887,30.0,0.9050000000002001,-2.0049999999996544
2024-09-24 02:10:00,2024-09-24 02:30:00,Short,2628.08,2628.08,0.0,SL Hit,2628.08,1,1900.9099999999887,20.0,0.13000000000010914,-1.4800000000000182
2024-09-24 07:20:00,2024-09-24 07:25:00,Long,2628.53,2627.4799999999996,-1.0500000000006366,SL Hit,2627.4799999999996,1,1899.859999999988,5.0,-1.3500000000003638,1.3599999999996726
2024-09-24 08:20:00,2024-09-24 08:35:00,Short,2629.16,2629.16,0.0,SL Hit,2629.16,1,1899.859999999988,15.0,0.01999999999998181,-3.1599999999998545
2024-09-24 09:15:00,2024-09-24 09:25:00,Long,2627.64,2627.465000000001,-0.17499999999881766,SL Hit,2627.465000000001,1,1899.6849999999893,10.0,-0.6399999999998727,1.8099999999999454
2024-09-24 12:30:00,2024-09-24 13:45:00,Long,2631.9,2632.86,2.880000000000109,SL Hit,2632.86,3,1902.5649999999894,75.0,-5.369999999999891,5.059999999999945
2024-09-24 14:05:00,2024-09-24 20:35:00,Long,2653.1133333333337,2661.02,71.15999999999667,SL Hit,2661.02,9,1973.724999999986,390.0,-18.133333333333667,10.916666666666515
2024-09-25 03:30:00,2024-09-25 03:35:00,Short,2661.52,2661.52,0.0,SL Hit,2661.52,1,1973.724999999986,5.0,0.25,-1.1700000000000728
2024-09-25 04:00:00,2024-09-25 04:05:00,Short,2661.47,2661.47,0.0,SL Hit,2661.47,1,1973.724999999986,5.0,0.01999999999998181,-0.8999999999996362
2024-09-25 05:40:00,2024-09-25 07:35:00,Short,2655.5919999999996,2655.1,2.459999999998672,SL Hit,2655.1,5,1976.1849999999847,115.0,3.818000000000211,-3.331999999999425
2024-09-25 08:45:00,2024-09-25 08:55:00,Short,2655.25,2655.915,-0.6649999999999636,SL Hit,2655.915,1,1975.5199999999847,10.0,0.8099999999999454,-0.2899999999999636
2024-09-25 11:10:00,2024-09-25 11:40:00,Short,2656.36,2657.0250000000005,-0.6650000000004184,SL Hit,2657.0250000000005,1,1974.8549999999843,30.0,1.0299999999997453,-2.349999999999909
2024-09-25 18:25:00,2024-09-25 19:30:00,Long,2660.2925,2660.23,-0.25,SL Hit,2660.23,4,1974.6049999999843,65.0,-1.1525000000001455,1.1774999999997817
2024-09-25 22:45:00,2024-09-25 22:50:00,Long,2658.78,2658.78,0.0,SL Hit,2658.78,1,1974.6049999999843,5.0,-0.3900000000003274,0.7699999999999818
2024-09-25 23:10:00,2024-09-25 23:15:00,Short,2657.99,2657.99,0.0,SL Hit,2657.99,1,1974.6049999999843,5.0,0.20000000000027285,-1.1899999999995998
2024-09-26 00:40:00,2024-09-26 02:40:00,Long,2659.875,2658.73,-2.2899999999999636,SL Hit,2658.73,2,1972.3149999999844,120.0,-2.1550000000002,1.4650000000001455
2024-09-26 02:45:00,2024-09-26 03:10:00,Short,2659.13,2659.374999999999,-0.24499999999898137,SL Hit,2659.374999999999,1,1972.0699999999854,25.0,0.4600000000000364,-1.9100000000003092
2024-09-26 03:30:00,2024-09-26 03:40:00,Long,2660.76,2660.76,0.0,SL Hit,2660.76,1,1972.0699999999854,10.0,-0.3900000000003274,0.9599999999995816
2024-09-26 05:55:00,2024-09-26 06:45:00,Short,2661.0950000000003,2661.72,-1.2499999999990905,SL Hit,2661.72,2,1970.8199999999863,50.0,0.8249999999998181,-2.8150000000000546
2024-09-26 06:50:00,2024-09-26 07:15:00,Long,2661.24,2660.46,-1.5599999999994907,SL Hit,2660.46,2,1969.2599999999868,25.0,-1.4799999999995634,2.6400000000003274
2024-09-26 07:45:00,2024-09-26 09:30:00,Long,2665.7933333333335,2667.35,4.669999999999163,SL Hit,2667.35,3,1973.929999999986,105.0,-2.1233333333334485,4.516666666666424
2024-09-26 09:40:00,2024-09-26 09:55:00,Short,2668.38,2668.66,-0.27999999999974534,SL Hit,2668.66,1,1973.6499999999862,15.0,0.4099999999998545,-1.3200000000001637
2024-09-26 11:35:00,2024-09-26 12:10:00,Long,2679.87,2678.680000000001,-1.1899999999986903,SL Hit,2678.680000000001,1,1972.4599999999875,35.0,-7.369999999999891,5.260000000000218
2024-09-26 13:55:00,2024-09-26 14:15:00,Short,2660.06,2666.5700000000006,-6.510000000000673,SL Hit,2666.5700000000006,1,1965.9499999999869,20.0,8.070000000000164,-1.650000000000091
2024-09-26 14:45:00,2024-09-26 15:00:00,Long,2665.705,2664.11,-3.1899999999996,SL Hit,2664.11,2,1962.7599999999873,15.0,-2.4650000000001455,1.805000000000291
2024-09-26 17:00:00,2024-09-26 19:25:00,Long,2671.75,2674.7,17.69999999999891,SL Hit,2674.7,6,1980.4599999999862,145.0,-4.269999999999982,5.940000000000055
2024-09-26 22:25:00,2024-09-26 23:20:00,Long,2672.4224999999997,2671.91,-2.0499999999992724,SL Hit,2671.91,4,1978.409999999987,55.0,-1.0224999999995816,0.2375000000001819
2024-09-27 01:20:00,2024-09-27 01:30:00,Long,2669.97,2669.97,0.0,SL Hit,2669.97,1,1978.409999999987,10.0,-0.8699999999998909,2.480000000000018
2024-09-27 02:45:00,2024-09-27 02:55:00,Long,2669.65,2669.019999999999,-0.6300000000010186,SL Hit,2669.019999999999,1,1977.7799999999859,10.0,-0.8699999999998909,0.5199999999999818
2024-09-27 04:45:00,2024-09-27 05:00:00,Short,2670.5,2670.5,0.0,SL Hit,2670.5,1,1977.7799999999859,15.0,0.2600000000002183,-1.2300000000000182
2024-09-27 08:40:00,2024-09-27 08:50:00,Short,2663.3,2663.3,0.0,SL Hit,2663.3,1,1977.7799999999859,10.0,0.33999999999969077,-1.4700000000002547
2024-09-27 09:50:00,2024-09-27 10:05:00,Long,2663.78,2663.0099999999993,-0.7700000000008913,SL Hit,2663.0099999999993,1,1977.009999999985,15.0,-1.7300000000000182,0.849999999999909
2024-09-27 10:30:00,2024-09-27 10:40:00,Long,2664.1,2663.4700000000003,-0.6299999999996544,SL Hit,2663.4700000000003,1,1976.3799999999853,10.0,-1.099999999999909,0.8099999999999454
2024-09-27 10:45:00,2024-09-27 11:55:00,Long,2665.85,2666.79,2.8200000000001637,SL Hit,2666.79,3,1979.1999999999855,70.0,-2.2199999999998,3.2100000000000364
2024-09-27 13:35:00,2024-09-27 16:10:00,Short,2657.4925000000003,2650.9,26.3700000000008,SL Hit,2650.9,4,2005.5699999999863,155.0,12.767499999999927,-12.452500000000327
2024-09-27 16:15:00,2024-09-27 16:45:00,Long,2651.9049999999997,2652.38,0.9500000000007276,SL Hit,2652.38,2,2006.519999999987,30.0,-2.0649999999996,4.105000000000473
2024-09-27 16:55:00,2024-09-27 18:15:00,Short,2648.925,2647.06,3.730000000000473,SL Hit,2647.06,2,2010.2499999999875,80.0,3.5850000000000364,-5.555000000000291
2024-09-27 19:15:00,2024-09-29 23:10:00,Long,2655.965,2661.0,20.139999999999418,SL Hit,2661.0,4,2030.389999999987,3115.0,-8.845000000000255,7.6349999999997635
2024-09-30 00:00:00,2024-09-30 00:25:00,Long,2663.66,2662.12,-1.5399999999999636,SL Hit,2662.12,1,2028.849999999987,25.0,-1.6599999999998545,2.0300000000002
2024-09-30 01:05:00,2024-09-30 04:20:00,Short,2656.9900000000002,2654.92,10.350000000000819,SL Hit,2654.92,5,2039.1999999999878,195.0,6.449999999999818,-9.180000000000291
2024-09-30 04:25:00,2024-09-30 04:30:00,Long,2654.77,2654.4900000000002,-0.27999999999974534,SL Hit,2654.4900000000002,1,2038.919999999988,5.0,-1.2399999999997817,0.6700000000000728
2024-09-30 09:10:00,2024-09-30 09:25:00,Short,2650.63,2651.0850000000005,-0.455000000000382,SL Hit,2651.0850000000005,1,2038.4649999999876,15.0,0.4899999999997817,-2.119999999999891
2024-09-30 14:10:00,2024-09-30 14:45:00,Short,2630.89,2634.4250000000006,-3.535000000000764,SL Hit,2634.4250000000006,1,2034.9299999999869,35.0,5.160000000000309,-1.8899999999998727
2024-09-30 20:25:00,2024-09-30 23:20:00,Long,2633.8775,2634.35,1.889999999999418,SL Hit,2634.35,4,2036.8199999999863,175.0,-1.9574999999999818,1.7325000000000728
2024-10-01 00:05:00,2024-10-01 00:35:00,Long,2635.9449999999997,2635.17,-1.5499999999992724,SL Hit,2635.17,2,2035.269999999987,30.0,-1.8449999999998,0.6150000000002365
2024-10-01 01:00:00,2024-10-01 01:15:00,Long,2635.73,2635.51,-0.4399999999995998,SL Hit,2635.51,2,2034.8299999999874,15.0,-0.32999999999992724,1.1300000000001091
2024-10-01 06:55:00,2024-10-01 07:05:00,Long,2644.8,2644.415,-0.3850000000002183,SL Hit,2644.415,1,2034.4449999999872,10.0,-0.580000000000382,0.9600000000000364
2024-10-01 09:45:00,2024-10-01 10:25:00,Short,2648.08,2649.88,-3.600000000000364,SL Hit,2649.88,2,2030.8449999999868,40.0,2.3600000000001273,-1.9699999999998
2024-10-01 10:30:00,2024-10-01 10:35:00,Long,2648.89,2648.4700000000003,-0.419999999999618,SL Hit,2648.4700000000003,1,2030.4249999999872,5.0,-0.5,0.5900000000001455
2024-10-01 12:00:00,2024-10-01 13:05:00,Long,2650.42,2650.0700000000006,-0.3499999999994543,SL Hit,2650.0700000000006,1,2030.0749999999878,65.0,-2.25,6.079999999999927
2024-10-01 16:30:00,2024-10-01 17:30:00,Long,2667.5533333333333,2664.38,-9.519999999999527,SL Hit,2664.38,3,2020.5549999999882,60.0,-3.813333333333503,5.026666666666642
2024-10-01 17:45:00,2024-10-01 22:30:00,Short,2662.8666666666663,2662.34,3.159999999997126,SL Hit,2662.34,6,2023.7149999999854,285.0,2.593333333333703,-5.266666666666424
2024-10-02 00:45:00,2024-10-02 01:20:00,Short,2658.17,2659.185,-1.0149999999998727,SL Hit,2659.185,1,2022.6999999999855,35.0,1.1900000000000546,-1.8200000000001637
2024-10-02 02:35:00,2024-10-02 03:05:00,Short,2659.75,2660.415,-0.6649999999999636,SL Hit,2660.415,1,2022.0349999999855,30.0,0.7100000000000364,-0.9499999999998181
2024-10-02 06:35:00,2024-10-02 08:05:00,Long,2652.4266666666667,2653.58,3.4599999999995816,SL Hit,2653.58,3,2025.494999999985,90.0,-4.516666666666879,3.133333333333212
2024-10-02 09:25:00,2024-10-02 09:35:00,Long,2653.76,2652.7099999999996,-1.0500000000006366,SL Hit,2652.7099999999996,1,2024.4449999999845,10.0,-1.7800000000002,1.5099999999997635
2024-10-02 12:05:00,2024-10-02 12:10:00,Short,2649.95,2649.95,0.0,SL Hit,2649.95,1,2024.4449999999845,5.0,0.8500000000003638,-0.7799999999997453
2024-10-02 12:25:00,2024-10-02 12:30:00,Short,2650.62,2650.62,0.0,SL Hit,2650.62,1,2024.4449999999845,5.0,0.5500000000001819,-6.199999999999818
2024-10-02 13:20:00,2024-10-02 14:25:00,Long,2657.376666666667,2653.48,-11.690000000000964,SL Hit,2653.48,3,2012.7549999999835,65.0,-4.866666666666788,4.7933333333330665
2024-10-02 16:35:00,2024-10-02 16:40:00,Short,2648.85,2649.375,-0.525000000000091,SL Hit,2649.375,1,2012.2299999999834,5.0,0.7899999999999636,-0.42000000000007276
2024-10-02 17:15:00,2024-10-02 17:40:00,Short,2648.4,2650.1149999999993,-1.714999999999236,SL Hit,2650.1149999999993,1,2010.5149999999842,25.0,1.900000000000091,-1.2600000000002183
2024-10-02 18:35:00,2024-10-02 20:55:00,Long,2656.2619999999997,2657.7,7.190000000000509,SL Hit,2657.7,5,2017.7049999999847,140.0,-3.3519999999998618,3.3880000000003747
2024-10-02 22:55:00,2024-10-02 23:00:00,Long,2659.41,2659.025000000001,-0.38499999999885404,SL Hit,2659.025000000001,1,2017.3199999999858,5.0,-0.4099999999998545,0.8500000000003638
2024-10-02 23:25:00,2024-10-02 23:40:00,Long,2660.86,2660.51,-0.34999999999990905,SL Hit,2660.51,1,2016.969999999986,15.0,-0.900000000000091,0.17000000000007276
2024-10-03 00:55:00,2024-10-03 04:35:00,Short,2656.683333333333,2656.25,2.5999999999976353,SL Hit,2656.25,6,2019.5699999999836,220.0,1.94666666666717,-3.33333333333303
2024-10-03 06:05:00,2024-10-03 06:15:00,Short,2652.17,2654.4450000000006,-2.2750000000005457,SL Hit,2654.4450000000006,1,2017.294999999983,10.0,3.0599999999999454,-0.38999999999987267
2024-10-03 08:20:00,2024-10-03 08:35:00,Short,2644.08,2644.745,-0.6649999999999636,SL Hit,2644.745,1,2016.629999999983,15.0,1.8699999999998909,-1.7899999999999636
2024-10-03 09:15:00,2024-10-03 09:25:00,Short,2643.64,2643.64,0.0,SL Hit,2643.64,1,2016.629999999983,10.0,0.5399999999999636,-1.5
2024-10-03 09:40:00,2024-10-03 11:15:00,Long,2646.263333333334,2644.31,-5.860000000001492,SL Hit,2644.31,3,2010.7699999999816,95.0,-2.1033333333339215,1.6466666666660785
2024-10-03 13:20:00,2024-10-03 13:30:00,Short,2648.52,2650.34,-1.8200000000001637,SL Hit,2650.34,1,2008.9499999999814,10.0,2.5599999999999454,-4.7199999999998
2024-10-03 15:00:00,2024-10-03 15:55:00,Long,2650.14,2648.3550000000005,-1.7849999999993997,SL Hit,2648.3550000000005,1,2007.164999999982,55.0,-1.9600000000000364,4.2400000000002365
2024-10-03 17:15:00,2024-10-03 17:35:00,Long,2660.8,2658.3499999999995,-2.4500000000007276,SL Hit,2658.3499999999995,1,2004.7149999999813,20.0,-2.75,1.0599999999999454
2024-10-03 17:55:00,2024-10-03 18:10:00,Short,2656.87,2656.87,0.0,SL Hit,2656.87,1,2004.7149999999813,15.0,1.0900000000001455,-1.1900000000000546
2024-10-03 18:40:00,2024-10-03 18:45:00,Long,2659.0,2658.370000000001,-0.6299999999991996,SL Hit,2658.370000000001,1,2004.084999999982,5.0,-0.8400000000001455,0.11000000000012733
2024-10-03 19:50:00,2024-10-03 23:05:00,Short,2656.5075,2656.11,1.5900000000001455,SL Hit,2656.11,4,2005.6749999999822,195.0,1.9524999999998727,-2.4075000000002547
2024-10-03 23:15:00,2024-10-03 23:20:00,Long,2656.17,2655.8549999999996,-0.3150000000005093,SL Hit,2655.8549999999996,1,2005.3599999999817,5.0,-0.5300000000002001,0.30999999999994543
2024-10-04 01:20:00,2024-10-04 03:40:00,Long,2659.1,2661.7,10.399999999999636,SL Hit,2661.7,4,2015.7599999999813,140.0,-2.380000000000109,4.25
2024-10-04 06:20:00,2024-10-04 07:45:00,Short,2663.5249999999996,2662.85,1.3499999999994543,SL Hit,2662.85,2,2017.1099999999808,85.0,2.8950000000004366,-4.734999999999673
2024-10-04 09:05:00,2024-10-04 10:15:00,Short,2658.593333333333,2658.78,-0.5600000000022192,SL Hit,2658.78,3,2016.5499999999786,70.0,1.4166666666674246,-1.6433333333329756
2024-10-04 17:40:00,2024-10-04 18:10:00,Long,2648.2200000000003,2645.85,-4.740000000000691,SL Hit,2645.85,2,2011.809999999978,30.0,-2.3700000000003456,2.399999999999636
2024-10-06 23:25:00,2024-10-06 23:55:00,Long,2651.06,2648.0499999999993,-3.010000000000673,Bearish Trade Reversal,2648.0499999999993,1,2008.7999999999772,30.0,-2.0599999999999454,0.44000000000005457
2024-10-06 23:55:00,2024-10-07 01:00:00,Short,2650.35,2651.04,-1.3800000000001091,SL Hit,2651.04,2,2007.419999999977,65.0,0.7699999999999818,-2.650000000000091
2024-10-07 05:05:00,2024-10-07 06:50:00,Short,2643.92,2643.42,1.0,SL Hit,2643.42,2,2008.419999999977,105.0,2.5799999999999272,-4.070000000000164
2024-10-07 12:00:00,2024-10-07 12:15:00,Long,2657.0550000000003,2656.81,-0.4900000000006912,SL Hit,2656.81,2,2007.9299999999764,15.0,-1.2450000000003456,2.0549999999998363
2024-10-07 14:30:00,2024-10-07 14:35:00,Short,2642.66,2642.66,0.0,SL Hit,2642.66,1,2007.9299999999764,5.0,1.9200000000000728,-1.599999999999909
2024-10-07 15:05:00,2024-10-07 15:25:00,Short,2642.45,2645.53,-3.080000000000382,SL Hit,2645.53,1,2004.849999999976,20.0,3.9400000000000546,-2.949999999999818
2024-10-07 18:35:00,2024-10-07 22:15:00,Short,2644.0875,2642.98,4.430000000000291,SL Hit,2642.98,4,2009.2799999999763,220.0,2.0524999999997817,-4.487500000000182
2024-10-08 01:40:00,2024-10-08 01:45:00,Short,2640.68,2642.045000000001,-1.365000000001146,SL Hit,2642.045000000001,1,2007.9149999999752,5.0,1.4600000000000364,-0.8399999999996908
2024-10-08 05:00:00,2024-10-08 05:20:00,Short,2643.01,2643.5699999999997,-0.5599999999994907,SL Hit,2643.5699999999997,1,2007.3549999999757,20.0,1.1199999999998909,-1.5400000000004184
2024-10-08 05:30:00,2024-10-08 06:25:00,Long,2644.3599999999997,2642.71,-3.2999999999992724,SL Hit,2642.71,2,2004.0549999999764,55.0,-3.049999999999727,1.9500000000002728
2024-10-08 09:40:00,2024-10-08 12:25:00,Long,2645.635,2648.59,17.729999999999563,SL Hit,2648.59,6,2021.784999999976,165.0,-6.645000000000437,6.974999999999909
2024-10-08 12:30:00,2024-10-08 16:10:00,Short,2633.233333333333,2615.15,108.49999999999818,SL Hit,2615.15,6,2130.2849999999744,220.0,15.946666666666715,-27.24333333333334
2024-10-08 18:05:00,2024-10-08 18:10:00,Short,2615.62,2615.62,0.0,SL Hit,2615.62,1,2130.2849999999744,5.0,0.5399999999999636,-1.069999999999709
2024-10-08 19:10:00,2024-10-08 22:25:00,Long,2619.1825,2619.8,2.470000000001164,SL Hit,2619.8,4,2132.7549999999756,195.0,-4.292500000000018,4.1775000000002365
2024-10-08 22:30:00,2024-10-08 23:00:00,Short,2621.6800000000003,2622.06,-0.7599999999993088,SL Hit,2622.06,2,2131.9949999999762,30.0,0.919999999999618,-1.2800000000002
2024-10-09 01:20:00,2024-10-09 02:45:00,Short,2620.2225,2619.62,2.4099999999998545,SL Hit,2619.62,4,2134.404999999976,85.0,3.6775000000002365,-3.2424999999998363
2024-10-09 09:05:00,2024-10-09 09:40:00,Long,2617.0150000000003,2616.2,-1.6300000000010186,SL Hit,2616.2,2,2132.774999999975,35.0,-1.6850000000004002,1.3049999999998363
2024-10-09 12:40:00,2024-10-09 12:45:00,Short,2617.62,2617.62,0.0,SL Hit,2617.62,1,2132.774999999975,5.0,1.1199999999998909,-2.0399999999999636
2024-10-09 14:15:00,2024-10-09 14:25:00,Short,2609.7,2609.7,0.0,SL Hit,2609.7,1,2132.774999999975,10.0,0.6900000000000546,-2.099999999999909
2024-10-09 15:00:00,2024-10-09 15:50:00,Long,2612.67,2612.19,-0.9600000000000364,SL Hit,2612.19,2,2131.814999999975,50.0,-2.8400000000001455,5.119999999999891
2024-10-09 17:50:00,2024-10-09 18:15:00,Long,2608.425,2606.96,-2.930000000000291,SL Hit,2606.96,2,2128.8849999999748,25.0,-1.5350000000003092,2.4849999999996726
2024-10-09 22:05:00,2024-10-09 22:10:00,Long,2605.29,2604.135,-1.1549999999997453,Bearish Trade Reversal,2604.135,1,2127.729999999975,5.0,-0.32999999999992724,1.7100000000000364
2024-10-09 22:10:00,2024-10-09 23:00:00,Short,2606.29,2608.425,-2.1350000000002183,SL Hit,2608.425,1,2125.594999999975,50.0,2.3200000000001637,-0.6900000000000546
2024-10-09 23:45:00,2024-10-09 23:50:00,Short,2608.56,2608.56,0.0,SL Hit,2608.56,1,2125.594999999975,5.0,0.25,-0.38000000000010914
2024-10-10 00:35:00,2024-10-10 01:05:00,Long,2609.3999999999996,2609.06,-0.6799999999993815,SL Hit,2609.06,2,2124.9149999999754,30.0,-1.3999999999996362,1.0200000000004366
2024-10-10 01:10:00,2024-10-10 01:15:00,Short,2609.72,2609.72,0.0,SL Hit,2609.72,1,2124.9149999999754,5.0,1.1700000000000728,-0.7099999999995816
2024-10-10 10:40:00,2024-10-10 11:05:00,Long,2616.86,2616.5449999999996,-0.3150000000005093,SL Hit,2616.5449999999996,1,2124.599999999975,25.0,-0.3400000000001455,1.9699999999998
2024-10-10 13:55:00,2024-10-10 14:05:00,Long,2625.75,2625.75,0.0,SL Hit,2625.75,1,2124.599999999975,10.0,-1.0,3.550000000000182
2024-10-10 15:00:00,2024-10-10 16:00:00,Short,2623.1549999999997,2624.36,-4.820000000001528,SL Hit,2624.36,4,2119.7799999999734,60.0,2.6550000000002,-4.054999999999836
2024-10-10 19:10:00,2024-10-10 19:50:00,Long,2628.45,2628.45,0.0,SL Hit,2628.45,1,2119.7799999999734,40.0,-0.08999999999969077,2.8100000000004
2024-10-10 20:30:00,2024-10-10 20:40:00,Long,2630.71,2628.99,-3.4400000000005093,SL Hit,2628.99,2,2116.339999999973,10.0,-1.9400000000000546,0.650000000000091
2024-10-10 20:45:00,2024-10-10 23:10:00,Short,2629.13,2629.99,-1.7199999999993452,SL Hit,2629.99,2,2114.6199999999735,145.0,0.9699999999997999,-1.8299999999999272
2024-10-11 01:00:00,2024-10-11 01:05:00,Long,2633.94,2633.205,-0.7350000000001273,SL Hit,2633.205,1,2113.8849999999734,5.0,-0.9400000000000546,1.5900000000001455
2024-10-11 04:40:00,2024-10-11 05:10:00,Long,2645.37,2644.0,-2.7399999999997817,SL Hit,2644.0,2,2111.1449999999736,30.0,-2.1700000000000728,0.5900000000001455
2024-10-11 05:15:00,2024-10-11 05:35:00,Short,2644.385,2644.84,-0.9099999999998545,SL Hit,2644.84,2,2110.2349999999738,20.0,1.2549999999996544,-1.275000000000091
2024-10-11 10:10:00,2024-10-11 10:25:00,Short,2637.3450000000003,2638.59,-2.4899999999997817,SL Hit,2638.59,2,2107.744999999974,15.0,1.5049999999996544,-0.34500000000025466
2024-10-11 14:20:00,2024-10-11 16:40:00,Long,2656.23,2658.42,10.950000000000273,SL Hit,2658.42,5,2118.6949999999742,140.0,-5.929999999999836,5.059999999999945
2024-10-11 16:50:00,2024-10-11 16:55:00,Short,2659.5,2659.5,0.0,SL Hit,2659.5,1,2118.6949999999742,5.0,0.5500000000001819,-1.6700000000000728
2024-10-11 17:55:00,2024-10-11 18:05:00,Long,2657.8,2657.8,0.0,SL Hit,2657.8,1,2118.6949999999742,10.0,-1.1000000000003638,1.9800000000000182
2024-10-14 01:45:00,2024-10-14 01:50:00,Long,2646.21,2646.21,0.0,SL Hit,2646.21,1,2118.6949999999742,5.0,-1.699999999999818,1.8099999999999454
2024-10-14 03:40:00,2024-10-14 03:45:00,Long,2656.36,2656.36,0.0,SL Hit,2656.36,1,2118.6949999999742,5.0,-0.03999999999996362,0.8799999999996544
2024-10-14 06:20:00,2024-10-14 07:10:00,Long,2661.425,2662.7,2.5499999999992724,SL Hit,2662.7,2,2121.2449999999735,50.0,-2.605000000000018,4.914999999999964
2024-10-14 07:20:00,2024-10-14 09:05:00,Short,2661.39,2660.47,2.7600000000002183,SL Hit,2660.47,3,2124.0049999999737,105.0,1.900000000000091,-2.8799999999996544
2024-10-14 09:45:00,2024-10-14 10:10:00,Short,2658.825,2659.81,-1.9700000000002547,SL Hit,2659.81,2,2122.0349999999735,25.0,1.8350000000000364,-1.324999999999818
2024-10-14 10:15:00,2024-10-14 10:55:00,Long,2658.8,2656.315,-2.4850000000001273,Bearish Trade Reversal,2656.315,1,2119.5499999999734,40.0,-2.7800000000002,1.0899999999996908
2024-10-14 10:55:00,2024-10-14 12:25:00,Short,2654.46,2653.8,1.9799999999995634,SL Hit,2653.8,3,2121.529999999973,90.0,3.1399999999998727,-3.3200000000001637
2024-10-14 13:15:00,2024-10-14 13:20:00,Short,2649.73,2650.605,-0.875,SL Hit,2650.605,1,2120.654999999973,5.0,2.0300000000002,-1.7100000000000364
2024-10-14 14:25:00,2024-10-14 14:35:00,Short,2650.81,2650.81,0.0,SL Hit,2650.81,1,2120.654999999973,10.0,0.22000000000025466,-2.7599999999997635
2024-10-14 15:05:00,2024-10-14 15:30:00,Short,2646.975,2648.29,-2.630000000000109,SL Hit,2648.29,2,2118.024999999973,25.0,1.925000000000182,-1.4549999999999272
2024-10-14 16:00:00,2024-10-14 16:10:00,Short,2646.42,2647.0499999999993,-0.6299999999991996,SL Hit,2647.0499999999993,1,2117.3949999999736,10.0,0.8899999999998727,-0.5799999999999272
2024-10-14 16:40:00,2024-10-14 17:35:00,Long,2648.816666666667,2647.5,-3.9500000000011823,SL Hit,2647.5,3,2113.4449999999724,55.0,-1.4166666666669698,0.8733333333329938
2024-10-14 17:40:00,2024-10-14 18:25:00,Short,2648.6099999999997,2649.69,-2.160000000000764,SL Hit,2649.69,2,2111.2849999999717,45.0,1.6400000000003274,-2.2099999999995816
2024-10-14 19:05:00,2024-10-14 19:15:00,Short,2649.925,2650.85,-1.8499999999994543,SL Hit,2650.85,2,2109.434999999972,10.0,1.3449999999998,-0.6649999999999636
2024-10-15 00:55:00,2024-10-15 01:00:00,Short,2648.55,2649.2499999999995,-0.6999999999993634,SL Hit,2649.2499999999995,1,2108.734999999973,5.0,0.8299999999999272,-0.4800000000000182
2024-10-15 04:30:00,2024-10-15 04:40:00,Short,2644.38,2644.38,0.0,SL Hit,2644.38,1,2108.734999999973,10.0,0.6700000000000728,-1.4800000000000182
2024-10-15 09:30:00,2024-10-15 09:45:00,Long,2653.13,2652.499999999999,-0.6300000000010186,SL Hit,2652.499999999999,1,2108.104999999972,15.0,-0.7300000000000182,1.4099999999998545
2024-10-15 10:15:00,2024-10-15 11:05:00,Long,2654.92,2652.71,-4.420000000000073,SL Hit,2652.71,2,2103.6849999999718,50.0,-2.269999999999982,1.5399999999999636
2024-10-15 16:55:00,2024-10-15 18:20:00,Short,2663.12,2664.37,-2.5,SL Hit,2664.37,2,2101.1849999999718,85.0,1.7400000000002365,-4.079999999999927
2024-10-15 19:20:00,2024-10-15 19:30:00,Long,2665.01,2665.01,0.0,SL Hit,2665.01,1,2101.1849999999718,10.0,-0.75,1.2399999999997817
2024-10-15 23:10:00,2024-10-15 23:35:00,Short,2661.52,2662.045,-0.525000000000091,SL Hit,2662.045,1,2100.6599999999717,25.0,0.8000000000001819,-1.2199999999998
2024-10-16 01:50:00,2024-10-16 02:50:00,Long,2665.705,2665.64,-0.13000000000010914,SL Hit,2665.64,2,2100.5299999999716,60.0,-1.4249999999997272,3.5349999999998545
2024-10-16 04:30:00,2024-10-16 07:15:00,Long,2669.282,2673.8,22.590000000000146,SL Hit,2673.8,5,2123.1199999999717,165.0,-3.782000000000153,8.147999999999683
2024-10-16 07:20:00,2024-10-16 07:25:00,Short,2675.43,2675.43,0.0,SL Hit,2675.43,1,2123.1199999999717,5.0,0.12000000000034561,-2.2100000000000364
2024-10-16 07:30:00,2024-10-16 07:45:00,Short,2675.09,2675.66,-1.139999999999418,SL Hit,2675.66,2,2121.9799999999723,15.0,1.0399999999999636,-1.1400000000003274
2024-10-16 08:25:00,2024-10-16 10:05:00,Long,2678.956666666667,2678.21,-2.240000000000691,SL Hit,2678.21,3,2119.7399999999716,100.0,-3.0366666666668607,3.433333333332939
2024-10-16 12:35:00,2024-10-16 13:45:00,Long,2680.43,2680.41,-0.05999999999994543,SL Hit,2680.41,3,2119.6799999999716,70.0,-2.9400000000000546,4.640000000000327
2024-10-16 16:50:00,2024-10-16 18:40:00,Long,2674.2066666666665,2674.7,1.4800000000000182,SL Hit,2674.7,3,2121.1599999999717,110.0,-2.5566666666663878,2.313333333333503
2024-10-17 00:05:00,2024-10-17 02:35:00,Long,2678.406,2681.29,14.420000000000073,SL Hit,2681.29,5,2135.5799999999717,150.0,-3.8159999999998035,6.2840000000001055
2024-10-17 07:00:00,2024-10-17 07:10:00,Short,2681.48,2681.48,0.0,SL Hit,2681.48,1,2135.5799999999717,10.0,1.1399999999998727,-2.269999999999982
2024-10-17 09:00:00,2024-10-17 10:05:00,Short,2680.9300000000003,2681.09,-0.31999999999970896,SL Hit,2681.09,2,2135.259999999972,65.0,0.9399999999995998,-3.830000000000382
2024-10-17 12:35:00,2024-10-17 12:55:00,Short,2676.13,2680.1899999999996,-4.059999999999491,SL Hit,2680.1899999999996,1,2131.1999999999725,20.0,4.929999999999836,-2.119999999999891
2024-10-17 13:45:00,2024-10-17 16:25:00,Long,2689.194,2687.81,-6.920000000000073,SL Hit,2687.81,5,2124.2799999999725,160.0,-4.083999999999833,7.326000000000022
2024-10-17 17:45:00,2024-10-17 19:10:00,Short,2691.045,2690.89,0.6200000000008004,SL Hit,2690.89,4,2124.8999999999733,85.0,3.005000000000109,-2.9450000000001637
2024-10-17 22:20:00,2024-10-17 23:00:00,Long,2692.5066666666667,2691.5,-3.019999999999982,SL Hit,2691.5,3,2121.8799999999733,40.0,-1.5066666666666606,0.43333333333339397
2024-10-17 23:25:00,2024-10-17 23:30:00,Short,2692.36,2692.36,0.0,SL Hit,2692.36,1,2121.8799999999733,5.0,0.30999999999994543,-0.2300000000000182
2024-10-18 00:40:00,2024-10-18 00:50:00,Long,2693.66,2693.1000000000004,-0.5599999999994907,SL Hit,2693.1000000000004,1,2121.319999999974,10.0,-0.7300000000000182,0.75
2024-10-18 03:15:00,2024-10-18 03:50:00,Short,2708.085,2709.27,-2.369999999999891,SL Hit,2709.27,2,2118.949999999974,35.0,1.974999999999909,-1.8850000000002183
2024-10-18 06:10:00,2024-10-18 07:10:00,Short,2708.015,2707.29,1.449999999999818,SL Hit,2707.29,2,2120.3999999999737,60.0,3.425000000000182,-5.154999999999745
2024-10-18 08:35:00,2024-10-18 08:40:00,Short,2703.11,2703.11,0.0,SL Hit,2703.11,1,2120.3999999999737,5.0,1.2899999999999636,-1.2100000000000364
2024-10-18 10:05:00,2024-10-18 10:55:00,Short,2712.24,2712.9,-1.3200000000006185,SL Hit,2712.9,2,2119.079999999973,50.0,0.8200000000001637,-4.139999999999873
2024-10-18 12:25:00,2024-10-18 12:55:00,Long,2712.86,2710.585,-2.275000000000091,SL Hit,2710.585,1,2116.804999999973,30.0,-3.3099999999999454,3.7799999999997453
2024-10-18 15:50:00,2024-10-18 16:05:00,Short,2715.46,2716.57,-2.2200000000002547,SL Hit,2716.57,2,2114.5849999999728,15.0,2.6700000000000728,-1.1599999999998545
2024-10-18 16:15:00,2024-10-18 16:30:00,Long,2716.835,2715.95,-1.7700000000004366,SL Hit,2715.95,2,2112.8149999999723,15.0,-1.0349999999998545,0.8649999999997817
2024-10-18 16:35:00,2024-10-18 16:55:00,Short,2715.855,2717.7,-3.6899999999996,SL Hit,2717.7,2,2109.1249999999727,20.0,1.925000000000182,-0.5850000000000364
2024-10-18 17:00:00,2024-10-18 17:20:00,Long,2717.61,2716.8050000000003,-0.8049999999998363,SL Hit,2716.8050000000003,1,2108.319999999973,20.0,-2.0599999999999454,1.9200000000000728
2024-10-21 00:25:00,2024-10-21 00:30:00,Short,2723.77,2724.4699999999993,-0.6999999999993634,SL Hit,2724.4699999999993,1,2107.6199999999735,5.0,1.1100000000001273,-1.300000000000182
2024-10-21 01:10:00,2024-10-21 02:10:00,Long,2726.806666666667,2725.87,-2.810000000000855,SL Hit,2725.87,3,2104.8099999999727,60.0,-1.896666666666988,2.08333333333303
2024-10-21 02:25:00,2024-10-21 02:30:00,Long,2728.25,2728.25,0.0,SL Hit,2728.25,1,2104.8099999999727,5.0,-0.8600000000001273,1.4099999999998545
2024-10-21 04:35:00,2024-10-21 06:45:00,Short,2728.734,2727.76,4.869999999998527,SL Hit,2727.76,5,2109.679999999971,130.0,2.005999999999858,-5.2039999999997235
2024-10-21 08:25:00,2024-10-21 08:45:00,Long,2731.64,2731.64,0.0,SL Hit,2731.64,1,2109.679999999971,20.0,-1.0099999999997635,1.3400000000001455
2024-10-21 11:40:00,2024-10-21 11:50:00,Long,2735.97,2735.97,0.0,SL Hit,2735.97,1,2109.679999999971,10.0,-0.9599999999995816,1.9400000000000546
2024-10-21 12:35:00,2024-10-21 13:25:00,Long,2737.415,2736.16,-2.5100000000002183,SL Hit,2736.16,2,2107.169999999971,50.0,-1.5450000000000728,2.1849999999999454
2024-10-21 13:35:00,2024-10-21 13:50:00,Short,2738.61,2741.76,-3.150000000000091,Bullish Trade Reversal,2741.76,1,2104.019999999971,15.0,1.849999999999909,-1.5399999999999636
2024-10-21 13:50:00,2024-10-21 14:00:00,Long,2737.39,2737.39,0.0,SL Hit,2737.39,1,2104.019999999971,10.0,-2.3799999999996544,2.5700000000001637
2024-10-21 16:20:00,2024-10-21 16:30:00,Short,2720.21,2720.21,0.0,SL Hit,2720.21,1,2104.019999999971,10.0,1.9800000000000182,-1.9099999999998545
2024-10-21 18:05:00,2024-10-21 19:50:00,Short,2720.4133333333334,2720.61,-0.5900000000001455,SL Hit,2720.61,3,2103.4299999999707,105.0,2.1266666666665515,-7.013333333333321
2024-10-21 23:15:00,2024-10-21 23:20:00,Long,2721.23,2720.9149999999995,-0.3150000000005093,SL Hit,2720.9149999999995,1,2103.11499999997,5.0,-0.8299999999999272,0.3200000000001637
2024-10-21 23:25:00,2024-10-21 23:30:00,Long,2721.14,2721.14,0.0,SL Hit,2721.14,1,2103.11499999997,5.0,-0.44000000000005457,1.2200000000002547
2024-10-22 00:05:00,2024-10-22 02:00:00,Long,2724.572,2727.79,16.089999999999236,SL Hit,2727.79,5,2119.2049999999695,115.0,-3.1720000000000255,5.507999999999811
2024-10-22 03:05:00,2024-10-22 05:10:00,Long,2731.76,2733.61,7.399999999999636,SL Hit,2733.61,4,2126.604999999969,125.0,-1.8400000000001455,4.0
2024-10-22 05:15:00,2024-10-22 06:20:00,Short,2733.94,2734.4,-0.9200000000000728,SL Hit,2734.4,2,2125.684999999969,65.0,2.2399999999997817,-4.630000000000109
2024-10-22 08:10:00,2024-10-22 08:15:00,Short,2733.66,2735.025000000001,-1.365000000001146,SL Hit,2735.025000000001,1,2124.319999999968,5.0,1.6900000000000546,-1.5
2024-10-22 13:15:00,2024-10-22 13:55:00,Long,2738.0950000000003,2737.56,-1.0700000000006185,SL Hit,2737.56,2,2123.2499999999673,40.0,-2.6350000000002183,3.794999999999618
2024-10-22 14:50:00,2024-10-22 15:35:00,Long,2741.08,2740.86,-0.4399999999995998,SL Hit,2740.86,2,2122.8099999999677,45.0,-1.4299999999998363,2.980000000000018
2024-10-22 17:50:00,2024-10-22 18:00:00,Long,2746.27,2746.27,0.0,SL Hit,2746.27,1,2122.8099999999677,10.0,-0.40000000000009095,0.7800000000002001
2024-10-22 20:50:00,2024-10-22 22:00:00,Long,2748.11,2747.619999999999,-0.49000000000114596,SL Hit,2747.619999999999,1,2122.3199999999665,70.0,-1.1600000000003092,0.5399999999999636
2024-10-22 23:35:00,2024-10-22 23:40:00,Long,2747.19,2746.9449999999997,-0.2450000000003456,SL Hit,2746.9449999999997,1,2122.074999999966,5.0,-0.8299999999999272,0.15000000000009095
2024-10-23 00:40:00,2024-10-23 00:45:00,Short,2745.37,2745.6850000000004,-0.3150000000005093,SL Hit,2745.6850000000004,1,2121.7599999999657,5.0,0.34999999999990905,-0.4699999999997999
2024-10-23 02:40:00,2024-10-23 05:25:00,Long,2741.9950000000003,2748.95,27.81999999999789,SL Hit,2748.95,4,2149.5799999999635,165.0,-3.6350000000002183,8.764999999999873
2024-10-23 08:10:00,2024-10-23 09:05:00,Long,2756.2,2755.61,-1.1799999999993815,SL Hit,2755.61,2,2148.399999999964,55.0,-1.3999999999996362,2.0
2024-10-23 09:10:00,2024-10-23 11:15:00,Short,2751.71,2751.75,-0.15999999999985448,SL Hit,2751.75,4,2148.2399999999643,125.0,3.6900000000000546,-2.8099999999999454
2024-10-23 15:05:00,2024-10-23 15:55:00,Short,2718.03,2721.4949999999994,-3.464999999999236,SL Hit,2721.4949999999994,1,2144.774999999965,50.0,4.269999999999982,-9.430000000000291
2024-10-23 19:40:00,2024-10-23 19:50:00,Long,2716.67,2716.67,0.0,SL Hit,2716.67,1,2144.774999999965,10.0,-0.7000000000002728,1.5399999999999636
2024-10-23 22:15:00,2024-10-24 02:05:00,Long,2719.831666666667,2721.9,12.409999999998945,SL Hit,2721.9,6,2157.184999999964,230.0,-4.631666666667115,6.4683333333332484
2024-10-24 02:10:00,2024-10-24 04:10:00,Short,2722.675,2723.38,-1.4099999999998545,SL Hit,2723.38,2,2155.774999999964,120.0,1.3449999999998,-2.875
2024-10-24 04:15:00,2024-10-24 07:45:00,Long,2729.7816666666668,2734.2,26.5099999999984,SL Hit,2734.2,6,2182.2849999999626,210.0,-6.571666666666715,7.098333333333358
2024-10-24 12:40:00,2024-10-24 13:45:00,Long,2739.9900000000002,2736.7,-9.870000000001255,SL Hit,2736.7,3,2172.4149999999613,65.0,-4.5300000000002,3.2199999999998
2024-10-24 17:40:00,2024-10-24 18:45:00,Long,2735.3599999999997,2735.25,-0.4399999999986903,SL Hit,2735.25,4,2171.9749999999626,65.0,-1.0599999999994907,2.2500000000004547
2024-10-24 18:50:00,2024-10-25 01:10:00,Short,2735.0162499999997,2733.64,11.0099999999984,SL Hit,2733.64,8,2182.984999999961,380.0,1.643750000000182,-3.776249999999891
2024-10-25 02:35:00,2024-10-25 04:10:00,Short,2726.75,2727.02,-0.8099999999999454,SL Hit,2727.02,3,2182.174999999961,95.0,1.5900000000001455,-2.119999999999891
2024-10-25 04:15:00,2024-10-25 04:20:00,Long,2726.11,2726.11,0.0,SL Hit,2726.11,1,2182.174999999961,5.0,-0.8800000000001091,0.7199999999997999
2024-10-25 04:40:00,2024-10-25 05:00:00,Short,2725.79,2726.8400000000006,-1.0500000000006366,SL Hit,2726.8400000000006,1,2181.1249999999604,20.0,1.8099999999999454,-0.8099999999999454
2024-10-25 06:35:00,2024-10-25 07:30:00,Long,2728.9700000000003,2728.95,-0.040000000000873115,SL Hit,2728.95,2,2181.0849999999596,55.0,-1.2600000000002183,3.3599999999996726
2024-10-25 09:35:00,2024-10-25 09:40:00,Short,2717.91,2719.135000000001,-1.2250000000012733,SL Hit,2719.135000000001,1,2179.8599999999583,5.0,2.1600000000003092,-0.6299999999996544
2024-10-25 11:05:00,2024-10-25 15:40:00,Long,2730.0912499999995,2737.02,55.43000000000393,SL Hit,2737.02,8,2235.289999999962,275.0,-8.56124999999929,11.68875000000071
2024-10-25 15:45:00,2024-10-25 16:35:00,Short,2737.815,2738.69,-1.75,SL Hit,2738.69,2,2233.539999999962,50.0,0.974999999999909,-4.7150000000001455
2024-10-25 16:40:00,2024-10-25 16:45:00,Long,2736.9,2736.9,0.0,SL Hit,2736.9,1,2233.539999999962,5.0,-0.6300000000001091,1.8099999999999454
2024-10-25 18:40:00,2024-10-25 19:30:00,Short,2742.2799999999997,2741.75,1.0599999999994907,SL Hit,2741.75,2,2234.5999999999617,50.0,1.4200000000000728,-2.1799999999998363
2024-10-28 00:05:00,2024-10-28 01:45:00,Short,2731.6800000000003,2728.89,8.370000000001255,SL Hit,2728.89,3,2242.969999999963,100.0,4.199999999999818,-7.170000000000073
2024-10-28 03:05:00,2024-10-28 05:10:00,Short,2733.153333333333,2734.1,-2.8400000000001455,SL Hit,2734.1,3,2240.129999999963,125.0,1.2866666666668607,-3.9433333333331575
2024-10-28 05:15:00,2024-10-28 06:55:00,Long,2737.0975000000003,2740.62,14.089999999998327,SL Hit,2740.62,4,2254.219999999961,100.0,-5.887500000000273,7.262499999999818
2024-10-28 09:10:00,2024-10-28 10:25:00,Short,2731.6425,2731.07,2.289999999999054,SL Hit,2731.07,4,2256.50999999996,75.0,2.1975000000002183,-3.432499999999891
2024-10-28 11:45:00,2024-10-28 12:50:00,Long,2732.3366666666666,2731.9,-1.3099999999994907,SL Hit,2731.9,3,2255.1999999999607,65.0,-1.6366666666667697,2.313333333333503
2024-10-28 14:50:00,2024-10-28 15:00:00,Long,2744.16,2742.4799999999996,-1.680000000000291,SL Hit,2742.4799999999996,1,2253.5199999999604,10.0,-3.1700000000000728,1.3200000000001637
2024-10-28 18:25:00,2024-10-28 18:40:00,Short,2740.44,2741.7349999999997,-1.294999999999618,SL Hit,2741.7349999999997,1,2252.224999999961,15.0,1.3699999999998909,-0.34999999999990905
2024-10-28 19:30:00,2024-10-28 19:35:00,Long,2742.33,2742.33,0.0,SL Hit,2742.33,1,2252.224999999961,5.0,-0.25,0.7600000000002183
2024-10-28 23:05:00,2024-10-28 23:30:00,Long,2741.725,2740.6,-2.25,SL Hit,2740.6,2,2249.974999999961,25.0,-1.724999999999909,0.9250000000001819
2024-10-29 00:55:00,2024-10-29 02:35:00,Long,2750.8619999999996,2754.31,17.2400000000016,SL Hit,2754.31,5,2267.2149999999624,100.0,-5.861999999999625,6.418000000000575
2024-10-29 05:50:00,2024-10-29 06:20:00,Short,2752.53,2752.774999999999,-0.24499999999898137,SL Hit,2752.774999999999,1,2266.9699999999634,30.0,0.4299999999998363,-3.5100000000002183
2024-10-29 06:45:00,2024-10-29 07:25:00,Long,2753.8100000000004,2753.84,0.05999999999949068,SL Hit,2753.84,2,2267.029999999963,40.0,-0.7400000000002365,2.549999999999727
2024-10-29 09:20:00,2024-10-29 09:25:00,Long,2755.5,2755.5,0.0,SL Hit,2755.5,1,2267.029999999963,5.0,-1.1700000000000728,0.9099999999998545
2024-10-29 09:35:00,2024-10-29 11:15:00,Short,2751.523333333333,2751.08,1.3299999999994725,SL Hit,2751.08,3,2268.3599999999624,100.0,2.2866666666668607,-4.223333333332903
2024-10-29 11:45:00,2024-10-29 12:55:00,Long,2751.1549999999997,2749.07,-4.169999999999163,SL Hit,2749.07,2,2264.189999999963,70.0,-2.0949999999998,2.105000000000473
2024-10-29 18:55:00,2024-10-29 19:00:00,Long,2772.78,2772.4649999999997,-0.3150000000005093,SL Hit,2772.4649999999997,1,2263.8749999999627,5.0,-1.180000000000291,1.319999999999709
2024-10-29 23:20:00,2024-10-29 23:50:00,Short,2773.875,2774.66,-1.569999999999709,SL Hit,2774.66,2,2262.304999999963,30.0,1.1649999999999636,-1.775000000000091
2024-10-30 01:05:00,2024-10-30 01:15:00,Long,2778.2,2776.135000000001,-2.0649999999986903,Bearish Trade Reversal,2776.135000000001,1,2260.2399999999643,10.0,-1.199999999999818,0.7300000000000182
2024-10-30 01:15:00,2024-10-30 01:35:00,Short,2778.05,2778.8199999999997,-0.7699999999995271,SL Hit,2778.8199999999997,1,2259.469999999965,20.0,2.4299999999998363,-1.0199999999999818
2024-10-30 08:40:00,2024-10-30 09:50:00,Short,2781.4733333333334,2782.98,-4.519999999999982,SL Hit,2782.98,3,2254.949999999965,70.0,2.8866666666667697,-1.9933333333333394
2024-10-30 11:20:00,2024-10-30 11:25:00,Short,2780.97,2781.0050000000006,-0.035000000000763976,SL Hit,2781.0050000000006,1,2254.914999999964,5.0,0.43000000000029104,-0.6399999999998727
2024-10-30 12:45:00,2024-10-30 13:25:00,Long,2781.31,2780.6449999999995,-0.6650000000004184,SL Hit,2780.6449999999995,1,2254.2499999999636,40.0,-1.7899999999999636,6.0900000000001455
2024-10-30 14:45:00,2024-10-30 15:10:00,Long,2780.34,2773.34,-7.0,SL Hit,2773.34,1,2247.2499999999636,25.0,-8.329999999999927,0.9899999999997817
2024-10-30 18:40:00,2024-10-30 18:50:00,Short,2788.23,2788.8250000000003,-0.5950000000002547,SL Hit,2788.8250000000003,1,2246.6549999999634,10.0,0.6599999999998545,-1.5300000000002
2024-10-30 18:55:00,2024-10-30 20:45:00,Short,2787.105,2787.71,-2.4200000000000728,SL Hit,2787.71,4,2244.2349999999633,110.0,1.4650000000001455,-3.105000000000018
2024-10-30 23:45:00,2024-10-31 00:15:00,Short,2786.4,2786.79,-0.7799999999997453,SL Hit,2786.79,2,2243.4549999999635,30.0,1.6199999999998909,-1.7100000000000364
2024-10-31 03:35:00,2024-10-31 05:20:00,Short,2785.2650000000003,2784.96,0.6100000000005821,SL Hit,2784.96,2,2244.064999999964,105.0,1.5649999999995998,-3.0250000000005457
2024-10-31 05:35:00,2024-10-31 08:50:00,Short,2782.0833333333335,2779.32,16.579999999999927,SL Hit,2779.32,6,2260.644999999964,195.0,3.766666666666424,-4.933333333333394
2024-10-31 09:00:00,2024-10-31 10:00:00,Long,2778.066666666667,2777.2,-2.600000000001728,SL Hit,2777.2,3,2258.0449999999623,60.0,-1.1366666666672245,1.853333333333012
2024-10-31 10:40:00,2024-10-31 12:20:00,Long,2779.3766666666666,2778.96,-1.2499999999995453,SL Hit,2778.96,3,2256.794999999963,100.0,-2.3066666666663878,3.013333333333321
2024-10-31 14:35:00,2024-10-31 15:55:00,Short,2742.255,2740.18,4.150000000000546,SL Hit,2740.18,2,2260.9449999999633,80.0,5.264999999999873,-10.28500000000031
2024-10-31 17:50:00,2024-10-31 18:00:00,Short,2739.09,2740.349999999999,-1.259999999998854,SL Hit,2740.349999999999,1,2259.6849999999645,10.0,1.4800000000000182,-0.6900000000000546
2024-10-31 18:25:00,2024-10-31 19:35:00,Long,2744.9666666666667,2747.2,6.699999999999363,SL Hit,2747.2,3,2266.384999999964,70.0,-4.466666666666697,4.333333333333485
2024-10-31 23:30:00,2024-10-31 23:45:00,Long,2747.11,2746.619999999999,-0.49000000000114596,SL Hit,2746.619999999999,1,2265.8949999999627,15.0,-0.8200000000001637,0.6999999999998181
2024-11-01 00:30:00,2024-11-01 01:05:00,Short,2745.64,2746.85,-2.4200000000000728,SL Hit,2746.85,2,2263.4749999999626,35.0,1.3700000000003456,-1.5399999999999636
2024-11-01 01:10:00,2024-11-01 01:15:00,Long,2746.91,2745.9300000000007,-0.9799999999991087,SL Hit,2745.9300000000007,1,2262.4949999999635,5.0,-1.0099999999997635,0.5700000000001637
2024-11-01 03:25:00,2024-11-01 04:35:00,Long,2750.733333333333,2750.2,-1.599999999999909,SL Hit,2750.2,3,2260.8949999999636,70.0,-1.9933333333333394,1.2066666666669335
2024-11-01 06:40:00,2024-11-01 08:10:00,Short,2751.116666666667,2751.72,-1.809999999999036,SL Hit,2751.72,3,2259.0849999999646,90.0,2.2433333333333394,-3.9566666666669335
2024-11-01 09:00:00,2024-11-01 09:05:00,Short,2753.87,2753.87,0.0,SL Hit,2753.87,1,2259.0849999999646,5.0,0.9500000000002728,-2.569999999999709
2024-11-01 09:20:00,2024-11-01 09:30:00,Long,2752.95,2751.760000000001,-1.1899999999986903,SL Hit,2751.760000000001,1,2257.894999999966,10.0,-1.8599999999996726,0.7200000000002547
2024-11-01 11:15:00,2024-11-01 12:00:00,Long,2752.4049999999997,2751.85,-1.1099999999996726,SL Hit,2751.85,2,2256.784999999966,45.0,-0.8649999999997817,1.425000000000182
2024-11-01 15:15:00,2024-11-01 15:50:00,Long,2748.0,2743.21,-9.579999999999927,SL Hit,2743.21,2,2247.2049999999663,35.0,-4.880000000000109,1.8699999999998909
2024-11-01 17:25:00,2024-11-01 18:35:00,Short,2738.06,2737.62,0.8800000000001091,SL Hit,2737.62,2,2248.0849999999664,70.0,2.4099999999998545,-4.860000000000127
2024-11-01 18:45:00,2024-11-01 18:55:00,Long,2736.65,2735.425,-1.224999999999909,SL Hit,2735.425,1,2246.8599999999665,10.0,-1.349999999999909,0.7799999999997453
2024-11-01 20:45:00,2024-11-03 23:00:00,Long,2734.58,2734.3,-0.27999999999974534,SL Hit,2734.3,1,2246.5799999999667,3015.0,-3.6700000000000728,12.11999999999989
2024-11-04 01:10:00,2024-11-04 01:15:00,Short,2736.46,2737.545,-1.0850000000000364,SL Hit,2737.545,1,2245.4949999999667,5.0,1.2699999999999818,-1.2600000000002183
2024-11-04 03:35:00,2024-11-04 04:05:00,Long,2740.84,2740.46,-0.7600000000002183,SL Hit,2740.46,2,2244.7349999999665,30.0,-0.43000000000029104,1.4400000000000546
2024-11-04 04:10:00,2024-11-04 04:35:00,Short,2741.4049999999997,2741.78,-0.7500000000009095,SL Hit,2741.78,2,2243.9849999999656,25.0,0.37500000000045475,-1.694999999999709
2024-11-04 12:15:00,2024-11-04 12:20:00,Long,2740.89,2740.75,-0.13999999999987267,SL Hit,2740.75,1,2243.8449999999657,5.0,-0.7100000000000364,1.1700000000000728
2024-11-04 12:55:00,2024-11-04 13:10:00,Long,2742.45,2741.995000000001,-0.45499999999901775,SL Hit,2741.995000000001,1,2243.3899999999667,15.0,-0.6499999999996362,1.9400000000000546
2024-11-04 15:05:00,2024-11-04 15:30:00,Long,2743.4799999999996,2740.9,-5.159999999998945,SL Hit,2740.9,2,2238.2299999999677,25.0,-4.519999999999527,1.6700000000005275
2024-11-04 17:15:00,2024-11-04 17:20:00,Short,2734.83,2738.19,-3.3600000000001273,Bullish Trade Reversal,2738.19,1,2234.8699999999676,5.0,1.6700000000000728,-1.6199999999998909
2024-11-04 17:20:00,2024-11-04 20:00:00,Long,2737.5371428571425,2737.1,-3.0599999999981264,SL Hit,2737.1,7,2231.8099999999695,160.0,-3.227142857142553,1.9528571428572832
2024-11-04 20:05:00,2024-11-04 20:20:00,Short,2737.24,2737.24,0.0,SL Hit,2737.24,1,2231.8099999999695,15.0,0.45000000000027285,-1.4399999999995998
2024-11-04 21:15:00,2024-11-04 21:30:00,Short,2736.51,2736.65,-0.13999999999987267,SL Hit,2736.65,1,2231.6699999999696,15.0,0.18999999999959982,-1.7100000000000364
2024-11-05 04:50:00,2024-11-05 05:15:00,Short,2734.98,2735.33,-0.6999999999998181,SL Hit,2735.33,2,2230.96999999997,25.0,1.2899999999999636,-1.1399999999998727
2024-11-05 09:35:00,2024-11-05 11:00:00,Short,2738.813333333333,2739.48,-2.0000000000009095,SL Hit,2739.48,3,2228.969999999969,85.0,3.796666666667079,-3.08333333333303
2024-11-05 11:10:00,2024-11-05 11:15:00,Long,2739.36,2739.36,0.0,SL Hit,2739.36,1,2228.969999999969,5.0,-1.2600000000002183,0.900000000000091
2024-11-05 13:40:00,2024-11-05 14:45:00,Long,2743.865,2742.9,-1.9299999999993815,SL Hit,2742.9,2,2227.0399999999695,65.0,-1.794999999999618,5.835000000000036
2024-11-05 14:50:00,2024-11-05 14:55:00,Short,2743.69,2744.5299999999993,-0.839999999999236,SL Hit,2744.5299999999993,1,2226.1999999999703,5.0,3.0700000000001637,-1.4400000000000546
2024-11-05 18:10:00,2024-11-05 18:15:00,Long,2742.03,2738.74,-3.2900000000004184,Bearish Trade Reversal,2738.74,1,2222.90999999997,5.0,-1.4200000000000728,1.0099999999997635
2024-11-05 18:15:00,2024-11-05 19:25:00,Short,2741.96,2741.994999999999,-0.034999999998944986,SL Hit,2741.994999999999,1,2222.874999999971,70.0,0.09000000000014552,-3.0599999999999454
2024-11-05 23:45:00,2024-11-05 23:55:00,Short,2744.7,2745.4700000000007,-0.7700000000008913,SL Hit,2745.4700000000007,1,2222.10499999997,10.0,1.3600000000001273,-1.1499999999996362
2024-11-06 00:20:00,2024-11-06 01:15:00,Short,2739.28,2739.86,-1.7399999999997817,SL Hit,2739.86,3,2220.36499999997,55.0,3.3599999999996726,-6.170000000000073
2024-11-06 01:20:00,2024-11-06 02:30:00,Long,2743.0150000000003,2742.68,-0.6700000000009823,SL Hit,2742.68,2,2219.6949999999692,70.0,-4.555000000000291,6.294999999999618
2024-11-06 02:50:00,2024-11-06 04:35:00,Short,2738.2333333333336,2738.98,-2.239999999999327,SL Hit,2738.98,3,2217.45499999997,105.0,6.2266666666664605,-6.583333333333485
2024-11-06 04:40:00,2024-11-06 05:10:00,Long,2739.28,2739.28,0.0,SL Hit,2739.28,1,2217.45499999997,30.0,-0.7699999999999818,3.9599999999995816
2024-11-06 06:05:00,2024-11-06 08:15:00,Short,2727.3549999999996,2728.01,-2.6200000000026193,SL Hit,2728.01,4,2214.8349999999673,130.0,10.145000000000437,-25.2849999999994
2024-11-06 09:30:00,2024-11-06 09:45:00,Short,2722.15,2722.15,0.0,SL Hit,2722.15,1,2214.8349999999673,15.0,1.3600000000001273,-5.599999999999909
2024-11-06 10:30:00,2024-11-06 10:35:00,Long,2725.58,2725.58,0.0,SL Hit,2725.58,1,2214.8349999999673,5.0,-0.6900000000000546,1.2100000000000364
2024-11-06 10:45:00,2024-11-06 11:00:00,Short,2722.18,2722.18,0.0,SL Hit,2722.18,1,2214.8349999999673,15.0,0.010000000000218279,-3.099999999999909
2024-11-06 11:20:00,2024-11-06 14:10:00,Short,2694.9900000000002,2666.25,114.96000000000095,SL Hit,2666.25,4,2329.7949999999682,170.0,24.679999999999836,-36.14000000000033
2024-11-06 15:00:00,2024-11-06 15:05:00,Short,2660.47,2669.7800000000007,-9.310000000000855,Bullish Trade Reversal,2669.7800000000007,1,2320.4849999999674,5.0,4.160000000000309,-2.8799999999996544
2024-11-06 15:05:00,2024-11-06 16:10:00,Long,2666.2566666666667,2670.16,11.709999999999582,SL Hit,2670.16,3,2332.194999999967,65.0,-8.666666666666515,11.163333333333412
2024-11-06 17:05:00,2024-11-06 17:15:00,Short,2668.01,2668.955,-0.944999999999709,SL Hit,2668.955,1,2331.2499999999673,10.0,1.0499999999997272,-1.5700000000001637
2024-11-06 21:30:00,2024-11-06 23:00:00,Short,2659.835,2660.87,-2.069999999999709,SL Hit,2660.87,2,2329.1799999999675,90.0,1.6549999999997453,-1.7449999999998909
2024-11-07 00:35:00,2024-11-07 00:40:00,Long,2662.76,2662.619999999999,-0.1400000000012369,SL Hit,2662.619999999999,1,2329.0399999999663,5.0,-1.5600000000004002,0.7699999999999818
2024-11-07 01:05:00,2024-11-07 02:00:00,Short,2656.085,2650.95,10.270000000000437,SL Hit,2650.95,2,2339.3099999999667,55.0,7.554999999999836,-9.525000000000091
2024-11-07 07:05:00,2024-11-07 08:30:00,Long,2661.2749999999996,2661.8,1.0500000000010914,SL Hit,2661.8,2,2340.359999999968,85.0,-4.2049999999994725,6.135000000000218
2024-11-07 08:35:00,2024-11-07 09:05:00,Short,2662.37,2662.7899999999995,-0.419999999999618,SL Hit,2662.7899999999995,1,2339.939999999968,30.0,0.5,-4.940000000000055
2024-11-07 09:10:00,2024-11-07 09:20:00,Short,2660.7799999999997,2662.87,-4.180000000000291,SL Hit,2662.87,2,2335.759999999968,10.0,3.1100000000001273,-1.3799999999996544
2024-11-07 09:55:00,2024-11-07 10:10:00,Short,2661.92,2664.32,-4.800000000000182,SL Hit,2664.32,2,2330.9599999999677,15.0,3.299999999999727,-2.099999999999909
2024-11-07 10:45:00,2024-11-07 11:00:00,Long,2666.57,2665.835,-0.7350000000001273,SL Hit,2665.835,1,2330.2249999999676,15.0,-1.8900000000003274,1.6499999999996362
2024-11-07 12:00:00,2024-11-07 16:10:00,Long,2683.0860000000002,2695.73,63.21999999999889,SL Hit,2695.73,5,2393.4449999999665,250.0,-18.56600000000026,16.833999999999833
2024-11-07 16:15:00,2024-11-07 16:40:00,Short,2697.19,2697.19,0.0,SL Hit,2697.19,1,2393.4449999999665,25.0,0.32999999999992724,-6.130000000000109
2024-11-07 17:55:00,2024-11-07 19:30:00,Short,2696.4449999999997,2694.15,9.179999999998472,SL Hit,2694.15,4,2402.624999999965,95.0,3.305000000000291,-7.214999999999691
2024-11-07 19:35:00,2024-11-07 19:40:00,Long,2692.56,2690.12,-4.880000000000109,SL Hit,2690.12,2,2397.744999999965,5.0,-4.25,2.6900000000000546
2024-11-07 19:55:00,2024-11-08 01:00:00,Long,2702.8775,2705.3,9.69000000000051,SL Hit,2705.3,4,2407.4349999999654,305.0,-9.887500000000273,7.042500000000018
2024-11-08 01:40:00,2024-11-08 04:15:00,Short,2698.75,2695.78,17.8199999999988,SL Hit,2695.78,6,2425.254999999964,155.0,3.650000000000091,-4.849999999999909
2024-11-08 12:50:00,2024-11-08 13:00:00,Long,2690.84,2690.245,-0.5950000000002547,SL Hit,2690.245,1,2424.659999999964,10.0,-1.1400000000003274,2.0899999999996908
2024-11-08 13:25:00,2024-11-08 13:35:00,Long,2693.25,2691.71,-1.5399999999999636,SL Hit,2691.71,1,2423.119999999964,10.0,-2.699999999999818,2.9600000000000364
2024-11-08 14:35:00,2024-11-08 17:55:00,Short,2689.69,2688.2,5.960000000000946,SL Hit,2688.2,4,2429.079999999965,200.0,8.389999999999873,-6.019999999999982
2024-11-08 18:35:00,2024-11-08 19:30:00,Short,2685.3199999999997,2685.24,0.15999999999985448,SL Hit,2685.24,2,2429.2399999999648,55.0,0.9100000000003092,-2.0599999999994907
2024-11-08 19:35:00,2024-11-08 20:50:00,Long,2686.69,2686.83,0.419999999999618,SL Hit,2686.83,3,2429.6599999999644,75.0,-2.0,1.7199999999998
2024-11-11 06:15:00,2024-11-11 07:05:00,Long,2671.71,2671.5,-0.42000000000007276,SL Hit,2671.5,2,2429.2399999999643,50.0,-2.2100000000000364,2.130000000000109
2024-11-11 08:00:00,2024-11-11 08:10:00,Short,2669.25,2670.615,-1.3649999999997817,SL Hit,2670.615,1,2427.8749999999645,10.0,2.1700000000000728,-0.44000000000005457
2024-11-11 08:30:00,2024-11-11 10:00:00,Short,2668.48,2667.72,3.040000000000873,SL Hit,2667.72,4,2430.9149999999654,90.0,2.0900000000001455,-3.9400000000000546
2024-11-11 12:35:00,2024-11-11 12:55:00,Long,2658.4399999999996,2657.91,-1.0599999999994907,SL Hit,2657.91,2,2429.854999999966,20.0,-0.9799999999995634,3.6400000000003274
2024-11-11 14:30:00,2024-11-11 15:05:00,Short,2624.165,2625.91,-3.4899999999997817,SL Hit,2625.91,2,2426.364999999966,35.0,3.324999999999818,-6.304999999999836
2024-11-11 15:35:00,2024-11-11 16:30:00,Short,2615.76,2616.46,-1.3999999999996362,SL Hit,2616.46,2,2424.9649999999665,55.0,2.769999999999982,-2.9200000000000728
2024-11-11 17:10:00,2024-11-11 17:30:00,Short,2614.23,2614.23,0.0,SL Hit,2614.23,1,2424.9649999999665,20.0,0.23999999999978172,-2.5399999999999636
2024-11-11 18:15:00,2024-11-11 18:30:00,Short,2612.66,2612.66,0.0,SL Hit,2612.66,1,2424.9649999999665,15.0,0.7400000000002365,-1.9899999999997817
2024-11-12 04:45:00,2024-11-12 04:50:00,Short,2616.49,2616.49,0.0,SL Hit,2616.49,1,2424.9649999999665,5.0,0.0500000000001819,-0.8899999999998727
2024-11-12 05:55:00,2024-11-12 06:30:00,Short,2608.11,2608.11,0.0,SL Hit,2608.11,1,2424.9649999999665,35.0,1.7899999999999636,-4.070000000000164
2024-11-12 06:50:00,2024-11-12 10:45:00,Short,2600.047142857143,2595.61,31.06000000000131,SL Hit,2595.61,7,2456.024999999968,235.0,8.362857142856683,-10.217142857143244
2024-11-12 15:00:00,2024-11-12 17:50:00,Short,2601.9919999999997,2596.77,26.109999999998763,SL Hit,2596.77,5,2482.1349999999666,170.0,8.858000000000175,-9.271999999999935
2024-11-12 20:00:00,2024-11-12 20:35:00,Short,2598.4,2599.06,-1.319999999999709,SL Hit,2599.06,2,2480.814999999967,35.0,0.7899999999999636,-2.519999999999982
2024-11-12 21:25:00,2024-11-12 23:10:00,Short,2598.075,2598.25,-0.3500000000003638,SL Hit,2598.25,2,2480.4649999999665,105.0,0.875,-2.074999999999818
2024-11-12 23:40:00,2024-11-12 23:45:00,Short,2598.47,2598.680000000001,-0.21000000000140062,SL Hit,2598.680000000001,1,2480.254999999965,5.0,0.9900000000002365,-0.15999999999985448
2024-11-13 00:45:00,2024-11-13 04:40:00,Long,2606.4933333333333,2609.36,17.200000000000728,SL Hit,2609.36,6,2497.454999999966,235.0,-7.833333333333485,6.6566666666667516
2024-11-13 05:15:00,2024-11-13 05:55:00,Short,2605.795,2606.4,-1.2100000000000364,SL Hit,2606.4,2,2496.244999999966,40.0,1.275000000000091,-2.1150000000002365
2024-11-13 06:00:00,2024-11-13 06:10:00,Long,2605.45,2605.45,0.0,SL Hit,2605.45,1,2496.244999999966,10.0,-0.6199999999998909,1.7699999999999818
2024-11-13 07:30:00,2024-11-13 08:00:00,Long,2605.57,2604.975,-0.5950000000002547,SL Hit,2604.975,1,2495.6499999999655,30.0,-1.8700000000003456,1.5
2024-11-13 09:30:00,2024-11-13 10:00:00,Long,2609.5533333333337,2608.01,-4.630000000000564,SL Hit,2608.01,3,2491.019999999965,30.0,-2.213333333333594,1.7166666666662422
2024-11-13 11:15:00,2024-11-13 11:30:00,Long,2609.7200000000003,2608.16,-3.1200000000008004,SL Hit,2608.16,2,2487.899999999964,15.0,-2.6200000000003456,0.1499999999996362
2024-11-13 13:05:00,2024-11-13 13:30:00,Short,2608.995,2610.78,-3.5700000000006185,SL Hit,2610.78,2,2484.3299999999635,25.0,8.875,-1.9849999999996726
2024-11-13 13:35:00,2024-11-13 14:35:00,Long,2611.706666666667,2608.11,-10.790000000000418,SL Hit,2608.11,3,2473.539999999963,60.0,-4.356666666667024,4.533333333332848
2024-11-13 14:45:00,2024-11-13 18:50:00,Short,2592.7760000000003,2583.5,46.38000000000147,SL Hit,2583.5,5,2519.9199999999646,245.0,15.293999999999869,-14.816000000000258
2024-11-13 20:00:00,2024-11-13 21:05:00,Short,2577.0699999999997,2576.44,1.8899999999989632,SL Hit,2576.44,3,2521.8099999999636,65.0,3.7600000000002183,-3.9799999999995634
2024-11-13 21:50:00,2024-11-13 23:10:00,Short,2573.89,2574.0999999999995,-0.20999999999958163,SL Hit,2574.0999999999995,1,2521.599999999964,80.0,1.5599999999999454,-2.1299999999996544
2024-11-13 23:40:00,2024-11-14 01:30:00,Short,2570.2675,2569.04,4.9099999999998545,SL Hit,2569.04,4,2526.509999999964,110.0,4.192500000000109,-4.577499999999873
2024-11-14 01:55:00,2024-11-14 03:15:00,Short,2563.92,2564.45,-1.0599999999994907,SL Hit,2564.45,2,2525.4499999999643,80.0,2.9200000000000728,-5.019999999999982
2024-11-14 03:20:00,2024-11-14 03:45:00,Long,2563.21,2560.5150000000003,-2.694999999999709,SL Hit,2560.5150000000003,1,2522.7549999999646,25.0,-2.8600000000001273,0.650000000000091
2024-11-14 04:00:00,2024-11-14 04:45:00,Short,2561.4449999999997,2562.91,-2.930000000000291,SL Hit,2562.91,2,2519.8249999999643,45.0,1.4650000000001455,-3.3449999999998
2024-11-14 05:30:00,2024-11-14 06:00:00,Short,2560.14,2560.14,0.0,SL Hit,2560.14,1,2519.8249999999643,30.0,0.18000000000029104,-4.599999999999909
2024-11-14 08:15:00,2024-11-14 08:55:00,Long,2556.9300000000003,2555.13,-3.600000000000364,SL Hit,2555.13,2,2516.224999999964,40.0,-2.380000000000109,1.3899999999998727
2024-11-14 09:00:00,2024-11-14 11:00:00,Short,2552.65,2547.47,15.540000000000873,SL Hit,2547.47,3,2531.764999999965,120.0,5.460000000000036,-15.090000000000146
2024-11-14 11:05:00,2024-11-14 11:25:00,Long,2545.805,2545.49,-0.6300000000001091,SL Hit,2545.49,2,2531.1349999999647,20.0,-0.5149999999998727,2.505000000000109
2024-11-14 12:10:00,2024-11-14 12:45:00,Long,2554.25,2552.23,-4.039999999999964,SL Hit,2552.23,2,2527.094999999965,35.0,-3.3299999999999272,2.0799999999999272
2024-11-14 12:55:00,2024-11-14 13:05:00,Short,2553.33,2553.33,0.0,SL Hit,2553.33,1,2527.094999999965,10.0,0.7800000000002001,-1.900000000000091
2024-11-14 19:35:00,2024-11-14 20:00:00,Long,2575.3450000000003,2573.2,-4.290000000000873,SL Hit,2573.2,2,2522.804999999964,25.0,-6.355000000000473,1.2849999999998545
2024-11-14 23:45:00,2024-11-15 00:25:00,Long,2566.51,2566.2,-0.6200000000008004,SL Hit,2566.2,2,2522.184999999963,40.0,-0.650000000000091,0.6599999999998545
2024-11-15 02:50:00,2024-11-15 03:55:00,Long,2569.5266666666666,2567.88,-4.9399999999996,SL Hit,2567.88,3,2517.2449999999635,65.0,-1.8966666666665333,1.1533333333331939
2024-11-15 04:25:00,2024-11-15 04:30:00,Short,2568.07,2568.07,0.0,SL Hit,2568.07,1,2517.2449999999635,5.0,0.6099999999996726,-0.47000000000025466
2024-11-15 04:55:00,2024-11-15 07:15:00,Short,2563.965,2563.36,1.2100000000000364,SL Hit,2563.36,2,2518.4549999999635,140.0,3.4349999999999454,-9.00500000000011
2024-11-15 07:55:00,2024-11-15 08:25:00,Long,2564.88,2562.17,-5.420000000000073,SL Hit,2562.17,2,2513.0349999999635,30.0,-3.7100000000000364,1.7100000000000364
2024-11-15 14:10:00,2024-11-15 15:20:00,Long,2572.2433333333333,2571.19,-3.1599999999998545,SL Hit,2571.19,3,2509.8749999999636,70.0,-4.663333333333412,3.266666666666879
2024-11-15 17:00:00,2024-11-15 17:05:00,Short,2562.21,2562.21,0.0,SL Hit,2562.21,1,2509.8749999999636,5.0,0.7699999999999818,-2.0399999999999636
2024-11-18 03:50:00,2024-11-18 03:55:00,Short,2589.11,2589.1800000000003,-0.07000000000016371,SL Hit,2589.1800000000003,1,2509.8049999999635,5.0,0.32999999999992724,-0.6400000000003274
2024-11-18 04:20:00,2024-11-18 05:00:00,Long,2591.385,2590.74,-1.2900000000008731,SL Hit,2590.74,2,2508.5149999999626,40.0,-1.2550000000001091,1.5549999999998363
2024-11-18 07:15:00,2024-11-18 08:05:00,Short,2583.5766666666664,2584.3,-2.170000000001437,SL Hit,2584.3,3,2506.344999999961,50.0,3.1833333333338487,-1.9466666666662604
2024-11-18 09:25:00,2024-11-18 09:35:00,Long,2589.76,2589.76,0.0,SL Hit,2589.76,1,2506.344999999961,10.0,-0.25,3.1899999999996
2024-11-18 13:10:00,2024-11-18 13:20:00,Long,2594.66,2594.415000000001,-0.24499999999898137,SL Hit,2594.415000000001,1,2506.099999999962,10.0,-1.1799999999998363,3.7400000000002365
2024-11-18 15:15:00,2024-11-18 16:30:00,Long,2611.0333333333333,2609.46,-4.7199999999998,SL Hit,2609.46,3,2501.3799999999624,75.0,-2.313333333333503,3.746666666666897
2024-11-18 16:35:00,2024-11-18 16:55:00,Short,2610.43,2612.2150000000006,-1.785000000000764,SL Hit,2612.2150000000006,1,2499.5949999999616,20.0,1.9600000000000364,-0.669999999999618
2024-11-18 17:15:00,2024-11-18 17:40:00,Short,2608.87,2610.7599999999998,-1.8899999999998727,SL Hit,2610.7599999999998,1,2497.7049999999617,25.0,2.0100000000002183,-1.5199999999999818
2024-11-18 20:00:00,2024-11-18 20:35:00,Long,2609.65,2608.5,-2.300000000000182,SL Hit,2608.5,2,2495.4049999999615,35.0,-1.1700000000000728,1.7899999999999636
2024-11-18 20:40:00,2024-11-18 20:50:00,Short,2608.77,2609.8200000000006,-1.0500000000006366,SL Hit,2609.8200000000006,1,2494.354999999961,10.0,1.8099999999999454,-1.4699999999998
2024-11-18 21:40:00,2024-11-18 21:55:00,Long,2611.51,2611.51,0.0,SL Hit,2611.51,1,2494.354999999961,15.0,-0.21000000000003638,0.6899999999995998
2024-11-19 00:35:00,2024-11-19 00:40:00,Long,2612.24,2611.6450000000013,-0.5949999999984357,SL Hit,2611.6450000000013,1,2493.7599999999625,5.0,-1.0399999999999636,0.5700000000001637
2024-11-19 01:00:00,2024-11-19 01:30:00,Long,2613.75,2613.365,-0.3850000000002183,SL Hit,2613.365,1,2493.3749999999623,30.0,-1.9299999999998363,3.9099999999998545
2024-11-19 05:05:00,2024-11-19 05:15:00,Short,2622.5,2622.64,-0.13999999999987267,SL Hit,2622.64,1,2493.2349999999624,10.0,0.2800000000002001,-1.7100000000000364
2024-11-19 08:25:00,2024-11-19 08:30:00,Long,2619.84,2619.279999999999,-0.5600000000013097,SL Hit,2619.279999999999,1,2492.674999999961,5.0,-0.6700000000000728,0.9699999999997999
2024-11-19 09:20:00,2024-11-19 11:30:00,Long,2633.3759999999997,2634.17,3.970000000001619,SL Hit,2634.17,5,2496.6449999999627,130.0,-5.105999999999767,2.924000000000433
2024-11-19 13:55:00,2024-11-19 16:15:00,Short,2629.2500000000005,2627.02,11.150000000002365,SL Hit,2627.02,5,2507.794999999965,140.0,7.459999999999582,-8.170000000000528
2024-11-19 21:40:00,2024-11-19 21:45:00,Long,2631.98,2631.6649999999995,-0.3150000000005093,SL Hit,2631.6649999999995,1,2507.4799999999645,5.0,-0.9800000000000182,0.8400000000001455
2024-11-20 04:30:00,2024-11-20 05:25:00,Short,2637.25,2637.25,0.0,SL Hit,2637.25,1,2507.4799999999645,55.0,0.30999999999994543,-2.3400000000001455
2024-11-20 06:05:00,2024-11-20 08:50:00,Short,2629.0975,2623.42,22.709999999999127,SL Hit,2623.42,4,2530.1899999999637,165.0,6.512500000000273,-9.27749999999969
2024-11-20 09:40:00,2024-11-20 09:50:00,Long,2622.69,2621.45,-2.480000000000473,SL Hit,2621.45,2,2527.709999999963,10.0,-1.4500000000002728,0.7699999999999818
2024-11-20 09:55:00,2024-11-20 10:00:00,Short,2622.6,2622.6,0.0,SL Hit,2622.6,1,2527.709999999963,5.0,0.34999999999990905,-1.650000000000091
2024-11-20 16:25:00,2024-11-20 18:15:00,Long,2650.495,2648.6,-7.579999999999927,SL Hit,2648.6,4,2520.1299999999633,110.0,-2.644999999999982,4.565000000000055
2024-11-20 23:10:00,2024-11-20 23:30:00,Short,2649.18,2650.3,-1.1200000000003456,SL Hit,2650.3,1,2519.009999999963,20.0,1.2600000000002183,-0.05999999999994543
2024-11-21 03:05:00,2024-11-21 03:15:00,Short,2652.23,2652.8250000000003,-0.5950000000002547,SL Hit,2652.8250000000003,1,2518.4149999999627,10.0,0.9699999999997999,-0.9099999999998545
2024-11-21 04:15:00,2024-11-21 04:20:00,Long,2657.15,2656.555,-0.5950000000002547,SL Hit,2656.555,1,2517.8199999999624,5.0,-1.349999999999909,0.29999999999972715
2024-11-21 05:15:00,2024-11-21 05:20:00,Short,2655.68,2655.68,0.0,SL Hit,2655.68,1,2517.8199999999624,5.0,0.19000000000005457,-0.9699999999997999
2024-11-21 05:55:00,2024-11-21 07:15:00,Long,2659.423333333333,2660.19,2.3000000000006366,SL Hit,2660.19,3,2520.119999999963,80.0,-3.133333333333212,2.5366666666668607
2024-11-21 07:25:00,2024-11-21 08:10:00,Long,2663.1033333333335,2662.31,-2.380000000000564,SL Hit,2662.31,3,2517.7399999999625,45.0,-2.0933333333332484,1.166666666666515
2024-11-21 09:45:00,2024-11-21 09:50:00,Short,2666.43,2666.43,0.0,SL Hit,2666.43,1,2517.7399999999625,5.0,0.7699999999999818,-2.9899999999997817
2024-11-21 11:05:00,2024-11-21 12:05:00,Long,2668.99,2668.5350000000008,-0.45499999999901775,SL Hit,2668.5350000000008,1,2517.2849999999635,60.0,-3.299999999999727,4.320000000000164
2024-11-21 12:45:00,2024-11-21 13:10:00,Short,2665.39,2667.0350000000008,-1.6450000000008913,SL Hit,2667.0350000000008,1,2515.6399999999626,25.0,1.8200000000001637,-4.389999999999873
2024-11-21 14:10:00,2024-11-21 14:50:00,Long,2667.96,2664.46,-3.5,SL Hit,2664.46,1,2512.1399999999626,40.0,-6.449999999999818,3.380000000000109
2024-11-21 19:55:00,2024-11-21 20:50:00,Short,2669.6333333333337,2670.65,-3.0499999999992724,SL Hit,2670.65,3,2509.0899999999633,55.0,1.8666666666663332,-1.7333333333335759
2024-11-21 21:45:00,2024-11-21 23:50:00,Short,2669.5225,2669.59,-0.27000000000043656,SL Hit,2669.59,4,2508.819999999963,125.0,0.8074999999998909,-2.5225000000000364
2024-11-21 23:55:00,2024-11-22 00:00:00,Short,2669.49,2669.700000000001,-0.21000000000140062,SL Hit,2669.700000000001,1,2508.6099999999615,5.0,0.5400000000004184,-0.8099999999999454
2024-11-22 06:10:00,2024-11-22 09:15:00,Long,2692.056,2694.76,13.520000000000891,SL Hit,2694.76,5,2522.1299999999624,185.0,-5.916000000000167,7.94399999999996
2024-11-22 10:20:00,2024-11-22 11:15:00,Long,2707.4466666666667,2705.65,-5.389999999999873,SL Hit,2705.65,3,2516.7399999999625,55.0,-4.696666666666715,2.4633333333331393
2024-11-22 14:25:00,2024-11-22 14:35:00,Short,2689.45,2689.9750000000004,-0.5250000000005457,SL Hit,2689.9750000000004,1,2516.214999999962,10.0,0.8900000000003274,-4.9399999999996
2024-11-22 17:45:00,2024-11-22 17:55:00,Short,2705.43,2707.5650000000005,-2.135000000000673,Bullish Trade Reversal,2707.5650000000005,1,2514.0799999999613,10.0,1.5,-0.30999999999994543
2024-11-22 17:55:00,2024-11-22 19:40:00,Long,2708.8725000000004,2709.3,1.7099999999991269,SL Hit,2709.3,4,2515.7899999999604,105.0,-2.5825000000004366,2.457499999999527
2024-11-22 20:10:00,2024-11-22 21:10:00,Short,2706.585,2708.64,-4.109999999999673,SL Hit,2708.64,2,2511.6799999999607,60.0,2.2049999999999272,-1.5149999999998727
2024-11-25 15:55:00,2024-11-25 16:00:00,Short,2629.52,2633.2299999999996,-3.7099999999995816,SL Hit,2633.2299999999996,1,2507.969999999961,5.0,4.329999999999927,-2.9699999999998
2024-11-25 21:25:00,2024-11-25 23:10:00,Short,2626.38,2627.569999999999,-1.1899999999986903,SL Hit,2627.569999999999,1,2506.7799999999625,105.0,1.1900000000000546,-1.1199999999998909
2024-11-26 01:05:00,2024-11-26 02:40:00,Long,2626.5024999999996,2625.74,-3.0499999999992724,SL Hit,2625.74,4,2503.729999999963,95.0,-4.012499999999818,5.337500000000546
2024-11-26 03:30:00,2024-11-26 04:10:00,Long,2629.59,2629.34,-0.5,SL Hit,2629.34,2,2503.229999999963,40.0,-2.4900000000002365,1.6700000000000728
2024-11-26 10:10:00,2024-11-26 11:00:00,Long,2630.07,2629.49,-1.740000000001146,SL Hit,2629.49,3,2501.489999999962,50.0,-2.6700000000000728,2.6900000000000546
2024-11-26 11:40:00,2024-11-26 12:20:00,Long,2632.036666666667,2631.06,-2.930000000000746,SL Hit,2631.06,3,2498.5599999999613,40.0,-1.1266666666670062,2.513333333333321
2024-11-26 12:30:00,2024-11-26 13:00:00,Short,2631.535,2632.66,-2.25,SL Hit,2632.66,2,2496.3099999999613,30.0,6.2150000000001455,-1.8849999999997635
2024-11-26 13:35:00,2024-11-26 15:20:00,Short,2626.68,2625.11,4.709999999999127,SL Hit,2625.11,3,2501.0199999999604,105.0,7.350000000000364,-9.329999999999927
2024-11-26 16:45:00,2024-11-26 17:00:00,Long,2629.08,2627.8899999999994,-1.1900000000005093,SL Hit,2627.8899999999994,1,2499.82999999996,15.0,-2.119999999999891,1.599999999999909
2024-11-26 21:25:00,2024-11-26 21:40:00,Long,2632.51,2631.8450000000003,-0.6649999999999636,SL Hit,2631.8450000000003,1,2499.16499999996,15.0,-0.900000000000091,0.599999999999909
2024-11-27 02:05:00,2024-11-27 03:05:00,Long,2635.13,2636.64,3.019999999999527,SL Hit,2636.64,2,2502.1849999999595,60.0,-3.25,5.25
2024-11-27 03:10:00,2024-11-27 03:25:00,Short,2636.66,2637.500000000001,-0.840000000001055,SL Hit,2637.500000000001,1,2501.3449999999584,15.0,2.5399999999999636,-0.599999999999909
2024-11-27 06:50:00,2024-11-27 08:15:00,Long,2645.3599999999997,2646.0,1.2800000000006548,SL Hit,2646.0,2,2502.624999999959,85.0,-1.6199999999998909,3.100000000000364
2024-11-27 08:20:00,2024-11-27 08:25:00,Short,2649.15,2649.15,0.0,Bullish Trade Reversal,2649.15,1,2502.624999999959,5.0,-0.0,-3.25
2024-11-27 08:25:00,2024-11-27 08:35:00,Long,2646.925,2645.8,-2.25,SL Hit,2645.8,2,2500.374999999959,10.0,-1.555000000000291,1.6050000000000182
2024-11-27 09:35:00,2024-11-27 11:35:00,Short,2648.485,2649.06,-3.4499999999989086,SL Hit,2649.06,6,2496.92499999996,120.0,2.125,-3.4149999999999636
2024-11-27 19:20:00,2024-11-27 20:05:00,Short,2636.5,2636.34,0.31999999999970896,SL Hit,2636.34,2,2497.24499999996,45.0,2.1799999999998363,-2.599999999999909
2024-11-27 23:55:00,2024-11-28 00:00:00,Short,2637.11,2637.11,0.0,SL Hit,2637.11,1,2497.24499999996,5.0,0.02999999999974534,-1.5100000000002183
2024-11-28 05:05:00,2024-11-28 05:15:00,Short,2631.37,2632.210000000001,-0.840000000001055,SL Hit,2632.210000000001,1,2496.404999999959,10.0,1.930000000000291,-1.6700000000000728
2024-11-28 05:25:00,2024-11-28 11:20:00,Long,2639.017777777778,2646.8,70.03999999999905,SL Hit,2646.8,9,2566.444999999958,355.0,-9.117777777777974,10.14222222222179
2024-11-28 11:30:00,2024-11-28 12:35:00,Short,2646.48,2646.72,-0.7199999999993452,SL Hit,2646.72,3,2565.7249999999585,65.0,0.9899999999997817,-2.6799999999998363
2024-11-28 13:50:00,2024-11-28 14:20:00,Long,2646.895,2645.56,-2.6700000000000728,SL Hit,2645.56,2,2563.0549999999585,30.0,-1.8649999999997817,0.8249999999998181
2024-11-28 17:25:00,2024-11-28 17:40:00,Short,2640.65,2641.419999999999,-0.7699999999990723,SL Hit,2641.419999999999,1,2562.2849999999594,15.0,0.8099999999999454,-0.8899999999998727
2024-11-28 18:15:00,2024-11-28 18:25:00,Short,2640.62,2641.0399999999995,-0.419999999999618,SL Hit,2641.0399999999995,1,2561.8649999999598,10.0,0.680000000000291,-0.6199999999998909
2024-11-28 18:45:00,2024-11-28 23:55:00,Short,2639.0866666666666,2638.62,1.400000000000091,SL Hit,2638.62,3,2563.26499999996,310.0,1.8033333333332848,-1.9866666666666788
2024-11-29 04:45:00,2024-11-29 05:05:00,Long,2659.92,2659.51,-1.2299999999995634,SL Hit,2659.51,3,2562.0349999999603,20.0,-0.5199999999999818,1.0499999999997272
2024-11-29 05:10:00,2024-11-29 05:25:00,Short,2660.89,2661.1699999999996,-0.27999999999974534,SL Hit,2661.1699999999996,1,2561.7549999999605,15.0,2.1200000000003456,-0.9899999999997817
2024-11-29 08:30:00,2024-11-29 09:10:00,Short,2658.625,2660.35,-3.449999999999818,SL Hit,2660.35,2,2558.3049999999607,40.0,2.3850000000002183,-4.525000000000091
2024-11-29 11:50:00,2024-11-29 13:20:00,Short,2660.9533333333334,2661.6,-1.9399999999995998,SL Hit,2661.6,3,2556.364999999961,90.0,3.416666666666515,-4.013333333333321
2024-11-29 14:50:00,2024-11-29 14:55:00,Short,2656.32,2656.32,0.0,SL Hit,2656.32,1,2556.364999999961,5.0,0.06999999999970896,-2.7800000000002
2024-11-29 16:30:00,2024-11-29 17:05:00,Long,2660.98,2659.67,-2.619999999999891,SL Hit,2659.67,2,2553.7449999999612,35.0,-1.3699999999998909,1.150000000000091
2024-11-29 18:15:00,2024-12-02 01:40:00,Short,2642.898333333333,2634.83,48.409999999998945,SL Hit,2634.83,6,2602.15499999996,3325.0,16.771666666666988,-19.71833333333325
2024-12-02 05:10:00,2024-12-02 07:05:00,Short,2626.616666666667,2627.53,-2.7400000000002365,SL Hit,2627.53,3,2599.41499999996,115.0,1.5733333333332666,-4.626666666667006
2024-12-02 09:10:00,2024-12-02 10:40:00,Long,2632.9266666666667,2634.88,5.860000000000127,SL Hit,2634.88,3,2605.27499999996,90.0,-3.1366666666667697,4.653333333333194
2024-12-02 12:50:00,2024-12-02 12:55:00,Short,2641.08,2642.76,-1.680000000000291,SL Hit,2642.76,1,2603.59499999996,5.0,1.800000000000182,-1.0399999999999636
2024-12-02 13:05:00,2024-12-02 13:20:00,Short,2640.09,2642.6450000000004,-2.555000000000291,SL Hit,2642.6450000000004,1,2601.0399999999595,15.0,6.299999999999727,-2.7800000000002
2024-12-02 15:05:00,2024-12-02 18:50:00,Short,2641.3475,2637.2,33.18000000000029,SL Hit,2637.2,8,2634.21999999996,225.0,7.622499999999945,-8.447499999999764
2024-12-02 18:55:00,2024-12-02 19:10:00,Long,2636.77,2636.77,0.0,SL Hit,2636.77,1,2634.21999999996,15.0,-0.09999999999990905,1.4099999999998545
2024-12-02 21:25:00,2024-12-02 21:40:00,Short,2637.12,2638.1700000000005,-1.0500000000006366,SL Hit,2638.1700000000005,1,2633.169999999959,15.0,1.5100000000002183,-0.6099999999996726
2024-12-02 21:55:00,2024-12-03 00:50:00,Long,2641.26,2641.7,2.639999999997599,SL Hit,2641.7,6,2635.8099999999567,175.0,-3.6600000000003092,2.8799999999996544
2024-12-03 05:40:00,2024-12-03 05:55:00,Short,2639.72,2641.5050000000006,-1.785000000000764,SL Hit,2641.5050000000006,1,2634.024999999956,15.0,1.9500000000002728,-1.1099999999996726
2024-12-03 07:40:00,2024-12-03 08:50:00,Short,2643.36,2642.12,3.7200000000007094,SL Hit,2642.12,3,2637.7449999999567,70.0,2.569999999999709,-4.0900000000001455
2024-12-03 10:40:00,2024-12-03 10:50:00,Short,2643.79,2644.455,-0.6649999999999636,SL Hit,2644.455,1,2637.0799999999567,10.0,0.9200000000000728,-0.9600000000000364
2024-12-03 12:05:00,2024-12-03 13:05:00,Short,2641.52,2641.79,-0.5399999999999636,SL Hit,2641.79,2,2636.5399999999568,60.0,2.1100000000001273,-3.4600000000000364
2024-12-03 13:10:00,2024-12-03 15:00:00,Long,2644.8733333333334,2644.16,-2.140000000000782,SL Hit,2644.16,3,2634.399999999956,110.0,-5.063333333333503,10.096666666666351
2024-12-03 16:00:00,2024-12-03 16:05:00,Long,2640.69,2640.095,-0.5950000000002547,SL Hit,2640.095,1,2633.8049999999557,5.0,-1.4800000000000182,2.1100000000001273
2024-12-03 17:40:00,2024-12-03 17:45:00,Short,2644.67,2644.74,-0.06999999999970896,SL Hit,2644.74,1,2633.734999999956,5.0,0.6700000000000728,-0.75
2024-12-03 18:40:00,2024-12-03 18:45:00,Short,2644.31,2644.31,0.0,SL Hit,2644.31,1,2633.734999999956,5.0,1.1799999999998363,-0.9499999999998181
2024-12-03 23:25:00,2024-12-03 23:30:00,Short,2641.71,2642.1299999999997,-0.419999999999618,SL Hit,2642.1299999999997,1,2633.3149999999564,5.0,0.42000000000007276,-0.6300000000001091
2024-12-04 04:25:00,2024-12-04 04:35:00,Long,2645.3,2645.3,0.0,SL Hit,2645.3,1,2633.3149999999564,10.0,-1.1000000000003638,1.1599999999998545
2024-12-04 08:10:00,2024-12-04 09:00:00,Short,2641.01,2641.955,-0.944999999999709,SL Hit,2641.955,1,2632.3699999999567,50.0,1.1899999999995998,-5.3100000000004
2024-12-04 09:05:00,2024-12-04 09:45:00,Long,2640.835,2640.26,-1.1499999999996362,SL Hit,2640.26,2,2631.219999999957,40.0,-2.0450000000000728,1.7649999999998727
2024-12-04 10:40:00,2024-12-04 12:20:00,Long,2643.4666666666667,2642.5,-2.900000000000091,SL Hit,2642.5,3,2628.319999999957,100.0,-2.466666666666697,3.883333333333212
2024-12-04 12:25:00,2024-12-04 13:20:00,Short,2640.955,2643.94,-5.970000000000255,SL Hit,2643.94,2,2622.3499999999567,55.0,3.2649999999998727,-7.485000000000127
2024-12-04 13:25:00,2024-12-04 13:35:00,Long,2643.62,2642.675,-0.944999999999709,SL Hit,2642.675,1,2621.404999999957,10.0,-1.5399999999999636,3.519999999999982
2024-12-04 16:40:00,2024-12-04 17:15:00,Short,2651.91,2652.260000000001,-0.3500000000012733,SL Hit,2652.260000000001,1,2621.0549999999557,35.0,0.44000000000005457,-4.980000000000018
2024-12-05 01:45:00,2024-12-05 01:50:00,Short,2647.17,2647.17,0.0,SL Hit,2647.17,1,2621.0549999999557,5.0,0.15999999999985448,-0.8600000000001273
2024-12-05 02:15:00,2024-12-05 02:35:00,Short,2646.4700000000003,2647.29,-1.639999999999418,SL Hit,2647.29,2,2619.4149999999563,20.0,2.149999999999636,-1.1000000000003638
2024-12-05 04:30:00,2024-12-05 05:10:00,Short,2647.19,2647.26,-0.14000000000032742,SL Hit,2647.26,2,2619.274999999956,40.0,1.1300000000001091,-1.4900000000002365
2024-12-05 05:15:00,2024-12-05 06:55:00,Long,2646.84,2646.84,0.0,SL Hit,2646.84,1,2619.274999999956,100.0,-0.16000000000030923,8.489999999999782
2024-12-05 14:35:00,2024-12-05 15:50:00,Short,2642.52,2639.35,9.510000000000218,SL Hit,2639.35,3,2628.784999999956,75.0,5.179999999999836,-10.579999999999927
2024-12-05 18:50:00,2024-12-05 20:10:00,Long,2629.3300000000004,2628.93,-1.200000000001637,SL Hit,2628.93,3,2627.5849999999546,80.0,-1.6600000000003092,2.2599999999997635
2024-12-05 20:15:00,2024-12-05 20:35:00,Short,2629.56,2629.56,0.0,SL Hit,2629.56,1,2627.5849999999546,20.0,0.5300000000002001,-1.3600000000001273
2024-12-05 23:55:00,2024-12-06 00:50:00,Long,2632.605,2631.38,-2.449999999999818,SL Hit,2631.38,2,2625.1349999999547,55.0,-1.8850000000002183,1.0149999999998727
2024-12-06 03:00:00,2024-12-06 05:10:00,Long,2637.955,2641.4,13.780000000000655,SL Hit,2641.4,4,2638.9149999999554,130.0,-12.99499999999989,5.9050000000002
2024-12-06 05:15:00,2024-12-06 07:55:00,Short,2639.636,2639.41,1.1300000000005639,SL Hit,2639.41,5,2640.044999999956,160.0,2.6539999999999964,-4.355999999999767
2024-12-06 08:05:00,2024-12-06 08:30:00,Long,2639.26,2638.3149999999987,-0.945000000001528,SL Hit,2638.3149999999987,1,2639.0999999999544,25.0,-1.3600000000001273,2.0399999999999636
2024-12-06 12:05:00,2024-12-06 12:10:00,Short,2637.35,2637.35,0.0,SL Hit,2637.35,1,2639.0999999999544,5.0,1.9400000000000546,-0.9299999999998363
2024-12-06 13:15:00,2024-12-06 13:20:00,Short,2636.55,2636.55,0.0,SL Hit,2636.55,1,2639.0999999999544,5.0,1.099999999999909,-2.5399999999999636
2024-12-06 13:25:00,2024-12-06 13:30:00,Short,2637.26,2637.26,0.0,SL Hit,2637.26,1,2639.0999999999544,5.0,4.679999999999836,-5.5
2024-12-06 13:35:00,2024-12-06 14:05:00,Long,2636.9733333333334,2632.98,-11.980000000000018,SL Hit,2632.98,3,2627.1199999999544,30.0,-8.96333333333314,6.006666666666661
2024-12-06 19:45:00,2024-12-06 19:55:00,Short,2633.5,2634.4800000000005,-0.9800000000004729,SL Hit,2634.4800000000005,1,2626.139999999954,10.0,1.3600000000001273,-0.5599999999999454
2024-12-09 00:15:00,2024-12-09 01:05:00,Short,2636.23,2636.6850000000004,-0.455000000000382,SL Hit,2636.6850000000004,1,2625.6849999999536,50.0,1.1199999999998909,-9.0300000000002
2024-12-09 04:35:00,2024-12-09 05:10:00,Short,2636.73,2637.29,-1.1199999999998909,SL Hit,2637.29,2,2624.5649999999537,35.0,1.3099999999999454,-2.4299999999998363
2024-12-09 05:45:00,2024-12-09 05:50:00,Long,2638.92,2638.92,0.0,SL Hit,2638.92,1,2624.5649999999537,5.0,-0.7200000000002547,1.0199999999999818
2024-12-09 11:30:00,2024-12-09 11:40:00,Long,2655.59,2654.294999999999,-1.2950000000009823,SL Hit,2654.294999999999,1,2623.2699999999527,10.0,-1.6300000000001091,2.1799999999998363
2024-12-09 11:50:00,2024-12-09 12:00:00,Short,2656.52,2657.1150000000002,-0.5950000000002547,SL Hit,2657.1150000000002,1,2622.6749999999524,10.0,1.5100000000002183,-1.7599999999997635
2024-12-09 12:45:00,2024-12-09 12:55:00,Short,2655.42,2655.42,0.0,SL Hit,2655.42,1,2622.6749999999524,10.0,0.6900000000000546,-1.9600000000000364
2024-12-09 15:30:00,2024-12-09 15:40:00,Short,2671.85,2673.25,-1.400000000000091,SL Hit,2673.25,1,2621.2749999999523,10.0,1.8400000000001455,-1.7199999999998
2024-12-09 19:50:00,2024-12-09 21:50:00,Short,2660.085,2660.28,-0.3900000000003274,SL Hit,2660.28,2,2620.884999999952,120.0,0.7550000000001091,-3.4850000000001273
2024-12-09 21:55:00,2024-12-09 23:40:00,Long,2659.7625,2659.7,-0.25,SL Hit,2659.7,4,2620.634999999952,105.0,-1.162499999999909,1.5775000000003274
2024-12-09 23:45:00,2024-12-10 00:50:00,Short,2660.8599999999997,2661.45,-1.180000000000291,SL Hit,2661.45,2,2619.4549999999517,65.0,1.0600000000004002,-3.9599999999995816
2024-12-10 02:40:00,2024-12-10 03:15:00,Long,2669.12,2667.335000000001,-1.784999999998945,SL Hit,2667.335000000001,1,2617.669999999953,35.0,-3.349999999999909,1.9900000000002365
2024-12-10 04:45:00,2024-12-10 06:50:00,Short,2670.2999999999997,2669.67,1.8899999999989632,SL Hit,2669.67,3,2619.5599999999517,125.0,1.7600000000002183,-4.329999999999927
2024-12-10 08:45:00,2024-12-10 08:55:00,Long,2662.04,2662.04,0.0,SL Hit,2662.04,1,2619.5599999999517,10.0,-0.13999999999987267,1.2200000000002547
2024-12-10 09:15:00,2024-12-10 12:35:00,Long,2668.9139999999998,2675.52,33.03000000000111,SL Hit,2675.52,5,2652.589999999953,200.0,-6.223999999999705,9.80600000000004
2024-12-10 15:30:00,2024-12-10 15:55:00,Short,2688.09,2688.544999999999,-0.45499999999901775,SL Hit,2688.544999999999,1,2652.134999999954,25.0,1.0,-3.2800000000002
2024-12-10 18:30:00,2024-12-10 19:00:00,Long,2692.35,2691.71,-1.2799999999997453,SL Hit,2691.71,2,2650.854999999954,30.0,-0.7300000000000182,0.900000000000091
2024-12-10 19:05:00,2024-12-10 19:20:00,Short,2692.11,2693.7200000000003,-1.6100000000001273,Bullish Trade Reversal,2693.7200000000003,1,2649.244999999954,15.0,2.2799999999997453,-0.8099999999999454
2024-12-10 19:20:00,2024-12-10 19:30:00,Long,2693.14,2691.3,-3.6799999999993815,SL Hit,2691.3,2,2645.5649999999546,10.0,-2.1399999999998727,1.25
2024-12-10 21:40:00,2024-12-11 00:00:00,Long,2693.5825,2693.9,1.2700000000004366,SL Hit,2693.9,4,2646.834999999955,140.0,-1.6824999999998909,4.547500000000127
2024-12-11 00:05:00,2024-12-11 00:15:00,Short,2694.69,2694.76,-0.07000000000016371,SL Hit,2694.76,1,2646.764999999955,10.0,0.30999999999994543,-2.3899999999998727
2024-12-11 00:30:00,2024-12-11 00:40:00,Long,2697.83,2697.62,-0.21000000000003638,SL Hit,2697.62,1,2646.554999999955,10.0,-0.5099999999997635,2.430000000000291
2024-12-11 01:05:00,2024-12-11 01:10:00,Short,2697.97,2698.8800000000006,-0.910000000000764,SL Hit,2698.8800000000006,1,2645.644999999954,5.0,2.0,-0.9299999999998363
2024-12-11 02:35:00,2024-12-11 02:40:00,Long,2701.8,2700.084999999999,-1.715000000001055,SL Hit,2700.084999999999,1,2643.929999999953,5.0,-2.550000000000182,0.7899999999999636
2024-12-11 02:55:00,2024-12-11 03:15:00,Short,2699.865,2700.87,-2.0100000000002183,SL Hit,2700.87,2,2641.919999999953,20.0,1.3350000000000364,-1.224999999999909
2024-12-11 06:15:00,2024-12-11 07:05:00,Long,2693.896666666667,2693.2,-2.0900000000015098,SL Hit,2693.2,3,2639.8299999999513,50.0,-3.016666666666879,3.483333333333121
2024-12-11 08:10:00,2024-12-11 09:05:00,Long,2691.885,2688.28,-7.210000000000036,SL Hit,2688.28,2,2632.6199999999512,55.0,-5.625,3.5649999999996
2024-12-11 12:10:00,2024-12-11 13:00:00,Short,2695.97,2696.46,-1.4700000000007094,SL Hit,2696.46,3,2631.1499999999505,50.0,1.6200000000003456,-2.019999999999982
2024-12-11 14:00:00,2024-12-11 14:05:00,Long,2701.03,2701.03,0.0,SL Hit,2701.03,1,2631.1499999999505,5.0,-2.0,2.569999999999709
2024-12-11 16:20:00,2024-12-11 16:35:00,Long,2714.32,2714.32,0.0,SL Hit,2714.32,1,2631.1499999999505,15.0,-1.7100000000000364,3.919999999999618
2024-12-11 20:10:00,2024-12-11 20:25:00,Long,2718.63,2718.63,0.0,SL Hit,2718.63,1,2631.1499999999505,15.0,-0.599999999999909,1.4200000000000728
2024-12-11 21:00:00,2024-12-11 21:30:00,Short,2716.3450000000003,2717.69,-2.6899999999996,SL Hit,2717.69,2,2628.459999999951,30.0,1.3449999999998,-0.9850000000001273
2024-12-11 21:45:00,2024-12-11 21:55:00,Long,2717.52,2717.3100000000004,-0.20999999999958163,SL Hit,2717.3100000000004,1,2628.2499999999513,10.0,-2.2199999999998,0.6900000000000546
2024-12-11 23:05:00,2024-12-11 23:15:00,Short,2716.03,2717.2199999999993,-1.189999999999145,SL Hit,2717.2199999999993,1,2627.059999999952,10.0,1.349999999999909,-0.9400000000000546
2024-12-12 00:10:00,2024-12-12 00:40:00,Long,2720.296666666667,2719.6,-2.0900000000015098,SL Hit,2719.6,3,2624.9699999999507,30.0,-0.7866666666668607,0.7133333333331393
2024-12-12 00:50:00,2024-12-12 01:05:00,Long,2721.375,2719.51,-3.7299999999995634,SL Hit,2719.51,2,2621.239999999951,15.0,-2.0650000000000546,4.3449999999998
2024-12-12 01:10:00,2024-12-12 03:15:00,Short,2710.603333333333,2706.42,12.549999999998818,SL Hit,2706.42,3,2633.78999999995,125.0,9.246666666666897,-15.603333333333012
2024-12-12 03:45:00,2024-12-12 06:10:00,Long,2711.1133333333332,2711.4,0.8600000000005821,SL Hit,2711.4,3,2634.6499999999505,145.0,-3.903333333333194,5.066666666666606
2024-12-12 06:55:00,2024-12-12 07:40:00,Long,2717.62,2717.61,-0.019999999999527063,SL Hit,2717.61,2,2634.629999999951,45.0,-1.5,2.3299999999999272
2024-12-12 09:20:00,2024-12-12 16:55:00,Short,2702.1645454545455,2682.45,216.86000000000286,SL Hit,2682.45,11,2851.489999999954,455.0,15.555454545454268,-26.92454545454575
2024-12-12 18:20:00,2024-12-12 18:25:00,Short,2684.24,2685.4300000000003,-1.1900000000005093,SL Hit,2685.4300000000003,1,2850.2999999999533,5.0,1.5400000000004184,-1.2399999999997817
2024-12-12 19:20:00,2024-12-12 19:30:00,Long,2684.6,2684.6,0.0,SL Hit,2684.6,1,2850.2999999999533,10.0,-0.849999999999909,0.9700000000002547
2024-12-12 19:35:00,2024-12-12 23:20:00,Short,2682.37,2680.56,9.049999999999727,SL Hit,2680.56,5,2859.349999999953,225.0,2.1100000000001273,-3.369999999999891
2024-12-12 23:35:00,2024-12-12 23:50:00,Long,2680.1099999999997,2679.64,-0.9399999999995998,SL Hit,2679.64,2,2858.4099999999535,15.0,-0.8099999999994907,0.4600000000004911
2024-12-13 00:40:00,2024-12-13 01:50:00,Long,2684.326666666667,2688.45,12.369999999998981,SL Hit,2688.45,3,2870.7799999999525,70.0,-3.096666666666806,7.753333333333103
2024-12-13 04:40:00,2024-12-13 04:50:00,Short,2686.5699999999997,2687.16,-1.180000000000291,SL Hit,2687.16,2,2869.599999999952,10.0,0.8400000000001455,-1.169999999999618
2024-12-13 06:10:00,2024-12-13 06:25:00,Long,2686.635,2685.39,-2.490000000000691,SL Hit,2685.39,2,2867.1099999999515,15.0,-1.7350000000001273,0.9049999999997453
2024-12-13 08:20:00,2024-12-13 08:45:00,Long,2682.705,2681.99,-1.430000000000291,SL Hit,2681.99,2,2865.679999999951,25.0,-2.644999999999982,1.8550000000000182
2024-12-13 09:50:00,2024-12-13 12:05:00,Short,2668.3633333333332,2666.97,4.180000000000291,SL Hit,2666.97,3,2869.8599999999515,135.0,2.7266666666669153,-5.063333333333048
2024-12-13 14:30:00,2024-12-13 15:40:00,Short,2659.2766666666666,2659.82,-1.6300000000005639,SL Hit,2659.82,3,2868.229999999951,70.0,2.8433333333332484,-4.766666666666424
2024-12-13 19:35:00,2024-12-13 21:35:00,Short,2651.1299999999997,2649.31,5.459999999999127,SL Hit,2649.31,3,2873.68999999995,120.0,2.7400000000002365,-4.979999999999563
2024-12-15 23:20:00,2024-12-16 00:35:00,Long,2649.55,2648.8,-2.25,SL Hit,2648.8,3,2871.43999999995,75.0,-1.650000000000091,3.1799999999998363
2024-12-16 00:45:00,2024-12-16 01:00:00,Short,2648.88,2648.88,0.0,SL Hit,2648.88,1,2871.43999999995,15.0,1.6199999999998909,-5.470000000000255
2024-12-16 07:00:00,2024-12-16 07:20:00,Short,2652.84,2653.84,-2.0,SL Hit,2653.84,2,2869.43999999995,20.0,1.8099999999999454,-1.3400000000001455
2024-12-16 07:45:00,2024-12-16 08:05:00,Long,2654.36,2652.9,-4.380000000000109,SL Hit,2652.9,3,2865.05999999995,20.0,-1.75,1.0399999999999636
2024-12-16 09:45:00,2024-12-16 09:50:00,Short,2656.49,2656.49,0.0,SL Hit,2656.49,1,2865.05999999995,5.0,1.2600000000002183,-0.6399999999998727
2024-12-16 10:35:00,2024-12-16 11:00:00,Long,2658.6400000000003,2658.16,-0.9600000000009459,SL Hit,2658.16,2,2864.099999999949,25.0,-0.7600000000002183,2.119999999999891
2024-12-16 17:15:00,2024-12-16 17:55:00,Long,2652.8500000000004,2652.7,-0.3000000000010914,SL Hit,2652.7,2,2863.799999999948,40.0,-1.8500000000003638,2.3599999999996726
2024-12-16 21:40:00,2024-12-16 23:00:00,Long,2652.23,2651.5,-1.4600000000000364,SL Hit,2651.5,2,2862.339999999948,80.0,-0.9299999999998363,0.3200000000001637
2024-12-16 23:05:00,2024-12-17 00:00:00,Short,2651.73,2652.23,-1.5,SL Hit,2652.23,3,2860.839999999948,55.0,1.5,-1.0300000000002
2024-12-17 04:40:00,2024-12-17 05:30:00,Short,2652.93,2653.630000000001,-0.7000000000011823,SL Hit,2653.630000000001,1,2860.1399999999467,50.0,1.4500000000002728,-3.5299999999997453
2024-12-17 06:50:00,2024-12-17 07:10:00,Short,2647.58,2650.835000000001,-3.2550000000010186,SL Hit,2650.835000000001,1,2856.8849999999456,20.0,4.7400000000002365,-0.27999999999974534
2024-12-17 13:40:00,2024-12-17 14:25:00,Short,2638.955,2639.63,-1.3500000000003638,SL Hit,2639.63,2,2855.5349999999453,45.0,4.184999999999945,-6.085000000000036
2024-12-17 14:35:00,2024-12-17 14:50:00,Long,2638.94,2637.5050000000006,-1.4349999999994907,SL Hit,2637.5050000000006,1,2854.099999999946,15.0,-3.300000000000182,1.3699999999998909
2024-12-17 16:45:00,2024-12-17 16:50:00,Long,2639.6,2639.6,0.0,SL Hit,2639.6,1,2854.099999999946,5.0,-0.07999999999992724,1.650000000000091
2024-12-17 18:35:00,2024-12-17 19:10:00,Long,2647.5699999999997,2646.43,-2.2799999999997453,SL Hit,2646.43,2,2851.819999999946,35.0,-1.7099999999995816,1.2100000000004911
2024-12-17 20:30:00,2024-12-17 20:50:00,Long,2646.4,2644.0899999999992,-2.310000000000855,SL Hit,2644.0899999999992,1,2849.509999999945,20.0,-3.5,0.2899999999999636
2024-12-18 00:55:00,2024-12-18 01:00:00,Long,2649.22,2649.22,0.0,SL Hit,2649.22,1,2849.509999999945,5.0,-1.319999999999709,1.3500000000003638
2024-12-18 01:05:00,2024-12-18 01:40:00,Long,2649.39,2649.18,-0.6300000000001091,SL Hit,2649.18,3,2848.879999999945,35.0,-0.9899999999997817,1.6600000000003092
2024-12-18 01:45:00,2024-12-18 01:55:00,Short,2650.86,2650.86,0.0,SL Hit,2650.86,1,2848.879999999945,10.0,0.5199999999999818,-2.400000000000091
2024-12-18 03:55:00,2024-12-18 05:10:00,Short,2645.48,2645.64,-0.31999999999970896,SL Hit,2645.64,2,2848.5599999999454,75.0,0.7300000000000182,-3.380000000000109
2024-12-18 07:20:00,2024-12-18 08:35:00,Short,2646.86,2647.1749999999993,-0.3149999999991451,Bullish Trade Reversal,2647.1749999999993,1,2848.2449999999462,75.0,0.8599999999996726,-4.650000000000091
2024-12-18 08:35:00,2024-12-18 09:15:00,Long,2646.75,2646.75,0.0,SL Hit,2646.75,1,2848.2449999999462,40.0,-0.2600000000002183,2.5100000000002183
2024-12-18 10:00:00,2024-12-18 10:10:00,Short,2646.56,2648.5199999999995,-1.9599999999995816,SL Hit,2648.5199999999995,1,2846.2849999999466,10.0,2.269999999999982,-0.5799999999999272
2024-12-18 11:35:00,2024-12-18 12:35:00,Short,2647.145,2647.39,-0.4899999999997817,SL Hit,2647.39,2,2845.794999999947,60.0,0.2849999999998545,-2.4549999999999272
2024-12-18 12:55:00,2024-12-18 13:20:00,Short,2644.49,2644.49,0.0,SL Hit,2644.49,1,2845.794999999947,25.0,2.380000000000109,-2.9699999999998
2024-12-18 14:10:00,2024-12-18 15:45:00,Short,2638.8775,2637.58,5.190000000000509,SL Hit,2637.58,4,2850.9849999999474,95.0,4.332499999999982,-4.747499999999945
2024-12-18 15:50:00,2024-12-18 16:00:00,Long,2636.14,2636.0,-0.13999999999987267,SL Hit,2636.0,1,2850.8449999999475,10.0,-0.15000000000009095,2.0
2024-12-18 16:25:00,2024-12-18 16:40:00,Long,2637.145,2637.06,-0.17000000000007276,SL Hit,2637.06,2,2850.6749999999474,15.0,-2.6550000000002,0.7150000000001455
2024-12-18 18:30:00,2024-12-18 18:35:00,Long,2637.68,2637.4700000000003,-0.20999999999958163,SL Hit,2637.4700000000003,1,2850.464999999948,5.0,-0.8099999999999454,0.9800000000000182
2024-12-18 18:45:00,2024-12-19 00:25:00,Short,2607.5280000000002,2591.74,78.94000000000233,SL Hit,2591.74,5,2929.40499999995,340.0,29.15199999999959,-24.44800000000032
2024-12-19 02:25:00,2024-12-19 02:55:00,Short,2611.24,2611.24,0.0,SL Hit,2611.24,1,2929.40499999995,30.0,1.8600000000001273,-5.119999999999891
2024-12-19 07:10:00,2024-12-19 07:55:00,Long,2614.78,2615.72,2.8199999999987995,SL Hit,2615.72,3,2932.224999999949,45.0,-1.1900000000000546,7.339999999999691
2024-12-19 08:00:00,2024-12-19 08:10:00,Short,2616.04,2616.04,0.0,SL Hit,2616.04,1,2932.224999999949,10.0,0.03000000000020009,-3.0099999999997635
2024-12-19 09:20:00,2024-12-19 09:35:00,Long,2620.2250000000004,2619.61,-1.230000000000473,SL Hit,2619.61,2,2930.9949999999485,15.0,-1.0250000000005457,1.4849999999996726
2024-12-19 14:45:00,2024-12-19 16:25:00,Short,2592.42,2591.64,2.3400000000006003,SL Hit,2591.64,3,2933.334999999949,100.0,3.319999999999709,-5.4099999999998545
2024-12-19 18:05:00,2024-12-19 20:10:00,Long,2596.945,2596.83,-0.4600000000009459,SL Hit,2596.83,4,2932.874999999948,125.0,-4.975000000000364,3.8350000000000364
2024-12-19 23:40:00,2024-12-20 00:00:00,Short,2593.77,2593.77,0.0,SL Hit,2593.77,1,2932.874999999948,20.0,0.38000000000010914,-1.5300000000002
2024-12-20 00:25:00,2024-12-20 01:05:00,Short,2592.5550000000003,2594.95,-4.789999999999054,SL Hit,2594.95,2,2928.084999999949,40.0,3.6549999999997453,-3.355000000000473
2024-12-20 01:30:00,2024-12-20 02:05:00,Long,2599.795,2598.79,-2.0100000000002183,SL Hit,2598.79,2,2926.074999999949,35.0,-2.7049999999999272,3.9549999999999272
2024-12-20 02:25:00,2024-12-20 03:25:00,Short,2597.0699999999997,2597.59,-1.5600000000013097,SL Hit,2597.59,3,2924.5149999999476,60.0,2.7500000000004547,-1.9699999999998
2024-12-20 04:05:00,2024-12-20 04:45:00,Long,2599.3,2597.199999999999,-2.1000000000012733,SL Hit,2597.199999999999,1,2922.4149999999463,40.0,-2.600000000000364,1.5599999999999454
2024-12-20 06:10:00,2024-12-20 07:30:00,Long,2603.6680000000006,2604.94,6.359999999997399,SL Hit,2604.94,5,2928.7749999999437,80.0,-3.298000000000684,3.6419999999993706
2024-12-20 08:15:00,2024-12-20 08:30:00,Long,2605.7749999999996,2604.55,-2.4499999999989086,SL Hit,2604.55,2,2926.324999999945,15.0,-1.4549999999994725,1.7150000000001455
2024-12-20 08:35:00,2024-12-20 09:50:00,Short,2605.8366666666666,2606.18,-1.0299999999997453,SL Hit,2606.18,3,2925.294999999945,75.0,1.1933333333336122,-2.5566666666663878
2024-12-20 10:25:00,2024-12-20 10:35:00,Long,2605.69,2605.1300000000006,-0.5599999999994907,SL Hit,2605.1300000000006,1,2924.7349999999456,10.0,-0.8099999999999454,0.9400000000000546
2024-12-20 13:05:00,2024-12-20 13:25:00,Long,2603.89,2601.020000000001,-2.8699999999989814,Bearish Trade Reversal,2601.020000000001,1,2921.8649999999466,20.0,-2.8899999999998727,1.1300000000001091
2024-12-20 13:25:00,2024-12-20 13:30:00,Short,2602.7,2603.2250000000004,-0.5250000000005457,SL Hit,2603.2250000000004,1,2921.339999999946,5.0,5.680000000000291,-1.699999999999818
2024-12-20 15:05:00,2024-12-20 17:30:00,Long,2623.4133333333334,2624.02,1.819999999999709,SL Hit,2624.02,3,2923.1599999999457,145.0,-6.793333333333521,7.516666666666424
2024-12-20 20:15:00,2024-12-22 23:00:00,Short,2624.706666666667,2623.54,3.5000000000009095,SL Hit,2623.54,3,2926.6599999999466,3045.0,2.0733333333332666,-5.826666666666824
2024-12-22 23:45:00,2024-12-22 23:50:00,Long,2622.3,2622.3,0.0,SL Hit,2622.3,1,2926.6599999999466,5.0,-0.1000000000003638,1.9899999999997817
2024-12-23 01:45:00,2024-12-23 01:55:00,Long,2620.61,2620.61,0.0,SL Hit,2620.61,1,2926.6599999999466,10.0,-0.05999999999994543,2.1700000000000728
2024-12-23 02:00:00,2024-12-23 06:00:00,Long,2624.765,2626.88,12.690000000001419,SL Hit,2626.88,6,2939.349999999948,240.0,-4.335000000000036,4.105000000000018
2024-12-23 06:30:00,2024-12-23 07:50:00,Long,2630.7866666666664,2630.3,-1.4599999999986721,SL Hit,2630.3,3,2937.8899999999494,80.0,-2.6266666666665515,2.1933333333336122
2024-12-23 07:55:00,2024-12-23 08:35:00,Short,2630.49,2630.49,0.0,SL Hit,2630.49,1,2937.8899999999494,40.0,1.330000000000382,-4.5
2024-12-23 09:35:00,2024-12-23 13:05:00,Short,2621.066,2615.82,26.2299999999982,SL Hit,2615.82,5,2964.1199999999476,210.0,8.444000000000415,-7.885999999999967
2024-12-23 13:40:00,2024-12-23 14:25:00,Long,2618.31,2616.97,-2.680000000000291,SL Hit,2616.97,2,2961.4399999999473,45.0,-1.4099999999998545,1.3299999999999272
2024-12-23 14:30:00,2024-12-23 15:35:00,Short,2614.32,2613.81,1.0200000000004366,SL Hit,2613.81,2,2962.4599999999477,65.0,4.129999999999654,-4.070000000000164
2024-12-23 16:40:00,2024-12-23 17:15:00,Long,2613.81,2613.6000000000004,-0.20999999999958163,SL Hit,2613.6000000000004,1,2962.249999999948,35.0,-1.0,2.400000000000091
2024-12-23 19:45:00,2024-12-23 20:00:00,Short,2610.6549999999997,2611.42,-1.5300000000006548,SL Hit,2611.42,2,2960.7199999999475,15.0,1.5050000000001091,-1.0549999999998363
2024-12-23 20:45:00,2024-12-23 21:20:00,Short,2610.69,2610.93,-0.47999999999956344,SL Hit,2610.93,2,2960.239999999948,35.0,0.7199999999997999,-1.6399999999998727
2024-12-24 00:10:00,2024-12-24 00:20:00,Long,2615.54,2614.385,-1.1549999999997453,SL Hit,2614.385,1,2959.084999999948,10.0,-1.4299999999998363,0.17000000000007276
2024-12-24 00:25:00,2024-12-24 00:35:00,Short,2614.68,2614.68,0.0,SL Hit,2614.68,1,2959.084999999948,10.0,0.03000000000020009,-1.6799999999998363
2024-12-24 02:50:00,2024-12-24 03:55:00,Short,2617.205,2617.75,-1.0900000000001455,SL Hit,2617.75,2,2957.994999999948,65.0,1.0149999999998727,-2.005000000000109
2024-12-24 04:55:00,2024-12-24 05:55:00,Long,2619.6499999999996,2618.49,-3.4799999999995634,SL Hit,2618.49,3,2954.5149999999485,60.0,-1.949999999999818,1.5200000000004366
2024-12-24 06:00:00,2024-12-24 06:45:00,Short,2618.35,2618.1,0.5,SL Hit,2618.1,2,2955.0149999999485,45.0,0.650000000000091,-1.9699999999998
2024-12-24 09:05:00,2024-12-24 10:05:00,Short,2615.5025,2614.53,3.889999999999418,SL Hit,2614.53,4,2958.904999999948,60.0,2.6174999999998363,-2.2424999999998363
2024-12-24 11:05:00,2024-12-24 11:10:00,Short,2614.74,2615.195,-0.455000000000382,SL Hit,2615.195,1,2958.4499999999475,5.0,1.0200000000004366,-0.47999999999956344
2024-12-24 12:40:00,2024-12-24 14:00:00,Short,2613.6566666666668,2614.55,-2.680000000000291,SL Hit,2614.55,3,2955.7699999999472,80.0,1.5833333333330302,-2.446666666666715
2024-12-24 14:05:00,2024-12-24 14:15:00,Long,2613.92,2613.92,0.0,SL Hit,2613.92,1,2955.7699999999472,10.0,-0.4800000000000182,1.0900000000001455
2024-12-24 14:45:00,2024-12-24 16:05:00,Short,2611.6133333333332,2612.76,-3.440000000000964,SL Hit,2612.76,3,2952.3299999999463,80.0,2.0366666666668607,-1.7133333333331393
2024-12-24 16:10:00,2024-12-24 18:15:00,Long,2614.8033333333333,2615.5,2.0900000000001455,SL Hit,2615.5,3,2954.4199999999464,125.0,-2.413333333333412,4.336666666666588
2024-12-26 00:30:00,2024-12-26 00:45:00,Long,2619.72,2619.72,0.0,SL Hit,2619.72,1,2954.4199999999464,15.0,-0.11999999999989086,2.6600000000003092
2024-12-26 05:10:00,2024-12-26 05:15:00,Short,2626.46,2626.564999999999,-0.1049999999991087,SL Hit,2626.564999999999,1,2954.3149999999473,5.0,0.1999999999998181,-0.7899999999999636
2024-12-26 07:30:00,2024-12-26 07:45:00,Short,2624.37,2624.8250000000003,-0.455000000000382,SL Hit,2624.8250000000003,1,2953.859999999947,15.0,0.849999999999909,-0.8699999999998909
2024-12-26 09:50:00,2024-12-26 09:55:00,Long,2627.54,2627.54,0.0,SL Hit,2627.54,1,2953.859999999947,5.0,-0.5099999999997635,0.4499999999998181
2024-12-26 10:10:00,2024-12-26 11:35:00,Long,2628.2400000000002,2628.22,-0.10000000000218279,SL Hit,2628.22,5,2953.7599999999447,85.0,-1.6400000000003274,1.4299999999998363
2024-12-26 11:45:00,2024-12-26 13:00:00,Short,2627.23,2627.11,0.23999999999978172,SL Hit,2627.11,2,2953.9999999999445,75.0,3.0099999999997635,-2.630000000000109
2024-12-26 13:40:00,2024-12-26 14:15:00,Short,2625.1,2625.1,0.0,SL Hit,2625.1,1,2953.9999999999445,35.0,0.7300000000000182,-3.299999999999727
2024-12-26 20:25:00,2024-12-26 20:45:00,Long,2635.36,2633.8199999999997,-1.5400000000004184,SL Hit,2633.8199999999997,1,2952.459999999944,20.0,-1.7200000000002547,0.31999999999970896
2024-12-26 20:55:00,2024-12-26 23:45:00,Short,2633.456,2633.23,1.1300000000005639,SL Hit,2633.23,5,2953.5899999999447,170.0,1.1039999999998145,-8.96600000000035
2024-12-27 03:25:00,2024-12-27 03:30:00,Short,2632.73,2633.6399999999994,-0.9099999999993997,Bullish Trade Reversal,2633.6399999999994,1,2952.6799999999453,5.0,2.0799999999999272,-0.5300000000002001
2024-12-27 03:30:00,2024-12-27 04:30:00,Long,2633.4166666666665,2631.77,-4.9399999999996,SL Hit,2631.77,3,2947.7399999999457,60.0,-1.916666666666515,1.6333333333336668
2024-12-27 04:35:00,2024-12-27 04:40:00,Short,2632.75,2633.24,-0.4899999999997817,SL Hit,2633.24,1,2947.249999999946,5.0,0.7600000000002183,-1.25
2024-12-27 04:45:00,2024-12-27 05:10:00,Long,2633.35,2632.335,-1.0149999999998727,SL Hit,2632.335,1,2946.234999999946,25.0,-1.349999999999909,0.650000000000091
2024-12-27 05:55:00,2024-12-27 06:05:00,Short,2632.11,2632.8099999999995,-0.6999999999993634,SL Hit,2632.8099999999995,1,2945.5349999999466,10.0,0.8799999999996544,-0.7899999999999636
2024-12-27 07:15:00,2024-12-27 07:30:00,Long,2635.9,2635.9,0.0,SL Hit,2635.9,1,2945.5349999999466,15.0,-0.34999999999990905,1.9099999999998545
2024-12-27 10:05:00,2024-12-27 10:15:00,Short,2625.08,2625.5699999999997,-0.4899999999997817,SL Hit,2625.5699999999997,1,2945.044999999947,10.0,1.430000000000291,-0.8800000000001091
2024-12-27 11:30:00,2024-12-27 12:55:00,Long,2626.25,2625.5,-1.5,SL Hit,2625.5,2,2943.544999999947,85.0,-0.9200000000000728,5.1599999999998545
2024-12-27 13:00:00,2024-12-27 13:15:00,Short,2625.71,2626.865,-1.1549999999997453,SL Hit,2626.865,1,2942.389999999947,15.0,1.3699999999998909,-3.6700000000000728
2024-12-27 16:35:00,2024-12-27 16:40:00,Long,2617.52,2617.52,0.0,SL Hit,2617.52,1,2942.389999999947,5.0,-0.8800000000001091,1.1700000000000728
2024-12-27 16:55:00,2024-12-27 17:00:00,Long,2617.38,2616.3299999999995,-1.0500000000006366,SL Hit,2616.3299999999995,1,2941.3399999999465,5.0,-1.7400000000002365,0.9299999999998363
2024-12-29 23:50:00,2024-12-30 00:15:00,Long,2623.65,2623.3349999999996,-0.3150000000005093,SL Hit,2623.3349999999996,1,2941.024999999946,25.0,-1.150000000000091,1.2199999999998
2024-12-30 00:50:00,2024-12-30 01:00:00,Short,2623.21,2623.314999999999,-0.1049999999991087,SL Hit,2623.314999999999,1,2940.919999999947,10.0,0.4099999999998545,-1.8099999999999454
2024-12-30 01:20:00,2024-12-30 01:50:00,Long,2624.19,2624.19,0.0,SL Hit,2624.19,1,2940.919999999947,30.0,-0.3200000000001637,2.0700000000001637
2024-12-30 05:00:00,2024-12-30 05:05:00,Short,2621.99,2622.3050000000003,-0.3150000000005093,SL Hit,2622.3050000000003,1,2940.6049999999464,5.0,0.6900000000000546,-0.4399999999995998
2024-12-30 05:15:00,2024-12-30 05:20:00,Long,2623.19,2623.19,0.0,SL Hit,2623.19,1,2940.6049999999464,5.0,-0.5199999999999818,0.6999999999998181
2024-12-30 08:40:00,2024-12-30 09:15:00,Short,2615.2,2615.2,0.0,SL Hit,2615.2,1,2940.6049999999464,35.0,0.930000000000291,-5.419999999999618
2024-12-30 10:35:00,2024-12-30 11:10:00,Short,2612.365,2612.85,-0.9700000000002547,SL Hit,2612.85,2,2939.634999999946,35.0,1.4050000000002,-3.0849999999995816
2024-12-30 19:00:00,2024-12-30 19:05:00,Long,2605.95,2605.425000000001,-0.5249999999987267,SL Hit,2605.425000000001,1,2939.1099999999474,5.0,-1.2100000000000364,0.3200000000001637
2024-12-30 19:50:00,2024-12-30 21:15:00,Long,2607.8933333333334,2606.7,-3.5800000000008367,SL Hit,2606.7,3,2935.5299999999465,85.0,-1.5933333333332484,1.3866666666667697
2024-12-30 21:30:00,2024-12-30 23:45:00,Short,2606.1833333333334,2606.16,0.07000000000061846,SL Hit,2606.16,3,2935.599999999947,135.0,1.4466666666667152,-2.883333333333212
2024-12-31 02:20:00,2024-12-31 03:25:00,Short,2608.2100000000005,2607.18,3.0900000000019645,SL Hit,2607.18,3,2938.689999999949,65.0,1.0999999999994543,-2.8000000000006366
2024-12-31 03:35:00,2024-12-31 04:40:00,Short,2606.35,2606.5250000000005,-0.17500000000063665,SL Hit,2606.5250000000005,1,2938.5149999999485,65.0,0.5,-3.25
2024-12-31 05:45:00,2024-12-31 06:30:00,Short,2605.98,2608.0099999999998,-2.0299999999997453,SL Hit,2608.0099999999998,1,2936.4849999999487,45.0,2.1799999999998363,-2.9200000000000728
2024-12-31 06:35:00,2024-12-31 06:40:00,Long,2606.16,2606.16,0.0,SL Hit,2606.16,1,2936.4849999999487,5.0,-0.8599999999996726,0.6700000000000728
2024-12-31 07:00:00,2024-12-31 10:00:00,Long,2612.8540000000003,2614.08,6.12999999999829,SL Hit,2614.08,5,2942.614999999947,180.0,-6.054000000000087,4.725999999999658
2024-12-31 10:15:00,2024-12-31 11:05:00,Short,2612.955,2613.32,-0.7300000000004729,SL Hit,2613.32,2,2941.8849999999466,50.0,1.6849999999999454,-2.255000000000109
2024-12-31 16:50:00,2024-12-31 17:30:00,Long,2625.8500000000004,2624.43,-2.840000000001055,SL Hit,2624.43,2,2939.0449999999455,40.0,-1.9900000000002365,1.3699999999994361
2024-12-31 17:55:00,2025-01-01 23:05:00,Short,2624.17,2624.98,-1.6199999999998909,SL Hit,2624.98,2,2937.4249999999456,1750.0,0.8400000000001455,-1.0199999999999818
2025-01-02 04:35:00,2025-01-02 04:50:00,Short,2632.6,2632.6,0.0,SL Hit,2632.6,1,2937.4249999999456,15.0,1.180000000000291,-1.5
2025-01-02 06:45:00,2025-01-02 07:20:00,Long,2633.4166666666665,2633.59,0.5200000000008913,SL Hit,2633.59,3,2937.9449999999465,35.0,-0.816666666666606,1.7433333333333394
2025-01-02 07:25:00,2025-01-02 07:55:00,Short,2634.365,2635.67,-2.610000000000582,SL Hit,2635.67,2,2935.334999999946,30.0,1.4150000000004184,-1.3049999999998363
2025-01-02 14:50:00,2025-01-02 17:30:00,Long,2652.8633333333332,2654.3,4.310000000000855,SL Hit,2654.3,3,2939.644999999947,160.0,-7.3733333333334485,7.346666666666806
2025-01-02 21:15:00,2025-01-02 23:10:00,Short,2658.2349999999997,2658.05,0.36999999999898137,SL Hit,2658.05,2,2940.0149999999458,115.0,1.1150000000002365,-1.9949999999998909
2025-01-02 23:15:00,2025-01-02 23:50:00,Long,2658.3233333333333,2657.5,-2.4699999999998,SL Hit,2657.5,3,2937.544999999946,35.0,-1.4233333333331757,0.9466666666667152
2025-01-03 03:05:00,2025-01-03 04:00:00,Long,2661.755,2662.07,0.6300000000001091,SL Hit,2662.07,2,2938.174999999946,55.0,-0.5950000000002547,3.0450000000000728
2025-01-03 04:40:00,2025-01-03 04:45:00,Short,2662.44,2662.44,0.0,SL Hit,2662.44,1,2938.174999999946,5.0,-0.0,-0.5199999999999818
2025-01-03 08:45:00,2025-01-03 09:00:00,Short,2653.06,2653.865,-0.8049999999998363,SL Hit,2653.865,1,2937.3699999999462,15.0,2.1599999999998545,-3.019999999999982
2025-01-03 15:00:00,2025-01-03 16:00:00,Short,2646.8900000000003,2645.98,1.8200000000006185,SL Hit,2645.98,2,2939.189999999947,60.0,1.3699999999998909,-5.9200000000005275
2025-01-03 18:20:00,2025-01-03 18:25:00,Short,2640.87,2641.0099999999998,-0.13999999999987267,SL Hit,2641.0099999999998,1,2939.049999999947,5.0,0.2800000000002001,-1.569999999999709
2025-01-03 21:30:00,2025-01-03 21:40:00,Short,2637.255,2637.56,-0.6099999999996726,SL Hit,2637.56,2,2938.4399999999473,10.0,2.674999999999727,-0.27500000000009095
2025-01-05 23:15:00,2025-01-05 23:30:00,Long,2639.7,2639.7,0.0,SL Hit,2639.7,1,2938.4399999999473,15.0,0.0,2.550000000000182
2025-01-06 01:05:00,2025-01-06 02:00:00,Long,2643.46,2640.3,-6.319999999999709,SL Hit,2640.3,2,2932.1199999999476,55.0,-3.650000000000091,3.550000000000182
2025-01-06 02:30:00,2025-01-06 03:15:00,Long,2643.65,2643.2,-1.3500000000008185,SL Hit,2643.2,3,2930.769999999947,45.0,-1.800000000000182,1.4899999999997817
2025-01-06 04:50:00,2025-01-06 07:05:00,Short,2634.225,2632.22,8.020000000000437,SL Hit,2632.22,4,2938.789999999947,135.0,2.394999999999982,-4.045000000000073
2025-01-06 10:55:00,2025-01-06 12:10:00,Long,2639.3700000000003,2643.9,13.589999999999236,SL Hit,2643.9,3,2952.3799999999464,75.0,-6.850000000000364,9.529999999999745
2025-01-06 12:15:00,2025-01-06 13:05:00,Short,2643.415,2647.53,-8.230000000000473,SL Hit,2647.53,2,2944.149999999946,50.0,5.2849999999998545,-1.3449999999998
2025-01-06 13:30:00,2025-01-06 14:45:00,Short,2631.7899999999995,2627.07,14.159999999998035,SL Hit,2627.07,3,2958.309999999944,75.0,10.890000000000327,-17.129999999999654
2025-01-06 16:35:00,2025-01-06 17:15:00,Long,2639.135,2638.62,-1.0300000000006548,SL Hit,2638.62,2,2957.2799999999434,40.0,-1.3650000000002365,1.8949999999999818
2025-01-06 18:00:00,2025-01-06 18:20:00,Short,2635.71,2637.2,-2.9799999999995634,SL Hit,2637.2,2,2954.299999999944,20.0,2.2100000000000364,-1.949999999999818
2025-01-06 20:10:00,2025-01-06 20:15:00,Short,2634.01,2634.7099999999996,-0.6999999999993634,SL Hit,2634.7099999999996,1,2953.5999999999444,5.0,1.319999999999709,-0.830000000000382
2025-01-06 20:20:00,2025-01-06 20:25:00,Long,2634.3149999999996,2633.18,-2.269999999999527,SL Hit,2633.18,2,2951.329999999945,5.0,-1.6149999999997817,0.3350000000004911
2025-01-06 20:30:00,2025-01-06 20:40:00,Short,2633.98,2634.1899999999996,-0.20999999999958163,SL Hit,2634.1899999999996,1,2951.1199999999453,10.0,0.40000000000009095,-0.6300000000001091
2025-01-07 00:20:00,2025-01-07 00:30:00,Short,2633.73,2633.73,0.0,SL Hit,2633.73,1,2951.1199999999453,10.0,0.09999999999990905,-0.7400000000002365
2025-01-07 00:35:00,2025-01-07 00:45:00,Short,2633.42,2633.83,-0.819999999999709,SL Hit,2633.83,2,2950.2999999999456,10.0,1.1300000000001091,-1.3200000000001637
2025-01-07 01:45:00,2025-01-07 02:05:00,Long,2638.21,2638.21,0.0,SL Hit,2638.21,1,2950.2999999999456,20.0,-0.21000000000003638,2.800000000000182
2025-01-07 03:50:00,2025-01-07 03:55:00,Long,2638.48,2638.48,0.0,SL Hit,2638.48,1,2950.2999999999456,5.0,-0.38000000000010914,1.0199999999999818
2025-01-07 04:45:00,2025-01-07 04:50:00,Short,2638.12,2639.0649999999996,-0.944999999999709,SL Hit,2639.0649999999996,1,2949.354999999946,5.0,1.3800000000001091,-1.2199999999998
2025-01-07 06:05:00,2025-01-07 06:20:00,Long,2645.465,2643.87,-3.1900000000005093,SL Hit,2643.87,2,2946.1649999999454,15.0,-2.325000000000273,0.8249999999998181
2025-01-07 06:45:00,2025-01-07 08:00:00,Short,2641.546666666667,2641.1,1.3400000000015098,SL Hit,2641.1,3,2947.504999999947,75.0,2.073333333332812,-3.3866666666672245
2025-01-07 08:20:00,2025-01-07 11:20:00,Long,2643.2685714285712,2642.8,-3.2799999999974716,SL Hit,2642.8,7,2944.2249999999494,180.0,-3.2685714285712493,3.511428571428951
2025-01-07 13:50:00,2025-01-07 14:00:00,Long,2660.81,2660.705000000001,-0.1049999999991087,SL Hit,2660.705000000001,1,2944.1199999999503,10.0,-0.8400000000001455,3.1599999999998545
2025-01-07 19:25:00,2025-01-07 19:30:00,Short,2647.52,2648.1499999999996,-0.6299999999996544,SL Hit,2648.1499999999996,1,2943.4899999999507,5.0,0.6399999999998727,-0.8200000000001637
2025-01-07 19:35:00,2025-01-07 19:40:00,Short,2648.16,2649.035,-0.875,SL Hit,2649.035,1,2942.6149999999507,5.0,1.6900000000000546,-0.6900000000000546
2025-01-08 00:00:00,2025-01-08 00:55:00,Long,2649.4833333333336,2650.34,2.569999999999709,SL Hit,2650.34,3,2945.1849999999504,55.0,-1.183333333333394,1.736666666666224
2025-01-08 01:00:00,2025-01-08 01:40:00,Short,2648.9449999999997,2648.95,-0.010000000000218279,SL Hit,2648.95,2,2945.17499999995,40.0,1.4950000000003456,-1.6349999999997635
2025-01-08 02:05:00,2025-01-08 02:45:00,Short,2648.12,2648.4699999999993,-0.3499999999994543,SL Hit,2648.4699999999993,1,2944.8249999999507,40.0,0.9500000000002728,-3.019999999999982
2025-01-08 02:50:00,2025-01-08 03:00:00,Long,2648.93,2648.2300000000005,-0.6999999999993634,SL Hit,2648.2300000000005,1,2944.1249999999513,10.0,-0.7999999999997272,1.2000000000002728
2025-01-08 03:40:00,2025-01-08 03:45:00,Short,2646.43,2646.43,0.0,SL Hit,2646.43,1,2944.1249999999513,5.0,0.830000000000382,-0.6399999999998727
2025-01-08 04:50:00,2025-01-08 04:55:00,Short,2646.24,2646.24,0.0,SL Hit,2646.24,1,2944.1249999999513,5.0,0.5,-1.8399999999996908
2025-01-08 05:55:00,2025-01-08 06:00:00,Long,2649.87,2649.87,0.0,SL Hit,2649.87,1,2944.1249999999513,5.0,-0.900000000000091,0.7100000000000364
2025-01-08 07:00:00,2025-01-08 07:40:00,Long,2652.5249999999996,2652.33,-0.3899999999994179,SL Hit,2652.33,2,2943.734999999952,40.0,-0.7849999999998545,1.7250000000003638
2025-01-08 09:10:00,2025-01-08 09:15:00,Long,2653.32,2653.32,0.0,SL Hit,2653.32,1,2943.734999999952,5.0,-0.1000000000003638,1.2799999999997453
2025-01-08 11:10:00,2025-01-08 12:45:00,Short,2651.0249999999996,2650.99,0.06999999999970896,SL Hit,2650.99,2,2943.8049999999516,95.0,1.2850000000003092,-5.244999999999436
2025-01-08 16:30:00,2025-01-08 16:35:00,Long,2666.01,2665.449999999999,-0.5600000000013097,SL Hit,2665.449999999999,1,2943.2449999999503,5.0,-1.2800000000002,0.5499999999997272
2025-01-08 23:50:00,2025-01-09 00:20:00,Long,2661.785,2660.2,-3.1700000000000728,SL Hit,2660.2,2,2940.0749999999503,30.0,-1.7049999999999272,1.1350000000002183
2025-01-09 00:25:00,2025-01-09 01:50:00,Short,2659.8475,2659.79,0.22999999999956344,SL Hit,2659.79,4,2940.30499999995,85.0,1.1725000000001273,-3.0474999999996726
2025-01-09 06:20:00,2025-01-09 07:50:00,Long,2661.8999999999996,2664.29,4.780000000000655,SL Hit,2664.29,2,2945.0849999999505,90.0,-3.1799999999998363,4.650000000000546
2025-01-09 10:20:00,2025-01-09 10:30:00,Long,2665.41,2665.41,0.0,SL Hit,2665.41,1,2945.0849999999505,10.0,0.0,1.2300000000000182
2025-01-09 11:05:00,2025-01-09 13:15:00,Long,2670.7285714285717,2671.41,4.769999999996799,SL Hit,2671.41,7,2949.8549999999473,130.0,-3.688571428571777,4.181428571428114
2025-01-09 14:25:00,2025-01-09 14:30:00,Short,2671.8,2671.8,0.0,SL Hit,2671.8,1,2949.8549999999473,5.0,0.669999999999618,-4.039999999999964
2025-01-09 15:50:00,2025-01-09 18:05:00,Short,2668.536,2666.58,9.780000000000655,SL Hit,2666.58,5,2959.634999999948,135.0,3.5140000000001237,-5.746000000000095
2025-01-09 19:10:00,2025-01-09 19:25:00,Short,2669.36,2670.0950000000003,-0.7350000000001273,SL Hit,2670.0950000000003,1,2958.899999999948,15.0,0.8399999999996908,-1.4600000000000364
2025-01-09 20:15:00,2025-01-09 20:25:00,Short,2669.9,2670.3899999999994,-0.489999999999327,SL Hit,2670.3899999999994,1,2958.4099999999485,10.0,0.5199999999999818,-0.7200000000002547
2025-01-09 21:40:00,2025-01-09 23:05:00,Long,2669.715,2669.05,-1.3299999999999272,SL Hit,2669.05,2,2957.0799999999485,85.0,-0.8150000000000546,1.074999999999818
2025-01-10 00:30:00,2025-01-10 00:35:00,Short,2669.91,2670.6100000000006,-0.7000000000007276,SL Hit,2670.6100000000006,1,2956.379999999948,5.0,1.2100000000000364,-0.25
2025-01-10 00:40:00,2025-01-10 01:15:00,Long,2670.38,2669.71,-1.3400000000001455,SL Hit,2669.71,2,2955.0399999999477,35.0,-2.2800000000002,1.0899999999996908
2025-01-10 02:05:00,2025-01-10 03:05:00,Long,2672.2833333333333,2672.77,1.4600000000000364,SL Hit,2672.77,3,2956.4999999999477,60.0,-2.783333333333303,2.186666666666497
2025-01-10 06:25:00,2025-01-10 07:15:00,Long,2675.25,2674.9349999999995,-0.3150000000005093,SL Hit,2674.9349999999995,1,2956.184999999947,50.0,-0.5900000000001455,3.150000000000091
2025-01-10 10:10:00,2025-01-10 11:45:00,Long,2680.995,2680.52,-1.8999999999996362,SL Hit,2680.52,4,2954.2849999999476,95.0,-2.5949999999998,1.805000000000291
2025-01-10 11:50:00,2025-01-10 13:10:00,Short,2679.455,2679.58,-0.25,SL Hit,2679.58,2,2954.0349999999476,80.0,2.474999999999909,-4.255000000000109
2025-01-10 14:20:00,2025-01-10 14:45:00,Long,2685.84,2682.83,-3.0100000000002183,SL Hit,2682.83,1,2951.0249999999473,25.0,-3.9700000000002547,6.789999999999964
2025-01-10 16:45:00,2025-01-10 18:10:00,Long,2694.5266666666666,2692.83,-5.0900000000001455,SL Hit,2692.83,3,2945.934999999947,85.0,-2.1766666666667334,2.7433333333333394
2025-01-10 21:50:00,2025-01-12 23:55:00,Short,2688.84,2690.53,-3.380000000000109,SL Hit,2690.53,2,2942.554999999947,3005.0,1.7999999999997272,-2.5300000000002
2025-01-13 03:05:00,2025-01-13 04:00:00,Short,2687.96,2688.1,-0.13999999999987267,SL Hit,2688.1,1,2942.414999999947,55.0,1.900000000000091,-3.0599999999999454
2025-01-13 07:35:00,2025-01-13 08:00:00,Short,2687.97,2687.97,0.0,SL Hit,2687.97,1,2942.414999999947,25.0,0.38000000000010914,-3.569999999999709
2025-01-13 08:25:00,2025-01-13 08:30:00,Short,2686.17,2687.535,-1.3649999999997817,SL Hit,2687.535,1,2941.0499999999474,5.0,1.569999999999709,-0.5100000000002183
2025-01-13 08:50:00,2025-01-13 09:00:00,Long,2686.27,2686.27,0.0,SL Hit,2686.27,1,2941.0499999999474,10.0,-0.6300000000001091,1.4600000000000364
2025-01-13 09:20:00,2025-01-13 09:30:00,Short,2686.08,2686.9900000000007,-0.910000000000764,SL Hit,2686.9900000000007,1,2940.1399999999467,10.0,1.9500000000002728,-3.5299999999997453
2025-01-13 11:15:00,2025-01-13 14:45:00,Short,2673.9016666666666,2670.37,21.19000000000051,SL Hit,2670.37,6,2961.329999999947,210.0,6.598333333333358,-9.901666666666642
2025-01-13 15:50:00,2025-01-13 16:25:00,Short,2664.395,2666.61,-4.430000000000291,SL Hit,2666.61,2,2956.899999999947,35.0,3.0349999999998545,-3.3350000000000364
2025-01-13 21:30:00,2025-01-14 01:15:00,Long,2667.4883333333332,2670.2,16.269999999999527,SL Hit,2670.2,6,2973.1699999999464,225.0,-5.388333333333321,4.401666666666642
2025-01-14 02:40:00,2025-01-14 03:20:00,Long,2671.2,2668.95,-4.5,SL Hit,2668.95,2,2968.6699999999464,40.0,-2.699999999999818,0.8600000000001273
2025-01-14 06:55:00,2025-01-14 07:00:00,Long,2668.49,2668.49,0.0,SL Hit,2668.49,1,2968.6699999999464,5.0,-0.2199999999997999,1.7100000000000364
2025-01-14 07:10:00,2025-01-14 07:30:00,Long,2669.275,2668.27,-2.0100000000002183,SL Hit,2668.27,2,2966.659999999946,20.0,-2.275000000000091,1.324999999999818
2025-01-14 09:40:00,2025-01-14 09:50:00,Short,2666.41,2667.4600000000005,-1.0500000000006366,SL Hit,2667.4600000000005,1,2965.6099999999456,10.0,1.8299999999999272,-1.3899999999998727
2025-01-14 11:35:00,2025-01-14 12:35:00,Long,2668.7733333333335,2667.75,-3.0700000000006185,SL Hit,2667.75,3,2962.539999999945,60.0,-3.6733333333336304,2.6466666666665333
2025-01-14 12:45:00,2025-01-14 13:00:00,Short,2668.78,2668.78,0.0,SL Hit,2668.78,1,2962.539999999945,15.0,1.7799999999997453,-2.1100000000001273
2025-01-14 14:10:00,2025-01-14 14:15:00,Short,2661.78,2661.78,0.0,SL Hit,2661.78,1,2962.539999999945,5.0,1.819999999999709,-1.9900000000002365
2025-01-14 16:25:00,2025-01-14 16:30:00,Long,2670.94,2670.59,-0.34999999999990905,SL Hit,2670.59,1,2962.189999999945,5.0,-1.0199999999999818,1.2699999999999818
2025-01-14 18:00:00,2025-01-14 18:35:00,Short,2668.41,2670.4050000000007,-1.9950000000008004,SL Hit,2670.4050000000007,1,2960.1949999999442,35.0,2.730000000000018,-2.9099999999998545
2025-01-14 19:55:00,2025-01-14 20:10:00,Long,2673.88,2672.3049999999994,-1.5750000000007276,SL Hit,2672.3049999999994,1,2958.6199999999435,15.0,-1.8400000000001455,0.6700000000000728
2025-01-14 23:45:00,2025-01-14 23:55:00,Short,2674.6,2674.8799999999997,-0.27999999999974534,SL Hit,2674.8799999999997,1,2958.3399999999438,10.0,0.9800000000000182,-0.6599999999998545
2025-01-15 07:35:00,2025-01-15 07:45:00,Long,2682.14,2681.86,-0.27999999999974534,SL Hit,2681.86,1,2958.059999999944,10.0,-0.5,1.6900000000000546
2025-01-15 09:25:00,2025-01-15 11:35:00,Long,2686.1059999999998,2685.58,-2.6299999999991996,SL Hit,2685.58,5,2955.429999999945,130.0,-2.0159999999996217,2.6940000000004147
2025-01-15 17:40:00,2025-01-15 21:30:00,Long,2693.258571428571,2693.6,2.3900000000021464,SL Hit,2693.6,7,2957.819999999947,230.0,-3.158571428571122,3.7014285714290054
2025-01-15 21:35:00,2025-01-15 21:40:00,Short,2694.11,2694.3199999999997,-0.20999999999958163,SL Hit,2694.3199999999997,1,2957.6099999999474,5.0,0.21000000000003638,-0.9100000000003092
2025-01-15 23:05:00,2025-01-16 00:15:00,Short,2695.143333333333,2695.14,0.009999999999308784,SL Hit,2695.14,3,2957.6199999999467,70.0,2.646666666666988,-2.153333333333194
2025-01-16 03:40:00,2025-01-16 03:45:00,Long,2696.78,2696.149999999999,-0.6300000000010186,SL Hit,2696.149999999999,1,2956.9899999999457,5.0,-0.8200000000001637,0.5499999999997272
2025-01-16 04:50:00,2025-01-16 05:00:00,Long,2697.33,2697.05,-0.27999999999974534,SL Hit,2697.05,1,2956.709999999946,10.0,-0.4299999999998363,0.2600000000002183
2025-01-16 05:10:00,2025-01-16 07:05:00,Short,2694.975,2694.98,-0.010000000000218279,SL Hit,2694.98,2,2956.6999999999457,115.0,1.2350000000001273,-4.974999999999909
2025-01-16 07:55:00,2025-01-16 08:50:00,Long,2698.6199999999994,2698.5,-0.35999999999830834,SL Hit,2698.5,3,2956.3399999999474,55.0,-1.6999999999993634,4.510000000000673
2025-01-16 09:00:00,2025-01-16 09:05:00,Short,2699.12,2699.12,0.0,SL Hit,2699.12,1,2956.3399999999474,5.0,1.0199999999999818,-1.1399999999998727
2025-01-16 09:45:00,2025-01-16 12:00:00,Long,2706.4075000000003,2705.18,-4.9100000000016735,SL Hit,2705.18,4,2951.4299999999457,135.0,-2.5575000000003456,4.262499999999818
2025-01-16 12:05:00,2025-01-16 13:10:00,Short,2704.275,2705.2,-1.8499999999994543,SL Hit,2705.2,2,2949.5799999999463,65.0,2.4549999999999272,-3.3150000000000546
2025-01-16 14:35:00,2025-01-16 14:50:00,Short,2716.85,2718.6,-1.75,Bullish Trade Reversal,2718.6,1,2947.8299999999463,15.0,1.1900000000000546,-2.9899999999997817
2025-01-16 14:50:00,2025-01-16 15:15:00,Long,2717.27,2713.3149999999996,-3.955000000000382,SL Hit,2713.3149999999996,1,2943.874999999946,25.0,-4.369999999999891,1.7400000000002365
2025-01-16 16:15:00,2025-01-16 16:20:00,Long,2718.5,2718.4300000000003,-0.06999999999970896,SL Hit,2718.4300000000003,1,2943.804999999946,5.0,-0.5700000000001637,1.1100000000001273
2025-01-16 16:40:00,2025-01-16 17:50:00,Long,2721.1266666666666,2721.0,-0.3799999999996544,SL Hit,2721.0,3,2943.4249999999465,70.0,-2.916666666666515,3.2733333333335395
2025-01-16 19:55:00,2025-01-16 20:15:00,Short,2714.6949999999997,2715.51,-1.6300000000010186,SL Hit,2715.51,2,2941.7949999999455,20.0,1.5450000000000728,-1.394999999999527
2025-01-16 20:20:00,2025-01-16 20:50:00,Short,2716.2250000000004,2716.65,-0.8499999999994543,SL Hit,2716.65,2,2940.944999999946,30.0,0.6149999999997817,-1.2650000000003274
2025-01-16 20:55:00,2025-01-16 21:00:00,Long,2715.55,2715.1,-0.9000000000005457,SL Hit,2715.1,2,2940.0449999999455,5.0,-1.2899999999999636,0.669999999999618
2025-01-17 04:30:00,2025-01-17 04:40:00,Short,2715.3,2715.3,0.0,SL Hit,2715.3,1,2940.0449999999455,10.0,0.07999999999992724,-1.7000000000002728
2025-01-17 05:25:00,2025-01-17 06:10:00,Short,2713.13,2713.02,0.22000000000025466,SL Hit,2713.02,2,2940.2649999999458,45.0,1.3800000000001091,-1.930000000000291
2025-01-17 07:00:00,2025-01-17 07:35:00,Long,2712.693333333333,2711.47,-3.6700000000000728,SL Hit,2711.47,3,2936.5949999999457,35.0,-1.3933333333329756,1.7366666666666788
2025-01-17 09:20:00,2025-01-17 11:15:00,Short,2706.605,2705.94,1.3299999999999272,SL Hit,2705.94,2,2937.9249999999456,115.0,3.2049999999999272,-3.2049999999999272
2025-01-17 12:30:00,2025-01-17 13:00:00,Long,2710.36,2709.4,-2.880000000000109,SL Hit,2709.4,3,2935.0449999999455,30.0,-1.0599999999999454,1.1199999999998909
2025-01-17 14:40:00,2025-01-17 16:55:00,Long,2711.704,2714.5,13.979999999999109,SL Hit,2714.5,5,2949.0249999999446,135.0,-5.594000000000051,5.49599999999964
2025-01-17 17:00:00,2025-01-19 23:10:00,Short,2707.653333333333,2702.16,32.960000000000036,SL Hit,2702.16,6,2981.9849999999446,3250.0,8.596666666666806,-8.96333333333314
2025-01-20 01:00:00,2025-01-20 01:30:00,Short,2693.45,2695.165000000001,-1.715000000001055,SL Hit,2695.165000000001,1,2980.2699999999436,30.0,2.0900000000001455,-4.549999999999727
2025-01-20 02:35:00,2025-01-20 04:30:00,Long,2699.486666666666,2702.3,8.440000000001874,SL Hit,2702.3,3,2988.7099999999455,115.0,-3.636666666666315,4.793333333333976
2025-01-20 05:50:00,2025-01-20 07:40:00,Long,2705.4266666666667,2705.4,-0.07999999999992724,SL Hit,2705.4,3,2988.6299999999455,110.0,-1.7266666666669153,8.14333333333343
2025-01-20 08:45:00,2025-01-20 09:05:00,Long,2705.62,2705.0949999999993,-0.5250000000005457,SL Hit,2705.0949999999993,1,2988.104999999945,20.0,-0.849999999999909,3.0300000000002
2025-01-20 10:25:00,2025-01-20 11:20:00,Long,2708.645,2707.97,-1.3500000000003638,SL Hit,2707.97,2,2986.7549999999446,55.0,-1.324999999999818,3.1150000000002365
2025-01-20 11:30:00,2025-01-20 12:05:00,Short,2708.32,2709.0199999999995,-0.6999999999993634,SL Hit,2709.0199999999995,1,2986.0549999999453,35.0,1.2199999999998,-3.1200000000003456
2025-01-20 14:05:00,2025-01-20 14:45:00,Long,2709.0733333333333,2708.6,-1.4200000000000728,SL Hit,2708.6,3,2984.634999999945,40.0,-1.2633333333333212,2.086666666666588
2025-01-20 16:15:00,2025-01-20 16:20:00,Short,2706.56,2706.665000000001,-0.10500000000092768,SL Hit,2706.665000000001,1,2984.5299999999443,5.0,0.6399999999998727,-2.4200000000000728
2025-01-20 16:45:00,2025-01-20 17:25:00,Long,2707.585,2704.77,-5.630000000000109,SL Hit,2704.77,2,2978.899999999944,40.0,-3.0650000000000546,1.6050000000000182
2025-01-20 18:55:00,2025-01-20 19:00:00,Long,2709.35,2709.175000000001,-0.17499999999881766,SL Hit,2709.175000000001,1,2978.7249999999453,5.0,-0.38999999999987267,1.3299999999999272
2025-01-21 00:20:00,2025-01-21 01:10:00,Short,2708.3266666666664,2710.45,-6.370000000000346,SL Hit,2710.45,3,2972.354999999945,50.0,2.6933333333336122,-5.146666666666533
2025-01-21 04:35:00,2025-01-21 06:30:00,Long,2726.3875,2725.48,-3.6299999999991996,SL Hit,2725.48,4,2968.724999999946,115.0,-2.787499999999909,2.8225000000002183
2025-01-21 08:50:00,2025-01-21 09:00:00,Short,2723.11,2723.11,0.0,SL Hit,2723.11,1,2968.724999999946,10.0,0.4899999999997817,-3.8299999999999272
2025-01-21 10:15:00,2025-01-21 10:20:00,Short,2721.31,2721.31,0.0,SL Hit,2721.31,1,2968.724999999946,5.0,1.2300000000000182,-1.1599999999998545
2025-01-21 10:40:00,2025-01-21 10:45:00,Short,2720.17,2720.17,0.0,SL Hit,2720.17,1,2968.724999999946,5.0,0.11999999999989086,-1.2800000000002
2025-01-21 11:05:00,2025-01-21 11:25:00,Short,2718.48,2719.9149999999995,-1.4349999999994907,SL Hit,2719.9149999999995,1,2967.2899999999463,20.0,1.5399999999999636,-1.9200000000000728
2025-01-21 16:00:00,2025-01-21 17:45:00,Long,2741.873333333333,2741.52,-1.059999999999036,SL Hit,2741.52,3,2966.2299999999473,105.0,-3.9633333333331393,3.596666666666806
2025-01-21 17:55:00,2025-01-21 18:05:00,Short,2742.11,2742.11,0.0,SL Hit,2742.11,1,2966.2299999999473,10.0,0.6999999999998181,-2.2899999999999636
2025-01-21 19:50:00,2025-01-21 19:55:00,Short,2742.8,2742.8,0.0,SL Hit,2742.8,1,2966.2299999999473,5.0,0.21000000000003638,-0.47000000000025466
2025-01-21 23:55:00,2025-01-22 00:10:00,Long,2743.63,2743.63,0.0,SL Hit,2743.63,1,2966.2299999999473,15.0,-0.8299999999999272,1.4699999999998
2025-01-22 01:45:00,2025-01-22 02:10:00,Short,2748.085,2749.09,-2.0100000000002183,SL Hit,2749.09,2,2964.219999999947,25.0,1.1549999999997453,-1.4850000000001273
2025-01-22 02:20:00,2025-01-22 02:25:00,Long,2748.18,2748.18,0.0,SL Hit,2748.18,1,2964.219999999947,5.0,-1.0799999999999272,0.6700000000000728
2025-01-22 02:40:00,2025-01-22 02:50:00,Short,2747.59,2748.745,-1.1549999999997453,SL Hit,2748.745,1,2963.0649999999473,10.0,1.6399999999998727,-1.5300000000002
2025-01-22 08:35:00,2025-01-22 10:50:00,Long,2756.71,2759.55,11.360000000000582,SL Hit,2759.55,4,2974.424999999948,135.0,-5.599999999999909,6.389999999999873
2025-01-22 11:00:00,2025-01-22 12:50:00,Short,2757.31,2757.41,-0.1999999999998181,SL Hit,2757.41,2,2974.224999999948,110.0,2.769999999999982,-5.480000000000018
2025-01-22 12:55:00,2025-01-22 13:25:00,Long,2757.85,2755.575,-2.275000000000091,SL Hit,2755.575,1,2971.949999999948,30.0,-3.5099999999997635,3.450000000000273
2025-01-22 20:15:00,2025-01-22 20:55:00,Short,2755.8,2756.21,-0.819999999999709,SL Hit,2756.21,2,2971.1299999999483,40.0,1.1299999999996544,-1.2000000000002728
2025-01-22 23:05:00,2025-01-22 23:20:00,Short,2755.06,2755.3050000000003,-0.2450000000003456,SL Hit,2755.3050000000003,1,2970.884999999948,15.0,0.36000000000012733,-1.0599999999999454
2025-01-22 23:55:00,2025-01-23 00:00:00,Long,2754.76,2754.76,0.0,SL Hit,2754.76,1,2970.884999999948,5.0,-1.4500000000002728,1.0099999999997635
2025-01-23 01:20:00,2025-01-23 01:25:00,Short,2754.81,2754.81,0.0,SL Hit,2754.81,1,2970.884999999948,5.0,0.0500000000001819,-1.7100000000000364
2025-01-23 02:35:00,2025-01-23 03:15:00,Long,2752.82,2751.314999999999,-1.5050000000010186,SL Hit,2751.314999999999,1,2969.379999999947,40.0,-2.0,0.32999999999992724
2025-01-23 03:55:00,2025-01-23 04:00:00,Short,2750.04,2750.04,0.0,SL Hit,2750.04,1,2969.379999999947,5.0,1.0700000000001637,-0.4299999999998363
2025-01-23 05:55:00,2025-01-23 06:00:00,Short,2752.22,2752.885,-0.6650000000004184,SL Hit,2752.885,1,2968.7149999999465,5.0,0.7100000000000364,-0.9800000000000182
2025-01-23 06:10:00,2025-01-23 06:15:00,Long,2753.12,2753.12,0.0,SL Hit,2753.12,1,2968.7149999999465,5.0,-0.04999999999972715,0.7100000000000364
2025-01-23 10:15:00,2025-01-23 12:10:00,Long,2749.95,2751.02,2.1400000000003274,SL Hit,2751.02,2,2970.854999999947,115.0,-3.7799999999997453,4.300000000000182
2025-01-23 13:00:00,2025-01-23 14:30:00,Short,2744.495,2746.1,-3.2100000000000364,SL Hit,2746.1,2,2967.644999999947,90.0,2.4450000000001637,-8.404999999999745
2025-01-23 21:50:00,2025-01-23 23:05:00,Long,2753.68,2753.2250000000013,-0.454999999998563,SL Hit,2753.2250000000013,1,2967.189999999948,75.0,-1.1799999999998363,0.9600000000000364
2025-01-23 23:35:00,2025-01-24 01:40:00,Long,2756.5824999999995,2758.88,9.190000000002328,SL Hit,2758.88,4,2976.3799999999505,125.0,-3.482499999999618,5.207500000000437
2025-01-24 08:00:00,2025-01-24 08:05:00,Short,2772.65,2772.65,0.0,SL Hit,2772.65,1,2976.3799999999505,5.0,0.03999999999996362,-1.599999999999909
2025-01-24 09:15:00,2025-01-24 09:30:00,Long,2774.65,2774.65,0.0,SL Hit,2774.65,1,2976.3799999999505,15.0,-0.7899999999999636,2.6599999999998545
2025-01-24 11:25:00,2025-01-24 14:10:00,Long,2779.214,2780.3,5.4300000000012005,SL Hit,2780.3,5,2981.8099999999517,165.0,-3.44399999999996,4.985999999999876
2025-01-24 19:10:00,2025-01-24 19:15:00,Short,2772.59,2772.59,0.0,SL Hit,2772.59,1,2981.8099999999517,5.0,0.09999999999990905,-1.6900000000000546
2025-01-26 23:50:00,2025-01-27 00:20:00,Long,2767.02,2765.9,-2.2399999999997817,SL Hit,2765.9,2,2979.569999999952,30.0,-1.2199999999998,1.6199999999998909
2025-01-27 00:55:00,2025-01-27 01:25:00,Long,2769.7999999999997,2769.5,-0.8999999999991815,SL Hit,2769.5,3,2978.669999999953,30.0,-1.8899999999998727,2.460000000000491
2025-01-27 03:45:00,2025-01-27 04:00:00,Long,2760.2749999999996,2759.86,-0.8299999999990177,SL Hit,2759.86,2,2977.8399999999538,15.0,-1.6749999999997272,1.2950000000005275
2025-01-27 04:05:00,2025-01-27 08:05:00,Short,2755.22,2752.59,10.519999999998618,SL Hit,2752.59,4,2988.3599999999524,240.0,5.130000000000109,-7.619999999999891
2025-01-27 08:10:00,2025-01-27 12:15:00,Long,2760.943333333333,2765.15,25.2400000000016,SL Hit,2765.15,6,3013.599999999954,245.0,-8.99333333333334,10.53666666666686
2025-01-27 13:25:00,2025-01-27 18:25:00,Short,2744.35875,2735.48,71.02999999999884,SL Hit,2735.48,8,3084.629999999953,300.0,15.361249999999927,-13.198750000000018
2025-01-27 19:05:00,2025-01-27 21:50:00,Long,2739.478,2740.1,3.109999999999218,SL Hit,2740.1,5,3087.739999999952,165.0,-2.568000000000211,4.141999999999825
2025-01-27 21:55:00,2025-01-27 23:00:00,Short,2740.88,2740.88,0.0,SL Hit,2740.88,1,3087.739999999952,65.0,0.05999999999994543,-0.7899999999999636
2025-01-27 23:10:00,2025-01-27 23:25:00,Short,2740.34,2741.9,-3.119999999999891,SL Hit,2741.9,2,3084.619999999952,15.0,3.4200000000000728,-1.5399999999999636
2025-01-28 00:35:00,2025-01-28 01:55:00,Long,2743.575,2742.02,-6.219999999999345,SL Hit,2742.02,4,3078.399999999953,80.0,-3.6149999999997817,1.3850000000002183
2025-01-28 02:35:00,2025-01-28 02:40:00,Short,2739.97,2739.97,0.0,SL Hit,2739.97,1,3078.399999999953,5.0,-0.0,-1.5299999999997453
2025-01-28 02:45:00,2025-01-28 03:10:00,Short,2739.475,2740.2,-1.449999999999818,SL Hit,2740.2,2,3076.949999999953,25.0,1.6649999999999636,-1.074999999999818
2025-01-28 03:40:00,2025-01-28 03:45:00,Short,2738.75,2738.75,0.0,SL Hit,2738.75,1,3076.949999999953,5.0,0.15999999999985448,-0.9299999999998363
2025-01-28 07:30:00,2025-01-28 07:40:00,Long,2742.35,2740.7750000000005,-1.5749999999993634,SL Hit,2740.7750000000005,1,3075.3749999999536,10.0,-2.5099999999997635,0.38000000000010914
2025-01-28 07:55:00,2025-01-28 08:50:00,Short,2739.21,2739.8399999999992,-0.6299999999991996,SL Hit,2739.8399999999992,1,3074.7449999999544,55.0,1.199999999999818,-4.3400000000001455
2025-01-28 10:05:00,2025-01-28 10:15:00,Long,2743.61,2743.61,0.0,SL Hit,2743.61,1,3074.7449999999544,10.0,-0.3900000000003274,1.3399999999996908
2025-01-28 12:35:00,2025-01-28 12:40:00,Long,2743.28,2743.28,0.0,SL Hit,2743.28,1,3074.7449999999544,5.0,-0.3700000000003456,0.6199999999998909
2025-01-28 12:50:00,2025-01-28 17:30:00,Long,2753.68,2757.62,23.640000000000327,SL Hit,2757.62,6,3098.3849999999547,280.0,-9.960000000000036,5.410000000000309
2025-01-28 17:35:00,2025-01-28 17:40:00,Short,2758.49,2758.7700000000013,-0.28000000000156433,SL Hit,2758.7700000000013,1,3098.104999999953,5.0,0.330000000000382,-1.0899999999996908
2025-01-28 20:55:00,2025-01-28 21:00:00,Long,2763.83,2763.83,0.0,SL Hit,2763.83,1,3098.104999999953,5.0,-1.1199999999998909,0.8699999999998909
2025-01-28 21:55:00,2025-01-28 23:05:00,Short,2763.33,2763.5750000000007,-0.24500000000080036,SL Hit,2763.5750000000007,1,3097.8599999999524,70.0,0.5900000000001455,-1.3299999999999272
2025-01-28 23:30:00,2025-01-29 00:30:00,Short,2763.2200000000003,2763.63,-0.819999999999709,SL Hit,2763.63,2,3097.0399999999527,60.0,0.4299999999998363,-1.6200000000003456
2025-01-29 05:25:00,2025-01-29 08:00:00,Short,2760.5275,2760.18,1.390000000001237,SL Hit,2760.18,4,3098.429999999954,155.0,1.9224999999996726,-3.0775000000003274
2025-01-29 10:00:00,2025-01-29 10:05:00,Short,2762.63,2762.91,-0.27999999999974534,SL Hit,2762.91,1,3098.149999999954,5.0,0.2899999999999636,-0.3900000000003274
2025-01-29 10:15:00,2025-01-29 13:00:00,Short,2759.1516666666666,2757.92,7.389999999999418,SL Hit,2757.92,6,3105.5399999999536,165.0,2.6683333333335213,-3.7616666666667697
2025-01-29 13:05:00,2025-01-29 13:15:00,Long,2757.1850000000004,2755.39,-3.590000000001055,SL Hit,2755.39,2,3101.9499999999525,10.0,-4.495000000000346,0.35499999999956344
2025-01-30 01:45:00,2025-01-30 03:15:00,Short,2760.0175,2760.36,-1.3700000000008004,SL Hit,2760.36,4,3100.5799999999517,90.0,0.9425000000001091,-1.6174999999998363
2025-01-30 03:30:00,2025-01-30 04:30:00,Long,2760.41,2760.41,0.0,SL Hit,2760.41,1,3100.5799999999517,60.0,-0.10999999999967258,2.7100000000000364
2025-01-30 06:05:00,2025-01-30 06:25:00,Long,2760.43,2759.9750000000013,-0.454999999998563,SL Hit,2759.9750000000013,1,3100.124999999953,20.0,-0.7300000000000182,1.6100000000001273
2025-01-30 06:45:00,2025-01-30 13:30:00,Long,2774.9288888888887,2779.68,42.76000000000067,SL Hit,2779.68,9,3142.884999999954,405.0,-13.598888888888723,7.711111111111222
2025-01-30 15:10:00,2025-01-30 17:00:00,Long,2790.4133333333334,2790.37,-0.1300000000005639,SL Hit,2790.37,3,3142.7549999999533,110.0,-3.4933333333333394,7.706666666666479
2025-01-30 20:15:00,2025-01-30 20:35:00,Long,2793.3,2793.3,0.0,SL Hit,2793.3,1,3142.7549999999533,20.0,-0.5399999999999636,2.8599999999996726
2025-01-31 02:05:00,2025-01-31 04:00:00,Long,2796.8725000000004,2795.7,-4.690000000002328,SL Hit,2795.7,4,3138.064999999951,115.0,-1.7225000000003092,1.0974999999993997
2025-01-31 04:45:00,2025-01-31 05:30:00,Long,2795.603333333333,2794.6,-3.009999999999309,SL Hit,2794.6,3,3135.0549999999516,45.0,-1.80333333333283,0.5966666666668061
2025-01-31 07:15:00,2025-01-31 08:30:00,Long,2796.09,2793.3250000000003,-2.7649999999998727,SL Hit,2793.3250000000003,1,3132.2899999999518,75.0,-3.400000000000091,4.4699999999998
2025-01-31 09:10:00,2025-01-31 09:15:00,Long,2794.15,2793.8,-0.34999999999990905,SL Hit,2793.8,1,3131.939999999952,5.0,-0.43000000000029104,0.849999999999909
2025-01-31 13:40:00,2025-01-31 14:20:00,Short,2806.5933333333337,2806.79,-0.5899999999987813,SL Hit,2806.79,3,3131.349999999953,40.0,1.5766666666663696,-2.0033333333335577
2025-01-31 19:50:00,2025-01-31 20:40:00,Short,2797.17,2797.25,-0.15999999999985448,SL Hit,2797.25,2,3131.189999999953,50.0,1.4899999999997817,-3.050000000000182
2025-02-03 00:40:00,2025-02-03 00:50:00,Long,2793.16,2791.5499999999997,-1.6100000000001273,SL Hit,2791.5499999999997,1,3129.579999999953,10.0,-1.7899999999999636,1.9700000000002547
2025-02-03 02:00:00,2025-02-03 04:00:00,Short,2777.5499999999997,2776.36,4.759999999998399,SL Hit,2776.36,4,3134.3399999999515,120.0,4.790000000000418,-5.339999999999691
2025-02-03 05:15:00,2025-02-03 09:15:00,Long,2787.932857142857,2796.14,57.45000000000118,SL Hit,2796.14,7,3191.7899999999527,240.0,-6.922857142856628,11.887142857143317
2025-02-03 09:30:00,2025-02-03 10:05:00,Long,2798.26,2794.4,-7.720000000000255,SL Hit,2794.4,2,3184.0699999999524,35.0,-4.480000000000018,1.8599999999996726
2025-02-03 10:30:00,2025-02-03 10:40:00,Short,2794.76,2795.635,-0.875,SL Hit,2795.635,1,3183.1949999999524,10.0,1.8799999999996544,-1.5300000000002
2025-02-03 12:35:00,2025-02-03 16:45:00,Long,2813.3799999999997,2818.37,29.94000000000142,SL Hit,2818.37,6,3213.134999999954,250.0,-11.4699999999998,16.470000000000255
2025-02-03 20:50:00,2025-02-03 20:55:00,Short,2816.27,2816.4450000000006,-0.17500000000063665,SL Hit,2816.4450000000006,1,3212.959999999953,5.0,0.5,-0.6799999999998363
2025-02-03 21:00:00,2025-02-03 23:50:00,Short,2814.6499999999996,2814.15,1.999999999998181,SL Hit,2814.15,4,3214.9599999999514,170.0,2.6700000000005275,-3.7499999999995453
2025-02-03 23:55:00,2025-02-04 04:50:00,Long,2816.9714285714285,2818.2,8.599999999999,SL Hit,2818.2,7,3223.5599999999504,295.0,-5.5714285714284415,7.0785714285716494
2025-02-04 09:15:00,2025-02-04 10:30:00,Long,2815.71,2815.5349999999994,-0.17500000000063665,SL Hit,2815.5349999999994,1,3223.3849999999497,75.0,-2.75,5.880000000000109
2025-02-04 11:30:00,2025-02-04 15:35:00,Long,2828.726666666667,2840.04,67.87999999999829,SL Hit,2840.04,6,3291.264999999948,245.0,-14.426666666666733,16.073333333333267
2025-02-04 16:05:00,2025-02-04 16:10:00,Short,2837.03,2837.03,0.0,SL Hit,2837.03,1,3291.264999999948,5.0,1.7300000000000182,-2.8200000000001637
2025-02-04 16:15:00,2025-02-04 17:00:00,Long,2838.7799999999997,2839.61,1.660000000000764,SL Hit,2839.61,2,3292.924999999949,45.0,-1.819999999999709,3.2700000000004366
2025-02-04 17:20:00,2025-02-04 18:50:00,Long,2843.4533333333334,2842.6,-2.5600000000004,SL Hit,2842.6,3,3290.3649999999484,90.0,-2.303333333333285,1.3366666666665878
2025-02-04 19:05:00,2025-02-04 19:10:00,Short,2843.3,2843.37,-0.06999999999970896,SL Hit,2843.37,1,3290.2949999999487,5.0,0.4299999999998363,-0.580000000000382
2025-02-04 21:15:00,2025-02-05 00:25:00,Short,2841.603333333333,2841.96,-1.0700000000010732,SL Hit,2841.96,3,3289.2249999999476,190.0,1.3066666666668425,-2.403333333333194
2025-02-05 01:25:00,2025-02-05 02:00:00,Short,2843.58,2846.6249999999995,-3.044999999999618,SL Hit,2846.6249999999995,1,3286.179999999948,35.0,3.8299999999999272,-4.480000000000018
2025-02-05 03:30:00,2025-02-05 03:35:00,Long,2853.46,2853.32,-0.13999999999987267,SL Hit,2853.32,1,3286.039999999948,5.0,-0.42000000000007276,0.6300000000001091
2025-02-05 08:20:00,2025-02-05 10:15:00,Long,2867.286666666667,2869.39,6.309999999999036,SL Hit,2869.39,3,3292.349999999947,115.0,-2.5566666666668425,4.643333333332976
2025-02-05 10:25:00,2025-02-05 10:50:00,Long,2871.615,2869.1,-5.029999999999745,SL Hit,2869.1,2,3287.3199999999474,25.0,-4.294999999999618,4.825000000000273
2025-02-05 11:15:00,2025-02-05 12:30:00,Short,2868.4033333333336,2869.96,-4.669999999999163,SL Hit,2869.96,3,3282.6499999999482,75.0,2.0266666666661877,-2.6933333333336122
2025-02-05 12:55:00,2025-02-05 13:15:00,Long,2869.585,2867.01,-5.149999999999636,SL Hit,2867.01,2,3277.4999999999486,20.0,-2.875,1.025000000000091
2025-02-05 14:55:00,2025-02-05 16:15:00,Long,2872.385,2866.07,-12.63000000000011,SL Hit,2866.07,2,3264.8699999999485,80.0,-7.425000000000182,9.625
2025-02-05 18:20:00,2025-02-05 20:25:00,Short,2866.6299999999997,2864.59,6.119999999998527,SL Hit,2864.59,3,3270.989999999947,125.0,4.520000000000437,-4.3299999999994725
2025-02-06 00:25:00,2025-02-06 00:35:00,Short,2867.95,2867.95,0.0,SL Hit,2867.95,1,3270.989999999947,10.0,0.08000000000038199,-1.6499999999996362
2025-02-06 01:05:00,2025-02-06 01:55:00,Short,2866.04,2870.41,-8.739999999999782,SL Hit,2870.41,2,3262.2499999999472,50.0,5.550000000000182,-2.2399999999997817
2025-02-06 03:05:00,2025-02-06 04:00:00,Short,2869.74,2870.615,-0.875,SL Hit,2870.615,1,3261.3749999999472,55.0,2.2700000000004366,-5.199999999999818
2025-02-06 06:30:00,2025-02-06 06:35:00,Long,2869.45,2869.45,0.0,SL Hit,2869.45,1,3261.3749999999472,5.0,-1.5199999999999818,1.6600000000003092
2025-02-06 06:50:00,2025-02-06 07:25:00,Short,2860.795,2861.18,-0.7699999999995271,SL Hit,2861.18,2,3260.6049999999477,35.0,0.8049999999998363,-2.394999999999982
2025-02-06 07:45:00,2025-02-06 08:35:00,Short,2855.215,2856.32,-2.2100000000000364,SL Hit,2856.32,2,3258.3949999999477,50.0,4.474999999999909,-5.934999999999945
2025-02-06 09:10:00,2025-02-06 09:25:00,Long,2857.82,2855.8949999999995,-1.9250000000006366,SL Hit,2855.8949999999995,1,3256.469999999947,15.0,-1.9600000000000364,1.6299999999996544
2025-02-06 10:45:00,2025-02-06 10:55:00,Long,2860.11,2859.5499999999993,-0.5600000000008549,SL Hit,2859.5499999999993,1,3255.909999999946,10.0,-2.180000000000291,1.2999999999997272
2025-02-06 14:45:00,2025-02-06 15:40:00,Short,2849.9849999999997,2847.45,5.069999999999709,SL Hit,2847.45,2,3260.979999999946,55.0,6.325000000000273,-14.724999999999454
2025-02-06 17:05:00,2025-02-06 17:50:00,Short,2850.52,2851.23,-2.130000000000109,SL Hit,2851.23,3,3258.849999999946,45.0,1.1599999999998545,-1.650000000000091
2025-02-06 19:30:00,2025-02-06 19:45:00,Short,2850.95,2852.63,-1.680000000000291,SL Hit,2852.63,1,3257.1699999999455,15.0,2.430000000000291,-0.34999999999990905
2025-02-06 21:50:00,2025-02-06 23:10:00,Long,2856.335,2855.63,-1.4099999999998545,SL Hit,2855.63,2,3255.7599999999456,80.0,-1.2350000000001273,0.5749999999998181
2025-02-07 03:15:00,2025-02-07 03:40:00,Short,2868.0,2868.21,-0.21000000000003638,SL Hit,2868.21,1,3255.5499999999456,25.0,0.5399999999999636,-0.8600000000001273
2025-02-07 03:55:00,2025-02-07 04:15:00,Short,2868.0,2868.385,-0.3850000000002183,SL Hit,2868.385,1,3255.1649999999454,20.0,0.5700000000001637,-2.1399999999998727
2025-02-07 04:25:00,2025-02-07 04:50:00,Long,2868.1400000000003,2867.2,-1.8800000000010186,SL Hit,2867.2,2,3253.2849999999444,25.0,-1.080000000000382,1.1099999999996726
2025-02-07 05:35:00,2025-02-07 06:25:00,Short,2864.99,2865.3050000000003,-0.3150000000005093,SL Hit,2865.3050000000003,1,3252.969999999944,50.0,0.8000000000001819,-4.549999999999727
2025-02-07 07:55:00,2025-02-07 10:05:00,Long,2865.602,2867.13,7.640000000001237,SL Hit,2867.13,5,3260.609999999945,130.0,-2.2519999999999527,4.548000000000229
2025-02-07 11:55:00,2025-02-07 12:05:00,Long,2867.08,2866.8,-0.27999999999974534,SL Hit,2866.8,1,3260.3299999999454,10.0,-0.5399999999999636,0.7200000000002547
2025-02-07 13:45:00,2025-02-07 16:00:00,Long,2869.646666666667,2873.29,10.929999999998927,SL Hit,2873.29,3,3271.2599999999443,135.0,-12.976666666666915,16.593333333332794
2025-02-07 16:10:00,2025-02-07 17:55:00,Short,2866.73,2858.59,16.279999999999745,SL Hit,2858.59,2,3287.539999999944,105.0,10.309999999999945,-13.039999999999964
2025-02-07 21:05:00,2025-02-07 21:35:00,Long,2860.5,2860.5,0.0,SL Hit,2860.5,1,3287.539999999944,30.0,-0.8000000000001819,2.3200000000001637
2025-02-09 23:45:00,2025-02-10 00:00:00,Long,2867.17,2866.6449999999995,-0.5250000000005457,SL Hit,2866.6449999999995,1,3287.0149999999435,15.0,-0.8899999999998727,1.5499999999997272
2025-02-10 02:50:00,2025-02-10 03:45:00,Short,2873.1200000000003,2874.08,-2.879999999998745,SL Hit,2874.08,3,3284.1349999999447,55.0,1.2399999999997817,-2.0200000000004366
2025-02-10 04:35:00,2025-02-10 05:30:00,Long,2877.896666666666,2878.07,0.5200000000022555,SL Hit,2878.07,3,3284.654999999947,55.0,-2.5966666666658966,1.7333333333340306
2025-02-10 05:35:00,2025-02-10 06:00:00,Short,2877.6800000000003,2878.83,-2.2999999999992724,SL Hit,2878.83,2,3282.3549999999477,25.0,3.039999999999509,-1.680000000000291
2025-02-10 07:55:00,2025-02-10 10:30:00,Long,2896.2725,2899.35,12.30999999999949,SL Hit,2899.35,4,3294.664999999947,155.0,-3.962500000000091,9.6875
2025-02-10 12:00:00,2025-02-10 12:25:00,Long,2904.91,2904.2800000000007,-0.6299999999991996,SL Hit,2904.2800000000007,1,3294.034999999948,25.0,-0.7799999999997453,1.9600000000000364
2025-02-10 13:05:00,2025-02-10 13:10:00,Short,2903.98,2905.0649999999996,-1.0849999999995816,SL Hit,2905.0649999999996,1,3292.9499999999484,5.0,1.4899999999997817,-0.8600000000001273
2025-02-10 14:25:00,2025-02-10 15:45:00,Long,2905.2,2906.05,1.7000000000007276,SL Hit,2906.05,2,3294.649999999949,80.0,-3.649999999999636,5.800000000000182
2025-02-10 16:30:00,2025-02-10 17:55:00,Short,2903.5550000000003,2902.8,1.5100000000002183,SL Hit,2902.8,2,3296.1599999999494,85.0,2.8149999999996,-6.795000000000073
2025-02-10 18:15:00,2025-02-10 19:10:00,Long,2904.2899999999995,2904.51,0.6600000000021282,SL Hit,2904.51,3,3296.8199999999515,55.0,-1.1799999999993815,2.450000000000273
2025-02-10 19:15:00,2025-02-10 20:15:00,Short,2904.5299999999997,2905.05,-1.0400000000008731,SL Hit,2905.05,2,3295.7799999999506,60.0,1.1400000000003274,-1.9299999999998363
2025-02-11 00:50:00,2025-02-11 01:05:00,Long,2921.81,2920.5499999999993,-1.260000000000673,SL Hit,2920.5499999999993,1,3294.51999999995,15.0,-2.1799999999998363,2.6100000000001273
2025-02-11 04:30:00,2025-02-11 04:45:00,Long,2918.6000000000004,2918.14,-0.9200000000009823,SL Hit,2918.14,2,3293.599999999949,15.0,-1.300000000000182,1.669999999999618
2025-02-11 06:45:00,2025-02-11 10:30:00,Short,2911.132857142857,2906.5,32.429999999999836,SL Hit,2906.5,7,3326.029999999949,225.0,7.177142857142826,-8.692857142857065
2025-02-11 11:40:00,2025-02-11 14:00:00,Short,2899.9575000000004,2897.27,10.750000000001819,SL Hit,2897.27,4,3336.7799999999506,140.0,6.592499999999745,-17.437500000000455
2025-02-11 15:00:00,2025-02-11 15:05:00,Short,2897.09,2897.9299999999994,-0.839999999999236,SL Hit,2897.9299999999994,1,3335.9399999999514,5.0,2.0799999999999272,-5.680000000000291
2025-02-11 15:40:00,2025-02-11 16:35:00,Long,2904.955,2903.65,-2.6099999999996726,SL Hit,2903.65,2,3333.3299999999517,55.0,-2.9549999999999272,3.244999999999891
2025-02-11 16:40:00,2025-02-11 16:55:00,Short,2904.89,2904.89,0.0,SL Hit,2904.89,1,3333.3299999999517,15.0,0.3200000000001637,-2.2199999999998
2025-02-11 19:25:00,2025-02-11 19:40:00,Short,2902.79,2902.79,0.0,SL Hit,2902.79,1,3333.3299999999517,15.0,0.36999999999989086,-2.349999999999909
2025-02-12 00:30:00,2025-02-12 01:00:00,Short,2895.81,2896.4399999999996,-0.6299999999996544,SL Hit,2896.4399999999996,1,3332.699999999952,30.0,1.4600000000000364,-6.289999999999964
2025-02-12 03:40:00,2025-02-12 03:50:00,Short,2889.24,2889.24,0.0,SL Hit,2889.24,1,3332.699999999952,10.0,0.020000000000436557,-2.2099999999995816
2025-02-12 04:25:00,2025-02-12 04:30:00,Long,2888.97,2886.2749999999996,-2.6950000000001637,SL Hit,2886.2749999999996,1,3330.004999999952,5.0,-3.149999999999636,1.300000000000182
2025-02-12 05:40:00,2025-02-12 07:30:00,Long,2890.01,2891.74,6.919999999998254,SL Hit,2891.74,4,3336.92499999995,110.0,-4.370000000000346,5.369999999999891
2025-02-12 12:45:00,2025-02-12 13:10:00,Long,2882.9700000000003,2881.2,-3.540000000000873,SL Hit,2881.2,2,3333.3849999999493,25.0,-6.070000000000164,2.619999999999891
2025-02-12 15:00:00,2025-02-12 15:55:00,Short,2894.4700000000003,2895.28,-1.6199999999998909,SL Hit,2895.28,2,3331.7649999999494,55.0,0.9699999999997999,-7.3400000000001455
2025-02-12 16:05:00,2025-02-12 16:15:00,Long,2893.69,2893.2349999999997,-0.455000000000382,SL Hit,2893.2349999999997,1,3331.309999999949,10.0,-1.5900000000001455,1.1300000000001091
2025-02-12 16:40:00,2025-02-12 18:00:00,Long,2899.5299999999997,2901.9,4.740000000000691,SL Hit,2901.9,2,3336.0499999999497,80.0,-4.2599999999997635,9.41000000000031
2025-02-12 18:25:00,2025-02-12 18:30:00,Short,2902.36,2902.36,0.0,SL Hit,2902.36,1,3336.0499999999497,5.0,0.42000000000007276,-1.2100000000000364
2025-02-12 19:00:00,2025-02-12 20:25:00,Short,2898.5150000000003,2898.71,-0.3899999999994179,SL Hit,2898.71,2,3335.6599999999503,85.0,2.8149999999996,-4.495000000000346
2025-02-12 23:30:00,2025-02-12 23:45:00,Short,2902.34,2902.34,0.0,SL Hit,2902.34,1,3335.6599999999503,15.0,1.3099999999999454,-1.9400000000000546
2025-02-13 02:00:00,2025-02-13 04:15:00,Long,2910.5733333333333,2916.14,16.699999999999818,SL Hit,2916.14,3,3352.35999999995,135.0,-5.083333333333485,7.676666666666733
2025-02-13 04:45:00,2025-02-13 04:50:00,Long,2916.82,2916.82,0.0,SL Hit,2916.82,1,3352.35999999995,5.0,-0.12000000000034561,2.1399999999998727
2025-02-13 07:30:00,2025-02-13 07:40:00,Long,2917.46,2914.76,-5.399999999999636,SL Hit,2914.76,2,3346.9599999999505,10.0,-4.079999999999927,2.5299999999997453
2025-02-13 09:45:00,2025-02-13 11:20:00,Long,2916.816,2916.54,-1.3799999999991996,SL Hit,2916.54,5,3345.5799999999513,95.0,-3.076000000000022,2.4840000000003783
2025-02-13 11:50:00,2025-02-13 11:55:00,Short,2916.49,2917.295,-0.805000000000291,SL Hit,2917.295,1,3344.774999999951,5.0,1.1000000000003638,-0.6399999999998727
2025-02-13 12:05:00,2025-02-13 13:00:00,Long,2918.7466666666664,2917.0,-5.239999999999327,SL Hit,2917.0,3,3339.5349999999517,55.0,-5.266666666666424,2.2833333333337578
2025-02-13 13:20:00,2025-02-13 13:30:00,Short,2915.82,2915.82,0.0,SL Hit,2915.82,1,3339.5349999999517,10.0,1.25,-6.710000000000036
2025-02-13 13:35:00,2025-02-13 14:35:00,Short,2911.9466666666667,2913.34,-4.180000000000291,SL Hit,2913.34,3,3335.3549999999514,60.0,2.2233333333333576,-4.936666666666497
2025-02-13 16:45:00,2025-02-13 17:20:00,Short,2916.98,2916.98,0.0,SL Hit,2916.98,1,3335.3549999999514,35.0,0.13999999999987267,-4.0
2025-02-13 18:35:00,2025-02-13 18:40:00,Long,2917.2,2917.2,0.0,SL Hit,2917.2,1,3335.3549999999514,5.0,-1.7699999999999818,2.130000000000109
2025-02-13 18:45:00,2025-02-13 20:05:00,Long,2923.3224999999998,2925.27,7.790000000000873,SL Hit,2925.27,4,3343.1449999999522,80.0,-6.2524999999996,3.637500000000273
2025-02-13 21:40:00,2025-02-13 23:20:00,Short,2928.895,2929.25,-0.7100000000000364,SL Hit,2929.25,2,3342.434999999952,100.0,0.9650000000001455,-1.8949999999999818
2025-02-14 02:15:00,2025-02-14 02:20:00,Short,2927.6,2927.6,0.0,SL Hit,2927.6,1,3342.434999999952,5.0,0.40000000000009095,-1.5199999999999818
2025-02-14 05:35:00,2025-02-14 07:20:00,Long,2930.6775000000002,2931.97,5.169999999998254,SL Hit,2931.97,4,3347.6049999999505,105.0,-4.037500000000364,5.7524999999996
2025-02-14 11:15:00,2025-02-14 11:20:00,Short,2935.26,2935.574999999999,-0.3149999999986903,SL Hit,2935.574999999999,1,3347.2899999999518,5.0,0.7699999999999818,-0.900000000000091
2025-02-14 11:40:00,2025-02-14 13:30:00,Short,2930.665,2930.26,1.6199999999989814,SL Hit,2930.26,4,3348.9099999999507,110.0,3.8450000000002547,-3.894999999999982
2025-02-14 14:05:00,2025-02-14 14:10:00,Short,2919.6,2920.370000000001,-0.7700000000008913,SL Hit,2920.370000000001,1,3348.13999999995,5.0,3.349999999999909,-4.610000000000127
2025-02-14 15:10:00,2025-02-14 16:55:00,Short,2902.955,2895.58,29.5,SL Hit,2895.58,4,3377.63999999995,105.0,17.4050000000002,-13.605000000000018
2025-02-14 21:40:00,2025-02-16 23:25:00,Long,2884.9733333333334,2882.14,-8.500000000000455,SL Hit,2882.14,3,3369.1399999999494,2985.0,-3.9733333333333576,7.996666666666442
2025-02-16 23:30:00,2025-02-16 23:40:00,Short,2881.02,2881.02,0.0,SL Hit,2881.02,1,3369.1399999999494,10.0,0.7199999999997999,-1.8299999999999272
2025-02-17 02:20:00,2025-02-17 04:35:00,Long,2897.97,2901.8,11.490000000001146,SL Hit,2901.8,3,3380.6299999999505,135.0,-3.6799999999998363,6.680000000000291
2025-02-17 08:30:00,2025-02-17 08:45:00,Short,2899.83,2900.0050000000006,-0.17500000000063665,SL Hit,2900.0050000000006,1,3380.45499999995,15.0,1.6599999999998545,-4.679999999999836
2025-02-17 10:20:00,2025-02-17 10:55:00,Short,2901.645,2902.56,-1.8299999999999272,SL Hit,2902.56,2,3378.62499999995,35.0,1.0650000000000546,-6.195000000000164
2025-02-17 14:30:00,2025-02-17 15:20:00,Long,2898.89,2899.15,0.7800000000006548,SL Hit,2899.15,3,3379.4049999999506,50.0,-1.1399999999998727,4.630000000000109
2025-02-17 15:25:00,2025-02-17 19:15:00,Short,2899.588333333333,2898.15,8.62999999999829,SL Hit,2898.15,6,3388.034999999949,230.0,1.5816666666669335,-3.1883333333330484
2025-02-17 19:25:00,2025-02-17 23:15:00,Long,2898.1800000000003,2896.4,-3.5600000000004,SL Hit,2896.4,2,3384.4749999999485,230.0,-1.8800000000001091,0.5899999999996908
2025-02-17 23:20:00,2025-02-17 23:45:00,Short,2897.45,2898.255,-0.805000000000291,SL Hit,2898.255,1,3383.6699999999482,25.0,1.5300000000002,-1.449999999999818
2025-02-18 00:40:00,2025-02-18 00:55:00,Long,2899.52,2898.0,-3.0399999999999636,SL Hit,2898.0,2,3380.6299999999483,15.0,-1.7199999999998,0.6199999999998909
2025-02-18 01:00:00,2025-02-18 02:10:00,Short,2895.963333333333,2897.5,-4.610000000000582,SL Hit,2897.5,3,3376.0199999999477,70.0,2.9266666666667334,-4.123333333332994
2025-02-18 08:15:00,2025-02-18 09:05:00,Long,2911.33,2911.3,-0.08999999999923602,SL Hit,2911.3,3,3375.9299999999484,50.0,-1.7199999999998,1.7000000000002728
2025-02-18 09:10:00,2025-02-18 09:30:00,Short,2912.19,2912.19,0.0,SL Hit,2912.19,1,3375.9299999999484,20.0,0.5700000000001637,-2.050000000000182
2025-02-18 10:05:00,2025-02-18 10:25:00,Long,2911.97,2910.08,-1.8899999999998727,SL Hit,2910.08,1,3374.0399999999486,20.0,-2.399999999999636,0.2600000000002183
2025-02-18 14:15:00,2025-02-18 15:30:00,Long,2922.7333333333336,2925.34,7.819999999999709,SL Hit,2925.34,3,3381.8599999999483,75.0,-4.963333333333594,6.506666666666206
2025-02-18 16:35:00,2025-02-18 17:15:00,Long,2929.986666666666,2931.13,3.4300000000016553,SL Hit,2931.13,3,3385.28999999995,40.0,-1.356666666666115,3.3533333333339215
2025-02-18 18:45:00,2025-02-18 20:15:00,Long,2933.6666666666665,2935.61,5.830000000000837,SL Hit,2935.61,3,3391.119999999951,90.0,-2.0266666666666424,3.113333333333685
2025-02-19 00:35:00,2025-02-19 01:35:00,Short,2932.585,2933.78,-2.3900000000003274,SL Hit,2933.78,2,3388.7299999999505,60.0,1.7950000000000728,-4.3650000000002365
2025-02-19 02:30:00,2025-02-19 03:40:00,Short,2932.04,2930.16,3.7600000000002183,SL Hit,2930.16,2,3392.4899999999507,70.0,3.849999999999909,-7.369999999999891
2025-02-19 04:35:00,2025-02-19 04:55:00,Short,2927.13,2929.6850000000004,-2.555000000000291,Bullish Trade Reversal,2929.6850000000004,1,3389.9349999999504,20.0,2.150000000000091,-0.4600000000000364
2025-02-19 04:55:00,2025-02-19 06:30:00,Long,2930.335,2933.2,11.459999999999127,SL Hit,2933.2,4,3401.3949999999495,95.0,-2.6849999999999454,5.255000000000109
2025-02-19 10:00:00,2025-02-19 10:10:00,Long,2945.44,2944.9849999999997,-0.455000000000382,SL Hit,2944.9849999999997,1,3400.939999999949,10.0,-2.9400000000000546,1.25
2025-02-19 13:05:00,2025-02-19 13:50:00,Long,2940.2899999999995,2937.5,-8.369999999998527,SL Hit,2937.5,3,3392.5699999999506,45.0,-7.009999999999309,0.8700000000003456
2025-02-19 15:25:00,2025-02-19 15:30:00,Short,2935.71,2936.865,-1.1549999999997453,SL Hit,2936.865,1,3391.414999999951,5.0,2.9299999999998363,-0.8200000000001637
2025-02-19 15:50:00,2025-02-19 17:10:00,Short,2930.36,2929.07,3.869999999999891,SL Hit,2929.07,3,3395.2849999999507,80.0,4.440000000000055,-6.650000000000091
2025-02-19 17:20:00,2025-02-19 17:25:00,Long,2928.17,2928.17,0.0,SL Hit,2928.17,1,3395.2849999999507,5.0,-1.5199999999999818,1.1300000000001091
2025-02-19 18:05:00,2025-02-19 18:40:00,Short,2922.81,2924.1400000000003,-1.330000000000382,SL Hit,2924.1400000000003,1,3393.9549999999504,35.0,2.130000000000109,-4.0099999999997635
2025-02-19 19:10:00,2025-02-19 21:35:00,Long,2929.1625000000004,2932.44,13.109999999998763,SL Hit,2932.44,4,3407.064999999949,145.0,-4.912500000000364,8.237499999999727
2025-02-19 21:40:00,2025-02-19 21:55:00,Short,2933.05,2933.3999999999996,-0.3499999999994543,SL Hit,2933.3999999999996,1,3406.7149999999497,15.0,0.6299999999996544,-1.3500000000003638
2025-02-19 23:15:00,2025-02-20 01:25:00,Long,2937.665,2938.98,5.260000000000218,SL Hit,2938.98,4,3411.97499999995,130.0,-4.565000000000055,4.375
2025-02-20 05:40:00,2025-02-20 05:45:00,Long,2943.83,2943.83,0.0,SL Hit,2943.83,1,3411.97499999995,5.0,0.0,0.8299999999999272
2025-02-20 06:45:00,2025-02-20 06:50:00,Short,2944.95,2944.95,0.0,SL Hit,2944.95,1,3411.97499999995,5.0,3.0700000000001637,-0.8099999999999454
2025-02-20 10:45:00,2025-02-20 13:30:00,Short,2947.9925000000003,2947.03,3.850000000000364,SL Hit,2947.03,4,3415.8249999999503,165.0,5.117499999999836,-8.152500000000146
2025-02-20 15:30:00,2025-02-20 17:00:00,Long,2938.565,2942.4,15.340000000000146,SL Hit,2942.4,4,3431.1649999999504,90.0,-4.815000000000055,6.585000000000036
2025-02-20 17:40:00,2025-02-20 17:55:00,Long,2944.2,2943.8500000000004,-0.3499999999994543,SL Hit,2943.8500000000004,1,3430.814999999951,15.0,-3.619999999999891,2.519999999999982
2025-02-20 19:10:00,2025-02-20 20:50:00,Short,2937.72,2937.75,-0.09000000000060027,SL Hit,2937.75,3,3430.7249999999503,100.0,2.1900000000000546,-4.2199999999998
2025-02-21 00:25:00,2025-02-21 01:00:00,Short,2938.6,2943.0100000000007,-4.410000000000764,SL Hit,2943.0100000000007,1,3426.3149999999496,35.0,5.400000000000091,-1.599999999999909
2025-02-21 01:05:00,2025-02-21 01:35:00,Long,2943.2,2943.2,0.0,SL Hit,2943.2,1,3426.3149999999496,30.0,-1.8999999999996362,5.800000000000182
2025-02-21 02:35:00,2025-02-21 05:45:00,Short,2934.5342857142864,2931.77,19.35000000000491,SL Hit,2931.77,7,3445.6649999999545,190.0,6.085714285713493,-9.974285714286452
2025-02-21 09:55:00,2025-02-21 10:30:00,Long,2928.87,2928.87,0.0,SL Hit,2928.87,1,3445.6649999999545,35.0,-0.6700000000000728,1.800000000000182
2025-02-21 11:05:00,2025-02-21 11:50:00,Long,2931.476666666667,2930.84,-1.9100000000003092,SL Hit,2930.84,3,3443.754999999954,45.0,-1.5666666666670608,4.3433333333332484
2025-02-21 14:20:00,2025-02-21 14:30:00,Long,2934.1,2933.1549999999997,-0.9450000000001637,SL Hit,2933.1549999999997,1,3442.809999999954,10.0,-2.769999999999982,1.2899999999999636
2025-02-21 17:40:00,2025-02-21 17:55:00,Long,2939.81,2939.46,-0.34999999999990905,SL Hit,2939.46,1,3442.459999999954,15.0,-0.40000000000009095,1.6599999999998545
2025-02-21 19:00:00,2025-02-21 19:05:00,Long,2941.56,2941.56,0.0,SL Hit,2941.56,1,3442.459999999954,5.0,-1.4600000000000364,0.8000000000001819
2025-02-21 20:25:00,2025-02-21 21:35:00,Short,2933.9300000000003,2936.29,-4.719999999999345,SL Hit,2936.29,2,3437.7399999999548,70.0,2.669999999999618,-1.5900000000001455
2025-02-24 00:10:00,2025-02-24 02:20:00,Short,2934.5099999999998,2930.8,11.129999999998745,SL Hit,2930.8,3,3448.8699999999535,130.0,2.880000000000109,-13.039999999999964
2025-02-24 05:35:00,2025-02-24 06:25:00,Short,2939.2200000000003,2939.14,0.16000000000076398,SL Hit,2939.14,2,3449.0299999999543,50.0,2.1399999999998727,-3.8700000000003456
2025-02-24 10:20:00,2025-02-24 11:20:00,Short,2940.87,2940.29,1.1599999999998545,SL Hit,2940.29,2,3450.189999999954,60.0,2.3400000000001455,-5.929999999999836
2025-02-24 16:45:00,2025-02-24 16:50:00,Short,2942.99,2943.4100000000008,-0.42000000000098225,Bullish Trade Reversal,2943.4100000000008,1,3449.769999999953,5.0,0.12000000000034561,-2.75
2025-02-24 16:50:00,2025-02-24 20:25:00,Long,2944.7616666666668,2948.17,20.449999999999818,SL Hit,2948.17,6,3470.219999999953,215.0,-4.161666666666861,4.898333333333085
2025-02-24 23:05:00,2025-02-24 23:10:00,Long,2951.2,2950.1500000000005,-1.0499999999992724,SL Hit,2950.1500000000005,1,3469.1699999999537,5.0,-2.0,1.6100000000001273
2025-02-25 01:05:00,2025-02-25 01:35:00,Long,2949.62,2948.1850000000004,-1.4349999999994907,SL Hit,2948.1850000000004,1,3467.734999999954,30.0,-4.0,2.5399999999999636
2025-02-25 02:50:00,2025-02-25 05:10:00,Short,2945.283333333333,2938.71,19.719999999998436,SL Hit,2938.71,3,3487.4549999999526,140.0,4.076666666667279,-10.043333333333067
2025-02-25 06:00:00,2025-02-25 06:05:00,Short,2937.64,2937.64,0.0,SL Hit,2937.64,1,3487.4549999999526,5.0,0.07000000000016371,-0.8299999999999272
2025-02-25 06:10:00,2025-02-25 07:10:00,Short,2936.305,2938.23,-3.850000000000364,SL Hit,2938.23,2,3483.6049999999523,60.0,3.7350000000001273,-2.605000000000018
2025-02-25 10:05:00,2025-02-25 10:10:00,Short,2937.89,2938.590000000001,-0.7000000000011823,SL Hit,2938.590000000001,1,3482.904999999951,5.0,1.680000000000291,-0.5
2025-02-25 11:05:00,2025-02-25 11:25:00,Short,2938.875,2939.79,-1.8299999999999272,SL Hit,2939.79,2,3481.074999999951,20.0,1.1350000000002183,-0.45499999999992724
2025-02-25 15:15:00,2025-02-25 17:15:00,Short,2906.145,2897.44,34.81999999999971,SL Hit,2897.44,4,3515.894999999951,120.0,21.865000000000236,-15.934999999999945
2025-02-25 17:20:00,2025-02-25 23:20:00,Long,2908.6099999999997,2913.59,24.900000000002365,SL Hit,2913.59,5,3540.7949999999532,360.0,-12.399999999999636,8.44000000000051
2025-02-25 23:25:00,2025-02-25 23:30:00,Short,2914.27,2914.27,0.0,SL Hit,2914.27,1,3540.7949999999532,5.0,1.0300000000002,-1.3699999999998909
2025-02-25 23:40:00,2025-02-26 00:55:00,Long,2919.1800000000003,2923.5,8.639999999999418,SL Hit,2923.5,2,3549.4349999999527,75.0,-4.2800000000002,6.5099999999997635
2025-02-26 01:20:00,2025-02-26 01:40:00,Long,2925.14,2923.46,-1.6799999999998363,SL Hit,2923.46,1,3547.754999999953,20.0,-2.2399999999997817,4.75
2025-02-26 04:00:00,2025-02-26 04:55:00,Short,2914.6133333333332,2915.47,-2.569999999999709,SL Hit,2915.47,3,3545.184999999953,55.0,3.486666666666679,-2.413333333333412
2025-02-26 05:00:00,2025-02-26 06:00:00,Long,2916.206666666667,2914.92,-3.860000000000582,SL Hit,2914.92,3,3541.3249999999525,60.0,-1.5566666666668425,4.673333333333176
2025-02-26 06:45:00,2025-02-26 07:10:00,Short,2908.53,2911.0149999999985,-2.4849999999983083,SL Hit,2911.0149999999985,1,3538.839999999954,25.0,4.079999999999927,-2.4900000000002365
2025-02-26 14:35:00,2025-02-26 14:45:00,Short,2894.63,2896.52,-1.8899999999998727,SL Hit,2896.52,1,3536.9499999999543,10.0,8.269999999999982,-2.980000000000018
2025-02-26 15:55:00,2025-02-26 16:25:00,Long,2912.45,2911.03,-2.839999999999236,SL Hit,2911.03,2,3534.109999999955,30.0,-1.849999999999909,4.0300000000002
2025-02-26 16:30:00,2025-02-26 17:05:00,Short,2911.7650000000003,2914.85,-6.169999999999163,SL Hit,2914.85,2,3527.939999999956,35.0,3.1549999999997453,-0.8650000000002365
2025-02-26 17:10:00,2025-02-26 17:15:00,Long,2913.96,2913.96,0.0,SL Hit,2913.96,1,3527.939999999956,5.0,-2.0700000000001637,2.1599999999998545
2025-02-26 19:25:00,2025-02-26 19:35:00,Long,2915.49,2915.49,0.0,SL Hit,2915.49,1,3527.939999999956,10.0,-0.9899999999997817,0.43000000000029104
2025-02-26 20:10:00,2025-02-26 20:25:00,Short,2913.91,2915.0649999999996,-1.1549999999997453,SL Hit,2915.0649999999996,1,3526.784999999956,15.0,2.0399999999999636,-1.8799999999996544
2025-02-27 01:15:00,2025-02-27 01:20:00,Short,2915.3,2915.3,0.0,SL Hit,2915.3,1,3526.784999999956,5.0,0.04999999999972715,-2.600000000000364
2025-02-27 01:40:00,2025-02-27 01:55:00,Long,2915.75,2912.8,-5.899999999999636,SL Hit,2912.8,2,3520.8849999999566,15.0,-5.25,1.5900000000001455
2025-02-27 03:55:00,2025-02-27 06:05:00,Short,2900.89,2894.44,19.349999999999454,SL Hit,2894.44,3,3540.234999999956,130.0,5.950000000000273,-12.019999999999982
2025-02-27 08:20:00,2025-02-27 09:10:00,Short,2885.73,2885.01,1.4399999999995998,SL Hit,2885.01,2,3541.6749999999556,50.0,2.380000000000109,-8.5
2025-02-27 20:05:00,2025-02-27 21:25:00,Short,2876.036666666667,2875.91,0.38000000000101863,SL Hit,2875.91,3,3542.0549999999566,80.0,2.5233333333330847,-4.66666666666697
2025-02-27 23:25:00,2025-02-27 23:30:00,Short,2876.02,2876.02,0.0,SL Hit,2876.02,1,3542.0549999999566,5.0,0.07999999999992724,-1.2199999999998
2025-02-28 00:05:00,2025-02-28 00:15:00,Short,2875.56,2875.56,0.0,SL Hit,2875.56,1,3542.0549999999566,10.0,1.0399999999999636,-0.6599999999998545
2025-02-28 03:40:00,2025-02-28 05:15:00,Short,2864.8266666666664,2864.65,0.5299999999988358,SL Hit,2864.65,3,3542.5849999999555,95.0,3.5733333333337214,-7.316666666666151
2025-02-28 08:10:00,2025-02-28 08:55:00,Short,2856.5,2856.67,-0.3400000000001455,SL Hit,2856.67,2,3542.2449999999553,45.0,2.3600000000001273,-5.429999999999836
2025-02-28 09:00:00,2025-02-28 11:10:00,Long,2861.5280000000002,2862.15,3.109999999999218,SL Hit,2862.15,5,3545.3549999999545,130.0,-5.298000000000229,3.131999999999607
2025-02-28 11:15:00,2025-02-28 12:00:00,Short,2862.68,2862.8899999999994,-0.20999999999958163,SL Hit,2862.8899999999994,1,3545.144999999955,45.0,2.050000000000182,-3.5799999999999272
2025-02-28 12:05:00,2025-02-28 12:10:00,Long,2864.09,2862.0600000000004,-2.0299999999997453,SL Hit,2862.0600000000004,1,3543.114999999955,5.0,-3.1600000000003092,0.4800000000000182
2025-02-28 13:35:00,2025-02-28 15:25:00,Short,2849.4449999999997,2841.56,31.539999999999054,SL Hit,2841.56,4,3574.6549999999543,110.0,8.605000000000473,-16.644999999999527
2025-02-28 16:50:00,2025-02-28 18:15:00,Short,2846.7966666666666,2845.73,3.199999999999818,SL Hit,2845.73,3,3577.854999999954,85.0,4.553333333333285,-4.60666666666657
2025-02-28 18:45:00,2025-02-28 19:15:00,Long,2846.31,2844.92,-2.7799999999997453,SL Hit,2844.92,2,3575.0749999999543,30.0,-1.6900000000000546,1.2800000000002
2025-02-28 19:20:00,2025-02-28 19:35:00,Short,2845.1800000000003,2847.59,-4.819999999999709,SL Hit,2847.59,2,3570.2549999999546,15.0,3.6599999999998545,-1.0600000000004002
2025-03-03 01:20:00,2025-03-03 02:45:00,Long,2869.3866666666668,2869.16,-0.6800000000007458,SL Hit,2869.16,3,3569.574999999954,85.0,-2.1366666666667697,2.3433333333332484
2025-03-03 02:55:00,2025-03-03 07:00:00,Short,2866.5299999999997,2865.75,3.1199999999989814,SL Hit,2865.75,4,3572.694999999953,245.0,3.2800000000002,-6.139999999999873
2025-03-03 08:10:00,2025-03-03 08:20:00,Long,2863.56,2862.2999999999993,-1.260000000000673,SL Hit,2862.2999999999993,1,3571.434999999952,10.0,-3.1399999999998727,1.3099999999999454
2025-03-03 08:45:00,2025-03-03 13:00:00,Long,2870.911666666667,2874.54,21.769999999998618,SL Hit,2874.54,6,3593.204999999951,255.0,-6.561666666666952,6.148333333333085
2025-03-03 15:05:00,2025-03-03 15:20:00,Short,2880.03,2884.2299999999996,-4.199999999999363,SL Hit,2884.2299999999996,1,3589.0049999999515,15.0,6.669999999999618,-1.5400000000004184
2025-03-03 16:40:00,2025-03-03 17:20:00,Long,2891.255,2890.0,-2.5100000000002183,SL Hit,2890.0,2,3586.4949999999512,40.0,-2.7650000000003274,1.5050000000001091
2025-03-03 21:55:00,2025-03-04 00:10:00,Short,2892.8450000000003,2892.9,-0.10999999999967258,SL Hit,2892.9,2,3586.3849999999516,135.0,0.37499999999954525,-3.0450000000000728
2025-03-04 02:35:00,2025-03-04 03:15:00,Short,2886.625,2888.61,-3.9700000000002547,SL Hit,2888.61,2,3582.4149999999513,40.0,5.244999999999891,-1.7449999999998909
2025-03-04 05:20:00,2025-03-04 05:45:00,Long,2892.4,2890.9649999999992,-1.435000000000855,SL Hit,2890.9649999999992,1,3580.9799999999505,25.0,-4.0,1.6199999999998909
2025-03-04 06:10:00,2025-03-04 07:10:00,Short,2888.2799999999997,2889.71,-2.860000000000582,SL Hit,2889.71,2,3578.11999999995,60.0,3.2800000000002,-3.649999999999636
2025-03-04 09:25:00,2025-03-04 09:40:00,Long,2918.17,2917.0499999999993,-1.1200000000008004,SL Hit,2917.0499999999993,1,3576.999999999949,15.0,-1.3299999999999272,2.9299999999998363
2025-03-04 10:35:00,2025-03-04 10:40:00,Short,2913.8,2915.199999999999,-1.3999999999987267,SL Hit,2915.199999999999,1,3575.5999999999503,5.0,1.9600000000000364,-1.1000000000003638
2025-03-04 16:15:00,2025-03-04 16:35:00,Short,2908.7200000000003,2909.49,-1.5399999999990541,SL Hit,2909.49,2,3574.0599999999513,20.0,1.449999999999818,-1.6300000000001091
2025-03-05 00:10:00,2025-03-05 00:25:00,Short,2914.08,2916.1799999999994,-2.0999999999994543,SL Hit,2916.1799999999994,1,3571.959999999952,15.0,2.5,-0.4899999999997817
2025-03-05 03:10:00,2025-03-05 07:50:00,Long,2911.9725000000003,2914.51,20.299999999999272,SL Hit,2914.51,8,3592.259999999951,280.0,-6.782500000000255,9.317499999999654
2025-03-05 09:10:00,2025-03-05 09:15:00,Long,2918.78,2918.045,-0.7350000000001273,SL Hit,2918.045,1,3591.524999999951,5.0,-0.9100000000003092,1.1299999999996544
2025-03-05 12:10:00,2025-03-05 12:40:00,Long,2915.78,2914.5199999999995,-1.260000000000673,SL Hit,2914.5199999999995,1,3590.2649999999503,30.0,-1.8100000000004002,3.230000000000018
2025-03-05 13:05:00,2025-03-05 14:30:00,Short,2909.9533333333334,2905.97,11.950000000000728,SL Hit,2905.97,3,3602.214999999951,85.0,5.576666666666824,-15.353333333333467
2025-03-05 16:45:00,2025-03-05 16:55:00,Long,2927.205,2925.94,-2.5299999999997453,SL Hit,2925.94,2,3599.6849999999513,10.0,-4.355000000000018,1.625
2025-03-05 18:30:00,2025-03-05 21:00:00,Long,2919.196,2921.26,10.320000000001528,SL Hit,2921.26,5,3610.004999999953,150.0,-5.435999999999694,3.5840000000002874
2025-03-05 23:10:00,2025-03-06 00:00:00,Short,2917.745,2918.28,-1.0700000000006185,SL Hit,2918.28,2,3608.934999999952,50.0,1.4349999999999454,-2.0450000000000728
2025-03-06 00:40:00,2025-03-06 01:10:00,Short,2918.25,2918.2850000000008,-0.035000000000763976,SL Hit,2918.2850000000008,1,3608.8999999999514,30.0,0.3400000000001455,-2.25
2025-03-06 01:35:00,2025-03-06 03:05:00,Long,2922.2099999999996,2923.11,2.700000000001637,SL Hit,2923.11,3,3611.599999999953,90.0,-2.8599999999996726,4.140000000000327
2025-03-06 03:25:00,2025-03-06 05:30:00,Short,2920.83,2917.78,12.199999999998909,SL Hit,2917.78,4,3623.799999999952,125.0,3.5399999999999636,-6.319999999999709
2025-03-06 09:00:00,2025-03-06 10:50:00,Short,2902.035,2903.85,-7.260000000000218,SL Hit,2903.85,4,3616.5399999999518,110.0,2.775000000000091,-10.074999999999818
2025-03-06 12:40:00,2025-03-06 13:05:00,Short,2902.64,2904.915,-2.275000000000091,SL Hit,2904.915,1,3614.2649999999517,25.0,3.200000000000273,-3.199999999999818
2025-03-06 14:05:00,2025-03-06 17:50:00,Long,2914.818571428572,2917.3,17.369999999998072,SL Hit,2917.3,7,3631.6349999999497,225.0,-9.808571428571668,6.901428571427914
2025-03-06 19:25:00,2025-03-06 19:40:00,Short,2914.23,2914.6850000000004,-0.455000000000382,SL Hit,2914.6850000000004,1,3631.1799999999494,15.0,0.5,-1.699999999999818
2025-03-06 22:00:00,2025-03-06 23:55:00,Long,2911.2566666666667,2909.7,-4.6700000000005275,SL Hit,2909.7,3,3626.509999999949,115.0,-1.9566666666664787,2.0033333333335577
2025-03-07 00:00:00,2025-03-07 00:40:00,Short,2906.28,2905.04,2.480000000000473,SL Hit,2905.04,2,3628.9899999999493,40.0,3.7199999999998,-8.900000000000091
2025-03-07 07:10:00,2025-03-07 07:25:00,Long,2912.8599999999997,2911.72,-2.2799999999997453,SL Hit,2911.72,2,3626.7099999999496,15.0,-1.2599999999997635,1.4600000000004911
2025-03-07 09:30:00,2025-03-07 11:10:00,Short,2920.903333333333,2920.86,0.12999999999919964,SL Hit,2920.86,3,3626.8399999999488,100.0,1.5366666666668607,-3.6933333333331575
2025-03-07 11:20:00,2025-03-07 11:50:00,Long,2920.29,2917.7349999999997,-2.555000000000291,SL Hit,2917.7349999999997,1,3624.2849999999485,30.0,-3.519999999999982,0.6300000000001091
2025-03-07 12:20:00,2025-03-07 13:00:00,Long,2919.87,2918.38,-2.9799999999995634,SL Hit,2918.38,2,3621.304999999949,40.0,-2.6399999999998727,2.700000000000273
2025-03-07 13:40:00,2025-03-07 14:00:00,Long,2920.41,2912.395,-8.014999999999873,SL Hit,2912.395,1,3613.289999999949,20.0,-15.069999999999709,2.8700000000003456
2025-03-07 16:50:00,2025-03-07 18:50:00,Short,2910.5750000000003,2907.83,16.470000000002074,SL Hit,2907.83,6,3629.759999999951,120.0,7.944999999999709,-8.305000000000291
2025-03-07 19:55:00,2025-03-07 20:00:00,Short,2906.23,2906.6499999999996,-0.419999999999618,SL Hit,2906.6499999999996,1,3629.3399999999515,5.0,0.6399999999998727,-1.9099999999998545
2025-03-07 21:50:00,2025-03-07 21:55:00,Long,2911.4,2909.6,-3.600000000000364,SL Hit,2909.6,2,3625.739999999951,5.0,-4.260000000000218,0.819999999999709
2025-03-09 23:55:00,2025-03-10 00:20:00,Long,2916.335,2913.6,-5.470000000000255,SL Hit,2913.6,2,3620.269999999951,25.0,-2.7350000000001273,1.4850000000001273
2025-03-10 00:45:00,2025-03-10 01:00:00,Short,2914.82,2915.695,-0.875,SL Hit,2915.695,1,3619.394999999951,15.0,1.5399999999999636,-2.1200000000003456
2025-03-10 01:10:00,2025-03-10 01:45:00,Long,2916.025,2913.08,-5.890000000000327,SL Hit,2913.08,2,3613.5049999999505,35.0,-3.1350000000002183,1.775000000000091
2025-03-10 01:50:00,2025-03-10 02:40:00,Short,2913.025,2913.85,-1.6499999999996362,SL Hit,2913.85,2,3611.854999999951,50.0,1.2849999999998545,-3.355000000000018
2025-03-10 05:00:00,2025-03-10 05:55:00,Short,2909.0200000000004,2909.6,-1.7399999999984175,SL Hit,2909.6,3,3610.1149999999525,55.0,2.719999999999345,-2.0000000000004547
2025-03-10 06:40:00,2025-03-10 07:45:00,Long,2913.5833333333335,2912.1,-4.450000000000728,SL Hit,2912.1,3,3605.6649999999518,65.0,-3.483333333333576,1.5166666666664241
2025-03-10 08:25:00,2025-03-10 09:05:00,Short,2901.755,2904.4,-5.289999999999964,SL Hit,2904.4,2,3600.374999999952,40.0,4.005000000000109,-5.075000000000273
2025-03-10 11:25:00,2025-03-10 11:50:00,Short,2900.045,2902.29,-4.489999999999782,SL Hit,2902.29,2,3595.884999999952,25.0,3.6549999999997453,-3.9650000000001455
2025-03-10 12:35:00,2025-03-10 12:45:00,Long,2905.37,2904.8100000000004,-0.5599999999994907,SL Hit,2904.8100000000004,1,3595.3249999999525,10.0,-1.5099999999997635,1.5300000000002
2025-03-10 13:05:00,2025-03-10 13:25:00,Long,2906.52,2903.09,-3.4299999999998363,SL Hit,2903.09,1,3591.8949999999527,20.0,-5.1599999999998545,1.349999999999909
2025-03-10 20:55:00,2025-03-10 22:10:00,Long,2887.595,2886.7,-1.7899999999999636,SL Hit,2886.7,2,3590.1049999999527,75.0,-1.3949999999999818,2.225000000000364
2025-03-10 22:20:00,2025-03-11 00:10:00,Short,2885.4233333333336,2885.63,-0.6199999999994361,SL Hit,2885.63,3,3589.4849999999533,110.0,2.116666666666333,-3.7233333333338123
2025-03-11 01:35:00,2025-03-11 03:20:00,Long,2893.7033333333334,2896.14,7.309999999999491,SL Hit,2896.14,3,3596.794999999953,105.0,-5.793333333333521,6.036666666666406
2025-03-11 03:25:00,2025-03-11 03:40:00,Short,2896.72,2896.72,0.0,SL Hit,2896.72,1,3596.794999999953,15.0,0.06000000000040018,-1.6299999999996544
2025-03-11 03:45:00,2025-03-11 03:55:00,Short,2896.23,2896.78,-1.1000000000003638,SL Hit,2896.78,2,3595.6949999999524,10.0,0.7399999999997817,-0.3200000000001637
2025-03-11 04:20:00,2025-03-11 05:10:00,Long,2897.29,2896.91,-0.7600000000002183,SL Hit,2896.91,2,3594.934999999952,50.0,-1.1900000000000546,1.300000000000182
2025-03-11 09:50:00,2025-03-11 11:05:00,Long,2912.1633333333334,2911.28,-2.649999999999636,SL Hit,2911.28,3,3592.2849999999526,75.0,-1.8733333333334485,2.1466666666665333
2025-03-11 11:40:00,2025-03-11 12:15:00,Long,2913.17,2911.7,-1.4700000000002547,SL Hit,2911.7,1,3590.8149999999523,35.0,-2.430000000000291,1.9299999999998363
2025-03-11 12:40:00,2025-03-11 13:05:00,Long,2914.48,2908.249999999999,-6.230000000000928,Bearish Trade Reversal,2908.249999999999,1,3584.5849999999514,25.0,-6.7800000000002,0.9499999999998181
2025-03-11 13:05:00,2025-03-11 13:30:00,Short,2910.01,2912.949999999999,-2.9399999999986903,SL Hit,2912.949999999999,1,3581.6449999999527,25.0,4.5099999999997635,-2.8400000000001455
2025-03-11 17:10:00,2025-03-11 17:25:00,Long,2918.99,2915.67,-6.639999999999418,SL Hit,2915.67,2,3575.0049999999533,15.0,-4.949999999999818,1.0200000000004366
2025-03-11 18:55:00,2025-03-11 19:00:00,Long,2917.84,2917.84,0.0,SL Hit,2917.84,1,3575.0049999999533,5.0,-0.2899999999999636,0.9899999999997817
2025-03-11 19:15:00,2025-03-11 19:50:00,Long,2919.885,2919.96,0.1499999999996362,SL Hit,2919.96,2,3575.154999999953,35.0,-1.0450000000000728,1.2849999999998545
2025-03-11 23:00:00,2025-03-11 23:50:00,Long,2917.06,2915.7,-2.7200000000002547,SL Hit,2915.7,2,3572.4349999999527,50.0,-1.5799999999999272,2.3400000000001455
2025-03-12 03:50:00,2025-03-12 05:35:00,Short,2914.9499999999994,2913.97,2.9399999999986903,SL Hit,2913.97,3,3575.3749999999513,105.0,2.0200000000004366,-2.8499999999994543
2025-03-12 05:40:00,2025-03-12 06:40:00,Long,2913.7,2913.7,0.0,SL Hit,2913.7,1,3575.3749999999513,60.0,-1.1599999999998545,6.910000000000309
2025-03-12 07:25:00,2025-03-12 07:30:00,Short,2911.98,2911.98,0.0,SL Hit,2911.98,1,3575.3749999999513,5.0,1.5300000000002,-1.6399999999998727
2025-03-12 07:40:00,2025-03-12 09:35:00,Long,2916.02,2918.46,4.880000000000109,SL Hit,2918.46,2,3580.2549999999515,115.0,-4.389999999999873,8.990000000000236
2025-03-12 11:15:00,2025-03-12 11:20:00,Long,2914.6,2914.6,0.0,SL Hit,2914.6,1,3580.2549999999515,5.0,-0.7100000000000364,0.9800000000000182
2025-03-12 11:35:00,2025-03-12 11:40:00,Short,2915.2,2918.5950000000007,-3.3950000000008913,Bullish Trade Reversal,2918.5950000000007,1,3576.8599999999506,5.0,0.9700000000002547,-0.5899999999996908
2025-03-12 11:40:00,2025-03-12 12:00:00,Long,2914.7100000000005,2914.55,-0.4800000000009277,SL Hit,2914.55,3,3576.3799999999496,20.0,-0.45000000000027285,1.7599999999993088
2025-03-12 14:40:00,2025-03-12 18:20:00,Long,2926.556666666667,2933.98,22.269999999999527,SL Hit,2933.98,3,3598.649999999949,220.0,-9.856666666667024,13.603333333333012
2025-03-12 19:30:00,2025-03-12 20:35:00,Short,2932.4449999999997,2933.02,-1.1500000000005457,SL Hit,2933.02,2,3597.4999999999486,65.0,2.1550000000002,-1.7349999999996726
2025-03-13 00:25:00,2025-03-13 01:50:00,Long,2938.2000000000003,2936.6,-4.800000000001091,SL Hit,2936.6,3,3592.6999999999475,85.0,-1.7100000000004911,2.8599999999996726
2025-03-13 01:55:00,2025-03-13 02:05:00,Short,2938.32,2939.9300000000003,-1.6100000000001273,SL Hit,2939.9300000000003,1,3591.0899999999474,10.0,1.6299999999996544,-0.7699999999999818
2025-03-13 05:55:00,2025-03-13 08:05:00,Short,2937.5919999999996,2936.74,4.259999999999309,SL Hit,2936.74,5,3595.3499999999467,130.0,2.7080000000005384,-4.581999999999425
2025-03-13 10:40:00,2025-03-13 10:45:00,Short,2943.62,2943.62,0.0,SL Hit,2943.62,1,3595.3499999999467,5.0,0.4600000000000364,-1.3099999999999454
2025-03-13 10:50:00,2025-03-13 11:00:00,Short,2944.31,2944.31,0.0,SL Hit,2944.31,1,3595.3499999999467,10.0,1.4800000000000182,-0.9099999999998545
2025-03-13 12:20:00,2025-03-13 13:30:00,Short,2946.3,2945.26,2.0799999999999272,SL Hit,2945.26,2,3597.4299999999466,70.0,1.5499999999997272,-5.8100000000004
2025-03-13 17:10:00,2025-03-13 17:30:00,Short,2977.23,2980.9399999999996,-3.7099999999995816,SL Hit,2980.9399999999996,1,3593.719999999947,20.0,4.820000000000164,-0.8299999999999272
2025-03-13 19:45:00,2025-03-13 20:15:00,Long,2982.6099999999997,2981.09,-3.039999999999054,SL Hit,2981.09,2,3590.679999999948,30.0,-1.519999999999527,2.100000000000364
2025-03-14 00:35:00,2025-03-14 00:45:00,Short,2985.73,2985.73,0.0,SL Hit,2985.73,1,3590.679999999948,10.0,0.9099999999998545,-1.9299999999998363
2025-03-14 01:05:00,2025-03-14 01:25:00,Long,2988.105,2984.7,-6.8100000000004,SL Hit,2984.7,2,3583.8699999999476,20.0,-4.9050000000002,1.574999999999818
2025-03-14 01:40:00,2025-03-14 02:30:00,Long,2986.9399999999996,2986.09,-3.399999999997817,SL Hit,2986.09,4,3580.46999999995,50.0,-1.9399999999995998,1.330000000000382
2025-03-14 03:45:00,2025-03-14 04:50:00,Long,2987.86,2987.369999999999,-0.49000000000114596,SL Hit,2987.369999999999,1,3579.9799999999486,65.0,-1.599999999999909,5.75
2025-03-14 06:25:00,2025-03-14 06:35:00,Short,2982.7,2983.120000000001,-0.42000000000098225,SL Hit,2983.120000000001,1,3579.5599999999476,10.0,0.7600000000002183,-1.5799999999999272
2025-03-14 06:55:00,2025-03-14 07:00:00,Long,2985.21,2985.21,0.0,SL Hit,2985.21,1,3579.5599999999476,5.0,-0.9600000000000364,0.7199999999997999
2025-03-14 12:15:00,2025-03-14 12:20:00,Long,2997.6,2997.6,0.0,SL Hit,2997.6,1,3579.5599999999476,5.0,-0.7599999999997635,1.2000000000002728
2025-03-14 14:15:00,2025-03-14 14:20:00,Long,2990.29,2989.205,-1.0850000000000364,SL Hit,2989.205,1,3578.4749999999476,5.0,-1.5799999999999272,1.8800000000001091
2025-03-14 19:30:00,2025-03-14 20:35:00,Short,2983.1333333333337,2983.37,-0.7099999999986721,SL Hit,2983.37,3,3577.764999999949,65.0,2.8266666666663696,-1.9333333333338487
2025-03-16 22:05:00,2025-03-16 22:10:00,Short,2986.91,2986.91,0.0,SL Hit,2986.91,1,3577.764999999949,5.0,2.6700000000000728,-1.2699999999999818
2025-03-16 22:50:00,2025-03-17 00:10:00,Long,2989.51,2988.4,-3.330000000000382,SL Hit,2988.4,3,3574.4349999999486,80.0,-2.5100000000002183,4.229999999999563
2025-03-17 00:45:00,2025-03-17 00:55:00,Short,2989.09,2990.1399999999994,-1.0499999999992724,SL Hit,2990.1399999999994,1,3573.3849999999493,10.0,1.4299999999998363,-1.4900000000002365
2025-03-17 01:05:00,2025-03-17 02:05:00,Long,2990.6633333333334,2990.2,-1.3900000000007822,SL Hit,2990.2,3,3571.9949999999485,60.0,-1.9433333333336122,1.966666666666697
2025-03-17 03:15:00,2025-03-17 05:55:00,Short,2985.735,2985.36,1.5,SL Hit,2985.36,4,3573.4949999999485,160.0,2.605000000000018,-3.4850000000001273
2025-03-17 07:20:00,2025-03-17 08:35:00,Short,2986.4300000000003,2986.51,-0.15999999999985448,SL Hit,2986.51,2,3573.3349999999486,75.0,2.2799999999997453,-3.230000000000473
2025-03-17 13:00:00,2025-03-17 13:30:00,Short,2988.0299999999997,2990.4,-4.740000000000691,SL Hit,2990.4,2,3568.594999999948,30.0,2.6900000000000546,-1.7999999999997272
2025-03-17 17:15:00,2025-03-17 17:20:00,Long,2996.94,2996.94,0.0,SL Hit,2996.94,1,3568.594999999948,5.0,-0.44000000000005457,1.3600000000001273
2025-03-17 19:35:00,2025-03-17 19:45:00,Short,2998.71,2998.71,0.0,SL Hit,2998.71,1,3568.594999999948,10.0,0.4099999999998545,-1.1799999999998363
2025-03-17 20:50:00,2025-03-17 22:00:00,Long,3001.07,3000.1599999999994,-0.910000000000764,SL Hit,3000.1599999999994,1,3567.684999999947,70.0,-1.3700000000003456,0.1299999999996544
2025-03-18 00:10:00,2025-03-18 00:20:00,Short,3000.95,3001.96,-2.0200000000004366,SL Hit,3001.96,2,3565.6649999999468,10.0,1.400000000000091,-1.6499999999996362
2025-03-18 01:40:00,2025-03-18 05:15:00,Long,3006.186666666667,3010.19,12.009999999999309,SL Hit,3010.19,3,3577.674999999946,215.0,-3.6866666666669516,10.36333333333323
2025-03-18 08:05:00,2025-03-18 09:50:00,Long,3019.875,3019.47,-0.8100000000004002,SL Hit,3019.47,2,3576.8649999999457,105.0,-1.7950000000000728,8.394999999999982
2025-03-18 11:30:00,2025-03-18 13:30:00,Long,3030.1150000000002,3033.6,13.93999999999869,SL Hit,3033.6,4,3590.8049999999444,120.0,-6.065000000000055,7.574999999999818
2025-03-18 13:35:00,2025-03-18 15:20:00,Short,3029.69,3030.21,-2.599999999999909,SL Hit,3030.21,5,3588.2049999999444,105.0,7.279999999999745,-4.9900000000002365
2025-03-18 17:20:00,2025-03-18 18:00:00,Short,3033.245,3033.16,0.17000000000007276,SL Hit,3033.16,2,3588.3749999999445,40.0,1.7049999999999272,-3.4649999999996908
2025-03-18 18:05:00,2025-03-18 18:20:00,Long,3032.62,3032.13,-0.4899999999997817,SL Hit,3032.13,1,3587.8849999999447,15.0,-1.1199999999998909,0.6100000000001273
2025-03-18 20:20:00,2025-03-18 22:50:00,Short,3033.83,3033.84,-0.030000000000654836,SL Hit,3033.84,3,3587.854999999944,150.0,0.9400000000000546,-2.3299999999999272
2025-03-19 01:10:00,2025-03-19 02:00:00,Short,3029.63,3029.69,-0.11999999999989086,SL Hit,3029.69,2,3587.734999999944,50.0,1.6199999999998909,-2.130000000000109
2025-03-19 02:10:00,2025-03-19 02:25:00,Long,3029.84,3029.84,0.0,SL Hit,3029.84,1,3587.734999999944,15.0,-0.03999999999996362,1.9800000000000182
2025-03-19 02:40:00,2025-03-19 06:20:00,Long,3036.4880000000003,3036.98,2.459999999998672,SL Hit,3036.98,5,3590.194999999943,220.0,-4.278000000000247,8.471999999999753
2025-03-19 06:25:00,2025-03-19 06:45:00,Short,3036.94,3041.315,-4.375,SL Hit,3041.315,1,3585.819999999943,20.0,4.7599999999997635,-2.4400000000000546
2025-03-19 08:05:00,2025-03-19 10:15:00,Short,3032.89,3031.13,5.279999999999291,SL Hit,3031.13,3,3591.099999999942,130.0,3.2899999999999636,-9.11999999999989
2025-03-19 13:05:00,2025-03-19 15:05:00,Short,3033.15,3031.66,5.960000000000946,SL Hit,3031.66,4,3597.059999999943,120.0,4.779999999999745,-6.4900000000002365
2025-03-19 15:10:00,2025-03-19 17:15:00,Long,3031.6575,3031.4,-1.0299999999988358,SL Hit,3031.4,4,3596.0299999999443,125.0,-2.857499999999618,6.252500000000055
2025-03-19 17:40:00,2025-03-19 18:00:00,Short,3031.31,3032.115,-0.8049999999998363,SL Hit,3032.115,1,3595.2249999999444,20.0,5.789999999999964,-2.8099999999999454
2025-03-19 19:05:00,2025-03-19 19:15:00,Long,3046.44,3045.635,-0.8049999999998363,SL Hit,3045.635,1,3594.4199999999446,10.0,-1.800000000000182,4.5900000000001455
2025-03-19 19:25:00,2025-03-19 19:35:00,Short,3043.0,3045.835,-2.8350000000000364,SL Hit,3045.835,1,3591.5849999999446,10.0,4.429999999999836,-0.9699999999997999
2025-03-19 22:55:00,2025-03-19 23:35:00,Long,3049.88,3047.8,-4.1599999999998545,SL Hit,3047.8,2,3587.4249999999447,40.0,-2.0799999999999272,0.34999999999990905
2025-03-20 00:00:00,2025-03-20 01:55:00,Long,3053.186,3050.97,-11.080000000001746,SL Hit,3050.97,5,3576.344999999943,115.0,-4.08600000000024,2.4039999999999964
2025-03-20 09:10:00,2025-03-20 09:45:00,Long,3042.63,3042.63,0.0,SL Hit,3042.63,1,3576.344999999943,35.0,-1.3299999999999272,3.049999999999727
2025-03-20 11:40:00,2025-03-20 11:50:00,Short,3032.92,3032.92,0.0,SL Hit,3032.92,1,3576.344999999943,10.0,2.0799999999999272,-2.180000000000291
2025-03-20 15:15:00,2025-03-20 15:20:00,Long,3039.45,3039.3450000000007,-0.1049999999991087,SL Hit,3039.3450000000007,1,3576.239999999944,5.0,-0.1999999999998181,1.0600000000004002
2025-03-20 16:00:00,2025-03-20 16:30:00,Long,3040.87,3038.000000000001,-2.8699999999989814,SL Hit,3038.000000000001,1,3573.369999999945,30.0,-6.359999999999673,1.5100000000002183
2025-03-20 18:10:00,2025-03-20 20:10:00,Long,3043.7125,3043.9,0.75,SL Hit,3043.9,4,3574.119999999945,120.0,-2.8025000000002365,2.067500000000109
2025-03-20 22:05:00,2025-03-20 22:50:00,Short,3044.0866666666666,3044.54,-1.3600000000001273,SL Hit,3044.54,3,3572.7599999999447,45.0,1.333333333333485,-1.9866666666666788
2025-03-20 23:30:00,2025-03-21 00:15:00,Long,3044.19,3043.1,-2.180000000000291,SL Hit,3043.1,2,3570.5799999999444,45.0,-1.5100000000002183,3.0099999999997635
2025-03-21 00:20:00,2025-03-21 03:50:00,Short,3039.1783333333337,3032.08,42.590000000002874,SL Hit,3032.08,6,3613.1699999999473,210.0,5.441666666666151,-9.248333333333903
2025-03-21 04:45:00,2025-03-21 06:10:00,Short,3030.45,3031.45,-2.0,SL Hit,3031.45,2,3611.1699999999473,85.0,1.9700000000002547,-8.609999999999673
2025-03-21 06:15:00,2025-03-21 06:25:00,Long,3030.58,3030.335000000001,-0.24499999999898137,SL Hit,3030.335000000001,1,3610.9249999999483,10.0,-0.5799999999999272,0.9700000000002547
2025-03-21 07:35:00,2025-03-21 07:40:00,Long,3031.88,3030.444999999999,-1.4350000000013097,SL Hit,3030.444999999999,1,3609.489999999947,5.0,-1.6100000000001273,0.4499999999998181
2025-03-21 09:35:00,2025-03-21 10:00:00,Short,3029.39,3030.125,-0.7350000000001273,SL Hit,3030.125,1,3608.754999999947,25.0,2.269999999999982,-0.8899999999998727
2025-03-21 12:15:00,2025-03-21 13:00:00,Long,3034.65,3033.58,-2.1400000000003274,SL Hit,3033.58,2,3606.6149999999466,45.0,-1.3600000000001273,2.949999999999818
2025-03-21 13:05:00,2025-03-21 14:40:00,Short,3026.476666666667,3009.24,51.7100000000014,SL Hit,3009.24,3,3658.324999999948,95.0,10.153333333333194,-27.056666666666843
2025-03-21 18:25:00,2025-03-21 19:00:00,Long,3017.08,3017.08,0.0,SL Hit,3017.08,1,3658.324999999948,35.0,-1.1100000000001273,3.869999999999891
2025-03-24 00:20:00,2025-03-24 01:30:00,Short,3021.52,3023.04,-3.0399999999999636,SL Hit,3023.04,2,3655.284999999948,70.0,2.4200000000000728,-4.380000000000109
2025-03-24 04:25:00,2025-03-24 04:40:00,Long,3017.28,3017.28,0.0,SL Hit,3017.28,1,3655.284999999948,15.0,-0.580000000000382,1.0
2025-03-24 05:05:00,2025-03-24 06:10:00,Long,3020.63,3020.24,-0.7800000000006548,SL Hit,3020.24,2,3654.5049999999474,65.0,-2.7899999999999636,1.9800000000000182
2025-03-24 06:35:00,2025-03-24 07:30:00,Long,3023.82,3024.2,1.1399999999989632,SL Hit,3024.2,3,3655.6449999999463,55.0,-2.25,4.809999999999945
2025-03-24 11:05:00,2025-03-24 12:15:00,Short,3027.98,3027.62,0.7200000000002547,SL Hit,3027.62,2,3656.3649999999466,70.0,0.9600000000000364,-3.8400000000001455
2025-03-24 13:40:00,2025-03-24 13:50:00,Short,3023.62,3023.62,0.0,SL Hit,3023.62,1,3656.3649999999466,10.0,1.2000000000002728,-4.179999999999836
2025-03-24 16:40:00,2025-03-24 16:50:00,Short,3010.23,3010.23,0.0,SL Hit,3010.23,1,3656.3649999999466,10.0,0.6300000000001091,-2.199999999999818
2025-03-24 17:40:00,2025-03-24 17:45:00,Short,3007.5,3007.5,0.0,SL Hit,3007.5,1,3656.3649999999466,5.0,0.3400000000001455,-2.0
2025-03-24 17:50:00,2025-03-24 19:10:00,Short,3006.81,3007.75,-1.8800000000001091,SL Hit,3007.75,2,3654.4849999999465,80.0,0.9500000000002728,-4.320000000000164
2025-03-24 19:15:00,2025-03-24 19:20:00,Long,3007.1,3007.1,0.0,SL Hit,3007.1,1,3654.4849999999465,5.0,-1.25,0.8800000000001091
2025-03-24 20:00:00,2025-03-24 22:30:00,Long,3008.83,3009.2,0.7399999999997817,SL Hit,3009.2,2,3655.2249999999462,150.0,-3.3299999999999272,5.760000000000218
2025-03-24 22:40:00,2025-03-24 22:50:00,Short,3009.78,3011.4249999999993,-1.6449999999990723,SL Hit,3011.4249999999993,1,3653.579999999947,10.0,1.8299999999999272,-1.080000000000382
2025-03-25 00:00:00,2025-03-25 00:05:00,Short,3009.7,3009.7699999999995,-0.06999999999970896,SL Hit,3009.7699999999995,1,3653.5099999999475,5.0,1.0100000000002183,-0.4399999999995998
2025-03-25 09:20:00,2025-03-25 11:40:00,Long,3022.1324999999997,3023.3,4.670000000001892,SL Hit,3023.3,4,3658.1799999999494,140.0,-2.982499999999618,3.9975000000004
2025-03-25 11:45:00,2025-03-25 13:10:00,Short,3022.89,3024.36,-1.4700000000002547,SL Hit,3024.36,1,3656.709999999949,85.0,1.9400000000000546,-7.9099999999998545
2025-03-25 13:35:00,2025-03-25 14:30:00,Long,3030.175,3026.8,-6.75,SL Hit,3026.8,2,3649.959999999949,55.0,-5.345000000000255,5.3149999999996
2025-03-25 14:55:00,2025-03-25 16:40:00,Short,3024.4266666666667,3024.11,0.9499999999998181,SL Hit,3024.11,3,3650.909999999949,105.0,4.213333333333139,-6.446666666666715
2025-03-25 16:45:00,2025-03-25 17:00:00,Long,3023.89,3022.770000000001,-1.1199999999989814,SL Hit,3022.770000000001,1,3649.78999999995,15.0,-2.069999999999709,1.6200000000003456
2025-03-25 17:25:00,2025-03-25 17:55:00,Short,3021.335,3022.33,-1.9899999999997817,SL Hit,3022.33,2,3647.79999999995,30.0,1.3350000000000364,-1.5050000000001091
2025-03-25 19:40:00,2025-03-25 19:45:00,Long,3019.38,3019.2049999999995,-0.17500000000063665,SL Hit,3019.2049999999995,1,3647.6249999999495,5.0,-0.2800000000002001,1.0
2025-03-25 22:40:00,2025-03-25 23:00:00,Short,3020.635,3021.18,-1.089999999999236,SL Hit,3021.18,2,3646.5349999999503,20.0,0.5749999999998181,-1.2350000000001273
2025-03-25 23:05:00,2025-03-25 23:10:00,Long,3020.1,3020.1,0.0,SL Hit,3020.1,1,3646.5349999999503,5.0,-0.09999999999990905,1.2300000000000182
2025-03-25 23:30:00,2025-03-25 23:55:00,Long,3020.895,3019.8,-2.1899999999996,SL Hit,3019.8,2,3644.3449999999507,25.0,-1.0949999999998,0.5349999999998545
2025-03-26 02:25:00,2025-03-26 02:40:00,Long,3024.91,3024.525000000001,-0.38499999999885404,SL Hit,3024.525000000001,1,3643.959999999952,15.0,-2.3099999999999454,1.5399999999999636
2025-03-26 03:05:00,2025-03-26 05:30:00,Short,3017.3050000000003,3016.03,5.100000000000364,SL Hit,3016.03,4,3649.059999999952,145.0,5.504999999999654,-4.005000000000109
2025-03-26 06:40:00,2025-03-26 06:50:00,Long,3024.19,3024.19,0.0,SL Hit,3024.19,1,3649.059999999952,10.0,-0.19000000000005457,1.6100000000001273
2025-03-26 08:45:00,2025-03-26 10:40:00,Short,3023.955,3023.46,0.9899999999997817,SL Hit,3023.46,2,3650.049999999952,115.0,2.675000000000182,-6.864999999999782
2025-03-26 12:35:00,2025-03-26 12:45:00,Short,3027.23,3028.9449999999993,-1.714999999999236,SL Hit,3028.9449999999993,1,3648.3349999999527,10.0,2.769999999999982,-1.6900000000000546
2025-03-26 16:20:00,2025-03-26 16:55:00,Long,3017.67,3015.7449999999994,-1.9250000000006366,SL Hit,3015.7449999999994,1,3646.409999999952,35.0,-2.450000000000273,2.0799999999999272
2025-03-26 18:55:00,2025-03-26 20:00:00,Short,3018.075,3018.14,-0.13000000000010914,SL Hit,3018.14,2,3646.279999999952,65.0,0.8450000000002547,-2.2549999999996544
2025-03-26 20:45:00,2025-03-26 20:50:00,Long,3019.95,3019.95,0.0,SL Hit,3019.95,1,3646.279999999952,5.0,-0.8799999999996544,0.8400000000001455
2025-03-26 22:20:00,2025-03-26 22:55:00,Long,3020.0333333333333,3018.4,-4.899999999999636,SL Hit,3018.4,3,3641.3799999999524,35.0,-2.133333333333212,0.6666666666665151
2025-03-26 23:00:00,2025-03-26 23:10:00,Short,3019.22,3019.22,0.0,SL Hit,3019.22,1,3641.3799999999524,10.0,0.9500000000002728,-1.819999999999709
2025-03-26 23:40:00,2025-03-27 00:30:00,Long,3021.3900000000003,3022.23,1.6799999999993815,SL Hit,3022.23,2,3643.0599999999517,50.0,-2.0200000000004366,2.9999999999995453
2025-03-27 00:50:00,2025-03-27 01:40:00,Long,3025.33,3024.7,-1.2600000000002183,SL Hit,3024.7,2,3641.7999999999515,50.0,-2.3299999999999272,2.7100000000000364
2025-03-27 03:35:00,2025-03-27 05:10:00,Long,3032.9849999999997,3031.72,-5.059999999999491,SL Hit,3031.72,4,3636.739999999952,95.0,-2.2149999999996908,4.805000000000291
2025-03-27 05:50:00,2025-03-27 06:05:00,Short,3032.51,3032.51,0.0,SL Hit,3032.51,1,3636.739999999952,15.0,0.4299999999998363,-4.450000000000273
2025-03-27 12:00:00,2025-03-27 12:10:00,Long,3054.3,3053.004999999999,-1.2950000000009823,SL Hit,3053.004999999999,1,3635.444999999951,10.0,-1.900000000000091,1.2699999999999818
2025-03-27 12:35:00,2025-03-27 12:45:00,Short,3051.03,3051.03,0.0,SL Hit,3051.03,1,3635.444999999951,10.0,0.10999999999967258,-3.7800000000002
2025-03-27 16:45:00,2025-03-27 17:50:00,Short,3051.05,3052.08,-2.0599999999994907,SL Hit,3052.08,2,3633.3849999999516,65.0,1.8899999999998727,-3.1700000000000728
2025-03-27 18:30:00,2025-03-27 20:00:00,Long,3056.1800000000003,3056.29,0.32999999999901775,SL Hit,3056.29,3,3633.7149999999506,90.0,-1.4700000000002547,1.4399999999995998
2025-03-27 20:05:00,2025-03-27 20:50:00,Short,3056.435,3056.57,-0.27000000000043656,SL Hit,3056.57,2,3633.44499999995,45.0,0.6050000000000182,-2.3350000000000364
2025-03-27 23:00:00,2025-03-27 23:45:00,Short,3054.775,3054.9,-0.25,SL Hit,3054.9,2,3633.19499999995,45.0,1.1449999999999818,-1.0750000000002728
2025-03-28 06:35:00,2025-03-28 07:40:00,Long,3080.59,3080.38,-0.21000000000003638,SL Hit,3080.38,1,3632.98499999995,65.0,-0.41000000000030923,5.029999999999745
2025-03-28 07:55:00,2025-03-28 09:40:00,Short,3075.7033333333334,3074.06,4.930000000000291,SL Hit,3074.06,3,3637.9149999999504,105.0,4.85666666666657,-9.553333333333285
2025-03-28 11:00:00,2025-03-28 12:20:00,Long,3074.0,3073.64,-0.7200000000002547,SL Hit,3073.64,2,3637.19499999995,80.0,-2.699999999999818,5.300000000000182
2025-03-28 12:25:00,2025-03-28 12:30:00,Short,3076.08,3076.08,0.0,SL Hit,3076.08,1,3637.19499999995,5.0,1.9400000000000546,-2.049999999999727
2025-03-28 13:20:00,2025-03-28 13:25:00,Short,3074.06,3074.655,-0.5950000000002547,SL Hit,3074.655,1,3636.59999999995,5.0,2.7600000000002183,-1.8800000000001091
2025-03-28 17:15:00,2025-03-28 17:40:00,Long,3082.89,3079.635,-3.2549999999996544,SL Hit,3079.635,1,3633.3449999999502,25.0,-4.480000000000018,2.650000000000091
2025-03-28 19:40:00,2025-03-28 19:45:00,Long,3081.05,3081.05,0.0,SL Hit,3081.05,1,3633.3449999999502,5.0,-0.6300000000001091,0.599999999999909
2025-03-28 20:05:00,2025-03-28 20:35:00,Long,3082.24,3081.9,-0.6799999999993815,SL Hit,3081.9,2,3632.664999999951,30.0,-0.9699999999997999,2.1100000000001273
2025-03-28 20:55:00,2025-03-30 23:05:00,Long,3087.15,3087.5,0.6999999999998181,SL Hit,3087.5,2,3633.3649999999507,3010.0,-3.0,12.400000000000091
2025-03-31 04:25:00,2025-03-31 09:20:00,Long,3115.81,3120.97,25.799999999999272,SL Hit,3120.97,5,3659.16499999995,295.0,-8.400000000000091,10.760000000000218
2025-03-31 15:55:00,2025-03-31 16:00:00,Short,3115.29,3115.29,0.0,SL Hit,3115.29,1,3659.16499999995,5.0,1.5599999999999454,-1.7899999999999636
2025-03-31 16:35:00,2025-03-31 17:20:00,Long,3118.63,3117.38,-2.5,SL Hit,3117.38,2,3656.66499999995,45.0,-1.599999999999909,1.7199999999998
2025-03-31 18:15:00,2025-03-31 19:40:00,Long,3121.0,3121.18,0.7199999999993452,SL Hit,3121.18,4,3657.3849999999493,85.0,-1.7899999999999636,2.730000000000018
2025-03-31 20:10:00,2025-03-31 20:15:00,Long,3123.53,3123.1449999999995,-0.385000000000673,SL Hit,3123.1449999999995,1,3656.9999999999486,5.0,-0.6600000000003092,0.5599999999999454
2025-03-31 23:10:00,2025-03-31 23:45:00,Long,3125.365,3123.7,-3.3299999999999272,SL Hit,3123.7,2,3653.6699999999487,35.0,-1.9949999999998909,0.8450000000002547
2025-03-31 23:50:00,2025-04-01 00:45:00,Short,3122.12,3126.21,-8.180000000000291,SL Hit,3126.21,2,3645.4899999999484,55.0,5.130000000000109,-2.9200000000000728
2025-04-01 01:25:00,2025-04-01 01:30:00,Long,3131.96,3131.96,0.0,SL Hit,3131.96,1,3645.4899999999484,5.0,-1.0199999999999818,1.8400000000001455
2025-04-01 01:40:00,2025-04-01 04:15:00,Long,3141.358571428572,3144.93,24.999999999995907,SL Hit,3144.93,7,3670.4899999999443,155.0,-8.848571428571631,6.281428571428023
2025-04-01 04:20:00,2025-04-01 05:20:00,Short,3143.536666666667,3144.86,-3.9699999999998,SL Hit,3144.86,3,3666.5199999999445,60.0,1.883333333333212,-2.3366666666670426
2025-04-01 07:30:00,2025-04-01 08:05:00,Short,3133.0,3133.0,0.0,SL Hit,3133.0,1,3666.5199999999445,35.0,0.6199999999998909,-8.329999999999927
2025-04-01 08:55:00,2025-04-01 09:00:00,Short,3131.31,3131.31,0.0,SL Hit,3131.31,1,3666.5199999999445,5.0,0.6700000000000728,-1.7999999999997272
2025-04-01 11:05:00,2025-04-01 11:15:00,Short,3132.33,3134.815,-2.4850000000001273,SL Hit,3134.815,1,3664.0349999999444,10.0,2.880000000000109,-1.5
2025-04-01 11:20:00,2025-04-01 13:00:00,Short,3132.4249999999997,3133.83,-5.6200000000008,SL Hit,3133.83,4,3658.4149999999436,100.0,2.355000000000473,-4.394999999999527
2025-04-01 17:20:00,2025-04-01 18:40:00,Long,3113.73,3114.22,1.4699999999993452,SL Hit,3114.22,3,3659.884999999943,80.0,-3.8299999999999272,4.679999999999836
2025-04-01 18:50:00,2025-04-01 19:10:00,Short,3114.64,3114.64,0.0,SL Hit,3114.64,1,3659.884999999943,20.0,0.34999999999990905,-1.0299999999997453
2025-04-01 22:05:00,2025-04-01 23:00:00,Short,3112.91,3113.18,-0.8099999999999454,SL Hit,3113.18,3,3659.074999999943,55.0,1.6400000000003274,-5.149999999999636
2025-04-02 06:25:00,2025-04-02 07:00:00,Long,3116.985,3114.7,-4.5700000000006185,SL Hit,3114.7,2,3654.5049999999424,35.0,-3.125,1.7549999999996544
2025-04-02 09:30:00,2025-04-02 09:55:00,Short,3129.49,3130.76,-2.540000000000873,SL Hit,3130.76,2,3651.9649999999415,25.0,1.5300000000002,-2.4799999999995634
2025-04-02 10:25:00,2025-04-02 12:25:00,Short,3124.53,3123.22,3.9300000000012005,SL Hit,3123.22,3,3655.8949999999427,120.0,4.099999999999909,-13.700000000000273
2025-04-02 15:40:00,2025-04-02 17:20:00,Long,3127.885,3127.52,-0.7300000000004729,SL Hit,3127.52,2,3655.164999999942,100.0,-3.2850000000003092,6.024999999999636
2025-04-02 23:45:00,2025-04-03 00:05:00,Long,3159.18,3159.18,0.0,SL Hit,3159.18,1,3655.164999999942,20.0,-4.099999999999909,7.4900000000002365
2025-04-03 01:35:00,2025-04-03 01:50:00,Long,3155.28,3151.8849999999993,-3.3950000000008913,SL Hit,3151.8849999999993,1,3651.7699999999413,15.0,-4.440000000000055,6.7599999999997635
2025-04-03 06:05:00,2025-04-03 06:20:00,Long,3128.66,3126.385000000001,-2.2749999999987267,SL Hit,3126.385000000001,1,3649.4949999999426,15.0,-3.1799999999998363,3.2800000000002
2025-04-03 09:35:00,2025-04-03 13:35:00,Short,3102.0850000000005,3079.69,134.37000000000262,SL Hit,3079.69,6,3783.864999999945,240.0,26.41499999999951,-46.625000000000455
2025-04-03 16:10:00,2025-04-03 16:20:00,Long,3107.41,3104.67,-5.479999999999563,SL Hit,3104.67,2,3778.3849999999456,10.0,-6.4099999999998545,2.8299999999999272
2025-04-04 03:50:00,2025-04-04 06:30:00,Long,3100.282,3101.9,8.08999999999969,SL Hit,3101.9,5,3786.4749999999453,160.0,-7.632000000000062,8.867999999999938
2025-04-04 10:05:00,2025-04-04 10:10:00,Long,3093.86,3093.86,0.0,SL Hit,3093.86,1,3786.4749999999453,5.0,-0.5199999999999818,5.449999999999818
2025-04-04 10:25:00,2025-04-04 11:45:00,Long,3110.955,3105.53,-10.849999999999454,SL Hit,3105.53,2,3775.624999999946,80.0,-15.884999999999764,23.565000000000055
2025-04-04 11:50:00,2025-04-04 11:55:00,Short,3108.6,3108.6,0.0,SL Hit,3108.6,1,3775.624999999946,5.0,3.25,-3.119999999999891
2025-04-04 12:10:00,2025-04-04 16:15:00,Short,3061.8233333333333,3025.53,217.7599999999984,SL Hit,3025.53,6,3993.3849999999443,245.0,39.17666666666673,-44.39333333333343
2025-04-04 16:25:00,2025-04-04 18:40:00,Long,3024.8549999999996,3021.62,-12.93999999999869,SL Hit,3021.62,4,3980.4449999999456,135.0,-8.174999999999727,10.575000000000273
2025-04-04 18:45:00,2025-04-04 18:50:00,Short,3021.06,3021.06,0.0,SL Hit,3021.06,1,3980.4449999999456,5.0,4.4099999999998545,-2.8899999999998727
2025-04-04 19:20:00,2025-04-04 20:55:00,Long,3034.025,3035.1,4.299999999999272,SL Hit,3035.1,4,3984.744999999945,95.0,-6.845000000000255,6.3449999999998
2025-04-06 23:15:00,2025-04-07 01:05:00,Short,2993.8866666666668,2991.23,7.970000000000255,SL Hit,2991.23,3,3992.714999999945,110.0,14.523333333333085,-20.776666666666642
2025-04-07 02:35:00,2025-04-07 03:40:00,Short,3030.913333333334,3030.08,2.500000000001819,SL Hit,3030.08,3,3995.214999999947,65.0,5.976666666666006,-7.683333333333849
2025-04-07 10:25:00,2025-04-07 12:00:00,Long,3031.325,3030.42,-1.8099999999994907,SL Hit,3030.42,2,3993.4049999999474,95.0,-4.114999999999782,13.965000000000146
2025-04-07 13:05:00,2025-04-07 13:15:00,Long,3027.38,3024.4399999999996,-2.9400000000005093,SL Hit,3024.4399999999996,1,3990.464999999947,10.0,-5.410000000000309,4.309999999999945
2025-04-07 14:15:00,2025-04-07 14:20:00,Long,3026.37,3026.37,0.0,SL Hit,3026.37,1,3990.464999999947,5.0,-6.069999999999709,11.2800000000002
2025-04-07 15:45:00,2025-04-07 15:55:00,Short,2985.17,2985.17,0.0,SL Hit,2985.17,1,3990.464999999947,10.0,2.4400000000000546,-4.960000000000036
2025-04-07 16:00:00,2025-04-07 16:30:00,Short,2981.596666666667,2984.39,-8.3799999999992,SL Hit,2984.39,3,3982.0849999999477,30.0,4.873333333332994,-6.026666666666642
2025-04-07 17:50:00,2025-04-07 18:50:00,Long,2969.8599999999997,2968.64,-2.4399999999996,SL Hit,2968.64,2,3979.644999999948,60.0,-4.4399999999996,6.380000000000109
2025-04-07 22:05:00,2025-04-07 23:15:00,Long,2983.615,2984.8,4.740000000001601,SL Hit,2984.8,4,3984.3849999999497,70.0,-2.3649999999997817,4.475000000000364
2025-04-08 02:05:00,2025-04-08 03:00:00,Long,3001.5766666666664,2998.38,-9.589999999998781,SL Hit,2998.38,3,3974.794999999951,55.0,-4.186666666666497,2.7733333333335395
2025-04-08 04:05:00,2025-04-08 04:30:00,Long,2998.5299999999997,2994.11,-8.839999999999236,SL Hit,2994.11,2,3965.9549999999517,25.0,-5.1599999999998545,0.9800000000004729
2025-04-08 05:20:00,2025-04-08 07:15:00,Long,3005.652,3008.65,14.990000000000236,SL Hit,3008.65,5,3980.944999999952,115.0,-5.9220000000000255,9.018000000000029
2025-04-08 07:20:00,2025-04-08 10:00:00,Short,3007.67,3007.63,0.15999999999985448,SL Hit,3007.63,4,3981.104999999952,160.0,3.9400000000000546,-12.300000000000182
2025-04-08 10:30:00,2025-04-08 12:20:00,Long,3010.5625,3008.94,-6.489999999999782,SL Hit,3008.94,4,3974.614999999952,110.0,-4.5625,8.547500000000127
2025-04-08 16:25:00,2025-04-08 16:30:00,Short,2995.59,2995.59,0.0,SL Hit,2995.59,1,3974.614999999952,5.0,0.17000000000007276,-4.039999999999964
2025-04-08 19:15:00,2025-04-08 19:45:00,Short,2980.14,2982.7,-5.119999999999891,SL Hit,2982.7,2,3969.494999999952,30.0,2.800000000000182,-3.3799999999996544
2025-04-08 23:30:00,2025-04-09 00:05:00,Short,2980.94,2981.22,-0.27999999999974534,SL Hit,2981.22,1,3969.2149999999524,35.0,2.869999999999891,-11.019999999999982
2025-04-09 01:00:00,2025-04-09 01:20:00,Short,2978.67,2985.039999999999,-6.369999999998981,SL Hit,2985.039999999999,1,3962.8449999999534,20.0,7.210000000000036,-4.650000000000091
2025-04-09 01:25:00,2025-04-09 02:20:00,Long,2995.675,3004.22,17.089999999999236,SL Hit,3004.22,2,3979.9349999999527,55.0,-15.4350000000004,14.694999999999709
2025-04-09 06:10:00,2025-04-09 07:55:00,Long,3031.1349999999998,3041.59,41.82000000000153,SL Hit,3041.59,4,4021.754999999954,105.0,-12.624999999999545,18.485000000000127
2025-04-09 09:30:00,2025-04-09 10:10:00,Long,3045.0950000000003,3043.5,-3.1900000000005093,SL Hit,3043.5,2,4018.5649999999537,40.0,-4.045000000000073,4.124999999999545
2025-04-09 11:05:00,2025-04-09 11:15:00,Short,3044.1,3048.8600000000006,-4.760000000000673,Bullish Trade Reversal,3048.8600000000006,1,4013.804999999953,10.0,12.110000000000127,-1.6199999999998909
2025-04-09 11:15:00,2025-04-09 12:10:00,Long,3057.47,3058.9,4.290000000000873,SL Hit,3058.9,3,4018.094999999954,55.0,-13.679999999999836,14.450000000000273
2025-04-09 12:15:00,2025-04-09 14:10:00,Short,3069.59,3076.24,-19.94999999999891,SL Hit,3076.24,3,3998.144999999955,115.0,8.259999999999764,-26.15000000000009
2025-04-09 14:55:00,2025-04-09 15:15:00,Short,3071.67,3075.17,-3.5,SL Hit,3075.17,1,3994.644999999955,20.0,10.699999999999818,-5.460000000000036
2025-04-09 16:50:00,2025-04-09 17:00:00,Long,3090.01,3089.659999999999,-0.3500000000012733,SL Hit,3089.659999999999,1,3994.2949999999537,10.0,-1.5900000000001455,4.5
2025-04-09 18:10:00,2025-04-09 18:20:00,Short,3057.83,3061.6099999999997,-3.7799999999997453,SL Hit,3061.6099999999997,1,3990.514999999954,10.0,4.430000000000291,-7.210000000000036
2025-04-09 20:35:00,2025-04-09 22:30:00,Short,3082.995,3083.02,-0.0500000000001819,SL Hit,3083.02,2,3990.4649999999538,115.0,4.744999999999891,-12.295000000000073
2025-04-10 01:05:00,2025-04-10 01:45:00,Short,3089.023333333333,3088.56,1.389999999999418,SL Hit,3088.56,3,3991.854999999953,40.0,4.746666666666897,-10.323333333333267
2025-04-10 02:55:00,2025-04-10 05:35:00,Long,3122.888333333333,3121.83,-6.349999999997635,SL Hit,3121.83,6,3985.5049999999555,160.0,-7.67833333333283,8.741666666667243
2025-04-10 07:05:00,2025-04-10 07:20:00,Short,3119.205,3122.19,-5.970000000000255,SL Hit,3122.19,2,3979.5349999999553,15.0,3.3650000000002365,-2.255000000000109
2025-04-10 12:05:00,2025-04-10 12:35:00,Long,3124.76,3123.71,-2.100000000000364,SL Hit,3123.71,2,3977.434999999955,30.0,-7.760000000000218,8.329999999999927
2025-04-10 14:55:00,2025-04-10 16:10:00,Long,3154.3633333333332,3155.0,1.9100000000003092,SL Hit,3155.0,3,3979.3449999999552,75.0,-6.053333333333285,19.98666666666668
2025-04-10 17:40:00,2025-04-10 18:10:00,Long,3161.603333333334,3159.53,-6.220000000001164,SL Hit,3159.53,3,3973.124999999954,30.0,-3.4333333333338487,2.9466666666662604
2025-04-10 18:25:00,2025-04-10 20:25:00,Long,3170.353333333333,3170.49,0.41000000000030923,SL Hit,3170.49,3,3973.5349999999544,120.0,-7.5433333333330665,5.676666666667188
2025-04-10 20:35:00,2025-04-10 20:45:00,Short,3170.93,3172.085000000001,-1.1550000000011096,SL Hit,3172.085000000001,1,3972.3799999999533,10.0,1.8800000000001091,-2.5899999999996908
2025-04-11 01:10:00,2025-04-11 01:15:00,Long,3211.68,3205.170000000001,-6.509999999998854,SL Hit,3205.170000000001,1,3965.8699999999544,5.0,-8.679999999999836,3.100000000000364
2025-04-11 02:15:00,2025-04-11 02:55:00,Long,3217.4900000000002,3215.28,-6.630000000000109,SL Hit,3215.28,3,3959.2399999999543,40.0,-3.6700000000000728,2.049999999999727
2025-04-11 03:00:00,2025-04-11 03:30:00,Short,3216.005,3219.11,-6.210000000000036,SL Hit,3219.11,2,3953.0299999999543,30.0,3.7950000000000728,-1.8949999999999818
2025-04-11 04:10:00,2025-04-11 05:25:00,Short,3214.2,3217.06,-5.720000000000255,SL Hit,3217.06,2,3947.309999999954,75.0,3.900000000000091,-8.519999999999982
2025-04-11 06:35:00,2025-04-11 06:50:00,Long,3200.3,3200.3,0.0,SL Hit,3200.3,1,3947.309999999954,15.0,-3.1900000000000546,8.699999999999818
2025-04-11 07:10:00,2025-04-11 09:15:00,Long,3212.7116666666666,3215.32,15.650000000001455,SL Hit,3215.32,6,3962.9599999999555,125.0,-8.911666666666406,13.198333333333267
2025-04-11 09:20:00,2025-04-11 09:25:00,Short,3216.91,3217.995,-1.0850000000000364,SL Hit,3217.995,1,3961.8749999999554,5.0,2.5700000000001637,-2.0099999999997635
2025-04-11 10:30:00,2025-04-11 12:05:00,Short,3220.1766666666663,3219.59,1.7599999999983993,SL Hit,3219.59,3,3963.634999999954,95.0,7.33333333333394,-10.096666666666351
2025-04-11 13:50:00,2025-04-11 14:05:00,Short,3230.06,3230.06,0.0,SL Hit,3230.06,1,3963.634999999954,15.0,3.2800000000002,-10.289999999999964
2025-04-11 18:35:00,2025-04-11 18:50:00,Long,3234.8,3234.8,0.0,SL Hit,3234.8,1,3963.634999999954,15.0,-0.8100000000004002,2.819999999999709
2025-04-11 20:00:00,2025-04-13 22:00:00,Long,3234.4966666666664,3233.76,-2.209999999998672,SL Hit,3233.76,3,3961.424999999955,3000.0,-23.896666666666533,3.833333333333485
2025-04-13 23:55:00,2025-04-14 01:00:00,Long,3219.7,3219.2,-1.0,SL Hit,3219.2,2,3960.424999999955,65.0,-3.0599999999999454,7.210000000000036
2025-04-14 02:00:00,2025-04-14 02:15:00,Long,3239.21,3239.21,0.0,SL Hit,3239.21,1,3960.424999999955,15.0,-1.7899999999999636,6.019999999999982
2025-04-14 03:00:00,2025-04-14 03:05:00,Short,3231.15,3231.43,-0.27999999999974534,SL Hit,3231.43,1,3960.1449999999554,5.0,0.7399999999997817,-5.039999999999964
2025-04-14 03:10:00,2025-04-14 03:25:00,Short,3232.23,3233.23,-2.0,SL Hit,3233.23,2,3958.1449999999554,15.0,1.0399999999999636,-3.119999999999891
2025-04-14 03:35:00,2025-04-14 04:20:00,Long,3231.675,3231.26,-0.8299999999999272,SL Hit,3231.26,2,3957.3149999999555,45.0,-0.525000000000091,3.4649999999996908
2025-04-14 04:30:00,2025-04-14 05:35:00,Short,3228.24,3227.33,1.819999999999709,SL Hit,3227.33,2,3959.134999999955,65.0,3.6200000000003456,-6.75
2025-04-14 07:10:00,2025-04-14 07:20:00,Short,3229.99,3231.2850000000008,-1.2950000000009823,SL Hit,3231.2850000000008,1,3957.839999999954,10.0,2.3400000000001455,-1.1399999999998727
2025-04-14 12:10:00,2025-04-14 12:20:00,Long,3225.19,3223.2649999999994,-1.9250000000006366,SL Hit,3223.2649999999994,1,3955.9149999999536,10.0,-6.929999999999836,2.0299999999997453
2025-04-14 15:20:00,2025-04-14 16:50:00,Short,3207.5533333333333,3206.61,2.8299999999994725,SL Hit,3206.61,3,3958.744999999953,90.0,1.996666666666897,-10.64333333333343
2025-04-14 18:15:00,2025-04-14 19:45:00,Short,3212.175,3212.08,0.19000000000050932,SL Hit,3212.08,2,3958.9349999999536,90.0,1.9049999999997453,-10.715000000000146
2025-04-14 19:50:00,2025-04-14 23:00:00,Long,3212.2760000000003,3211.3,-4.880000000000564,SL Hit,3211.3,5,3954.054999999953,190.0,-4.496000000000095,2.6839999999997417
2025-04-14 23:30:00,2025-04-14 23:45:00,Short,3212.93,3213.3500000000013,-0.420000000001437,SL Hit,3213.3500000000013,1,3953.6349999999516,15.0,0.9600000000000364,-2.049999999999727
2025-04-15 00:20:00,2025-04-15 00:25:00,Long,3214.08,3214.08,0.0,SL Hit,3214.08,1,3953.6349999999516,5.0,-2.599999999999909,0.8099999999999454
2025-04-15 01:05:00,2025-04-15 05:15:00,Long,3224.14375,3227.14,23.969999999997526,SL Hit,3227.14,8,3977.604999999949,250.0,-12.233750000000327,8.0962499999996
2025-04-15 06:15:00,2025-04-15 06:55:00,Long,3226.225,3224.6,-3.25,SL Hit,3224.6,2,3974.354999999949,40.0,-2.2049999999999272,2.1849999999999454
2025-04-15 10:55:00,2025-04-15 11:00:00,Short,3222.21,3222.7,-0.4899999999997817,SL Hit,3222.7,1,3973.8649999999493,5.0,1.1399999999998727,-2.519999999999982
2025-04-15 11:35:00,2025-04-15 11:55:00,Short,3220.07,3220.07,0.0,SL Hit,3220.07,1,3973.8649999999493,20.0,0.4600000000000364,-2.9200000000000728
2025-04-15 12:15:00,2025-04-15 12:20:00,Long,3223.77,3219.4300000000007,-4.339999999999236,SL Hit,3219.4300000000007,1,3969.52499999995,5.0,-6.5,1.6700000000000728
2025-04-15 19:00:00,2025-04-15 19:05:00,Long,3228.79,3228.79,0.0,SL Hit,3228.79,1,3969.52499999995,5.0,-0.8899999999998727,1.6599999999998545
2025-04-16 06:05:00,2025-04-16 06:10:00,Short,3288.32,3288.9850000000006,-0.6650000000004184,SL Hit,3288.9850000000006,1,3968.8599999999497,5.0,1.4099999999998545,-1.0399999999999636
2025-04-16 10:55:00,2025-04-16 11:00:00,Long,3303.67,3302.47,-2.4000000000005457,SL Hit,3302.47,2,3966.459999999949,5.0,-3.3899999999998727,1.0099999999997635
2025-04-16 12:45:00,2025-04-16 13:55:00,Short,3309.3133333333335,3310.86,-4.639999999999873,SL Hit,3310.86,3,3961.8199999999492,70.0,6.416666666666515,-11.983333333333576
2025-04-16 15:05:00,2025-04-16 15:30:00,Short,3311.0550000000003,3313.67,-5.229999999999563,SL Hit,3313.67,2,3956.5899999999497,25.0,6.214999999999691,-5.165000000000418
2025-04-16 18:10:00,2025-04-16 19:40:00,Long,3336.97,3337.9,2.790000000000873,SL Hit,3337.9,3,3959.3799999999505,90.0,-8.5,5.120000000000346
2025-04-16 19:50:00,2025-04-16 20:05:00,Short,3338.17,3339.55,-2.7600000000002183,SL Hit,3339.55,2,3956.6199999999503,15.0,1.4099999999998545,-3.269999999999982
2025-04-16 23:05:00,2025-04-16 23:15:00,Short,3351.59,3351.59,0.0,SL Hit,3351.59,1,3956.6199999999503,10.0,0.1799999999998363,-3.7899999999999636
2025-04-17 00:00:00,2025-04-17 00:30:00,Short,3349.87,3349.87,0.0,SL Hit,3349.87,1,3956.6199999999503,30.0,0.6100000000001273,-6.170000000000073
2025-04-17 04:05:00,2025-04-17 09:00:00,Short,3330.687142857143,3324.07,46.320000000000164,SL Hit,3324.07,7,4002.9399999999505,295.0,13.032857142856756,-17.727142857143008
2025-04-17 09:20:00,2025-04-17 09:25:00,Long,3324.19,3323.1399999999994,-1.0500000000006366,SL Hit,3323.1399999999994,1,4001.88999999995,5.0,-2.5599999999999454,1.6799999999998363
2025-04-17 10:30:00,2025-04-17 11:30:00,Long,3327.33,3326.14,-2.380000000000109,SL Hit,3326.14,2,3999.5099999999497,60.0,-2.4200000000000728,4.9099999999998545
2025-04-17 11:35:00,2025-04-17 12:15:00,Short,3326.41,3336.875000000001,-10.465000000001055,SL Hit,3336.875000000001,1,3989.0449999999487,40.0,11.740000000000236,-4.019999999999982
2025-04-17 15:05:00,2025-04-17 18:30:00,Long,3310.933333333333,3317.87,41.62000000000171,SL Hit,3317.87,6,4030.6649999999504,205.0,-17.573333333332812,10.94666666666717
2025-04-22 06:55:00,2025-04-22 10:00:00,Short,3464.365,3457.18,28.73999999999978,SL Hit,3457.18,4,4059.40499999995,185.0,17.795000000000073,-21.274999999999636
2025-04-22 10:55:00,2025-04-22 11:50:00,Short,3453.5699999999997,3458.31,-9.480000000000473,SL Hit,3458.31,2,4049.9249999999497,55.0,6.5300000000002,-5.559999999999491
2025-04-22 12:35:00,2025-04-22 14:30:00,Short,3440.0733333333333,3434.36,17.139999999999418,SL Hit,3434.36,3,4067.064999999949,115.0,13.816666666666606,-28.31333333333305
2025-04-22 14:50:00,2025-04-22 14:55:00,Short,3426.98,3428.5200000000004,-1.5400000000004184,SL Hit,3428.5200000000004,1,4065.5249999999487,5.0,2.8600000000001273,-2.380000000000109
2025-04-22 20:00:00,2025-04-22 22:00:00,Long,3379.01,3376.65,-7.080000000000382,SL Hit,3376.65,3,4058.4449999999483,120.0,-56.33000000000038,3.4299999999998363
2025-04-22 23:05:00,2025-04-22 23:55:00,Long,3336.73,3333.15,-7.1599999999998545,SL Hit,3333.15,2,4051.2849999999485,50.0,-3.980000000000018,12.210000000000036
2025-04-23 08:15:00,2025-04-23 12:00:00,Long,3320.225,3322.51,9.140000000001237,SL Hit,3322.51,4,4060.4249999999497,225.0,-13.74499999999989,19.355000000000018
2025-04-23 12:05:00,2025-04-23 12:20:00,Short,3322.66,3322.66,0.0,SL Hit,3322.66,1,4060.4249999999497,15.0,6.510000000000218,-8.359999999999673
2025-04-23 19:50:00,2025-04-23 20:25:00,Long,3292.9,3290.0,-5.800000000000182,SL Hit,3290.0,2,4054.6249999999495,35.0,-2.9100000000003092,2.2799999999997453
2025-04-23 23:55:00,2025-04-24 01:50:00,Long,3337.5466666666666,3356.14,55.779999999999745,SL Hit,3356.14,3,4110.40499999995,115.0,-25.746666666666442,27.87333333333345
2025-04-24 02:00:00,2025-04-24 04:10:00,Short,3348.08,3329.03,57.14999999999918,SL Hit,3329.03,3,4167.554999999949,130.0,14.430000000000291,-26.61999999999989
2025-04-24 05:05:00,2025-04-24 05:35:00,Short,3323.9700000000003,3327.27,-6.599999999999454,SL Hit,3327.27,2,4160.95499999995,30.0,10.519999999999527,-2.0100000000002183
2025-04-24 06:05:00,2025-04-24 06:10:00,Short,3325.22,3325.9900000000007,-0.7700000000008913,SL Hit,3325.9900000000007,1,4160.184999999949,5.0,1.9100000000003092,-2.949999999999818
2025-04-24 07:00:00,2025-04-24 08:20:00,Long,3329.816666666667,3330.47,1.9599999999982174,SL Hit,3330.47,3,4162.144999999947,80.0,-5.856666666667024,8.693333333333157
2025-04-24 08:40:00,2025-04-24 09:25:00,Long,3336.815,3335.47,-2.6900000000005093,SL Hit,3335.47,2,4159.454999999946,45.0,-3.7049999999999272,4.244999999999891
2025-04-24 11:05:00,2025-04-24 11:55:00,Long,3334.463333333333,3335.95,4.460000000000036,SL Hit,3335.95,3,4163.914999999946,50.0,-3.7233333333333576,8.326666666666824
2025-04-24 12:45:00,2025-04-24 12:55:00,Long,3336.73,3336.73,0.0,SL Hit,3336.73,1,4163.914999999946,10.0,-0.5300000000002001,4.309999999999945
2025-04-24 17:25:00,2025-04-24 19:00:00,Long,3335.26,3333.03,-6.690000000000055,SL Hit,3333.03,3,4157.224999999946,95.0,-2.8600000000001273,4.059999999999945
2025-04-24 22:20:00,2025-04-24 22:25:00,Short,3353.64,3359.2050000000004,-5.565000000000509,Bullish Trade Reversal,3359.2050000000004,1,4151.659999999945,5.0,9.63000000000011,-5.039999999999964
2025-04-24 22:25:00,2025-04-24 23:20:00,Long,3356.2349999999997,3357.2,1.930000000000291,SL Hit,3357.2,2,4153.589999999946,55.0,-6.7849999999998545,13.305000000000291
2025-04-25 00:10:00,2025-04-25 00:35:00,Long,3354.1,3354.1,0.0,SL Hit,3354.1,1,4153.589999999946,25.0,-2.7599999999997635,6.639999999999873
2025-04-25 01:45:00,2025-04-25 02:10:00,Short,3349.37,3352.3100000000004,-2.9400000000005093,SL Hit,3352.3100000000004,1,4150.649999999945,25.0,3.2899999999999636,-7.069999999999709
2025-04-25 03:15:00,2025-04-25 03:25:00,Long,3348.79,3348.685000000001,-0.1049999999991087,SL Hit,3348.685000000001,1,4150.5449999999455,10.0,-0.4600000000000364,4.039999999999964
2025-04-25 06:25:00,2025-04-25 07:40:00,Long,3302.7900000000004,3305.4,7.829999999999018,SL Hit,3305.4,3,4158.3749999999445,75.0,-9.490000000000236,10.749999999999545
2025-04-25 11:35:00,2025-04-25 12:00:00,Short,3297.515,3299.42,-3.8100000000004,SL Hit,3299.42,2,4154.564999999944,25.0,2.305000000000291,-8.884999999999764
2025-04-25 17:55:00,2025-04-25 18:35:00,Long,3292.82,3291.8,-2.0399999999999636,SL Hit,3291.8,2,4152.524999999944,40.0,-2.6200000000003456,3.75
2025-04-28 13:10:00,2025-04-28 13:15:00,Short,3295.9,3297.0899999999992,-1.189999999999145,SL Hit,3297.0899999999992,1,4151.334999999945,5.0,3.5799999999999272,-3.7899999999999636
2025-04-28 19:00:00,2025-04-28 19:15:00,Long,3348.87,3346.105,-2.7649999999998727,SL Hit,3346.105,1,4148.569999999945,15.0,-3.4299999999998363,2.6700000000000728
2025-04-28 19:20:00,2025-04-28 19:30:00,Short,3350.29,3350.29,0.0,SL Hit,3350.29,1,4148.569999999945,10.0,0.6199999999998909,-2.5599999999999454
2025-04-28 22:10:00,2025-04-28 23:00:00,Short,3338.335,3339.46,-2.25,SL Hit,3339.46,2,4146.319999999945,50.0,3.8449999999998,-6.934999999999945
2025-04-29 00:50:00,2025-04-29 01:35:00,Short,3332.1,3335.495000000001,-3.3950000000008913,SL Hit,3335.495000000001,1,4142.924999999945,45.0,6.119999999999891,-7.699999999999818
2025-04-29 04:45:00,2025-04-29 06:20:00,Short,3312.023333333333,3315.56,-10.610000000000582,SL Hit,3315.56,3,4132.314999999944,95.0,3.646666666666988,-6.723333333332903
2025-04-29 06:25:00,2025-04-29 07:10:00,Long,3314.815,3315.11,0.5900000000001455,SL Hit,3315.11,2,4132.904999999944,45.0,-2.4349999999999454,8.434999999999945
2025-04-29 08:30:00,2025-04-29 10:50:00,Short,3314.8566666666666,3315.04,-0.5500000000001819,SL Hit,3315.04,3,4132.354999999944,140.0,5.553333333333285,-8.536666666666406
2025-04-29 11:15:00,2025-04-29 11:45:00,Long,3310.73,3310.73,0.0,SL Hit,3310.73,1,4132.354999999944,30.0,-0.25,5.119999999999891
2025-04-29 11:55:00,2025-04-29 12:50:00,Short,3308.8149999999996,3311.21,-4.790000000000873,SL Hit,3311.21,2,4127.564999999943,55.0,4.755000000000564,-6.2849999999994
2025-04-29 13:45:00,2025-04-29 14:25:00,Short,3311.53,3311.53,0.0,SL Hit,3311.53,1,4127.564999999943,40.0,4.899999999999636,-11.050000000000182
2025-04-29 16:00:00,2025-04-29 17:45:00,Long,3318.37,3322.17,7.600000000000364,SL Hit,3322.17,2,4135.164999999944,105.0,-6.230000000000018,11.390000000000327
2025-04-29 17:50:00,2025-04-29 18:30:00,Short,3319.75,3319.14,1.2200000000002547,SL Hit,3319.14,2,4136.384999999944,40.0,3.4099999999998545,-6.150000000000091
2025-04-29 19:00:00,2025-04-29 19:45:00,Long,3320.56,3321.08,1.5599999999999454,SL Hit,3321.08,3,4137.944999999943,45.0,-1.349999999999909,3.8200000000001637
2025-04-29 20:50:00,2025-04-29 22:05:00,Short,3318.97,3320.4050000000007,-1.435000000000855,SL Hit,3320.4050000000007,1,4136.509999999942,75.0,3.730000000000018,-3.869999999999891
2025-04-30 02:05:00,2025-04-30 02:10:00,Short,3309.58,3309.58,0.0,SL Hit,3309.58,1,4136.509999999942,5.0,2.8299999999999272,-2.2899999999999636
2025-04-30 04:15:00,2025-04-30 04:45:00,Short,3303.9700000000003,3305.88,-3.819999999999709,SL Hit,3305.88,2,4132.689999999942,30.0,3.4899999999997817,-2.700000000000273
2025-04-30 06:20:00,2025-04-30 07:20:00,Short,3306.95,3309.27,-4.640000000000327,SL Hit,3309.27,2,4128.049999999942,60.0,4.220000000000255,-3.8899999999998727
2025-04-30 09:15:00,2025-04-30 09:35:00,Short,3282.94,3284.67,-3.4600000000000364,SL Hit,3284.67,2,4124.589999999942,20.0,3.4899999999997817,-3.849999999999909
2025-04-30 11:30:00,2025-04-30 11:50:00,Long,3280.25,3274.52,-11.460000000000036,SL Hit,3274.52,2,4113.129999999942,20.0,-6.7199999999998,1.099999999999909
2025-04-30 12:45:00,2025-04-30 14:00:00,Long,3305.9925000000003,3301.12,-19.4900000000016,SL Hit,3301.12,4,4093.6399999999403,75.0,-13.482500000000073,13.087499999999636
2025-04-30 16:05:00,2025-04-30 16:15:00,Long,3308.66,3308.66,0.0,SL Hit,3308.66,1,4093.6399999999403,10.0,-0.4699999999997999,2.6200000000003456
2025-04-30 16:40:00,2025-04-30 17:10:00,Long,3310.875,3308.01,-5.729999999999563,SL Hit,3308.01,2,4087.9099999999407,30.0,-5.204999999999927,2.355000000000018
2025-04-30 18:05:00,2025-04-30 18:10:00,Short,3306.61,3306.61,0.0,SL Hit,3306.61,1,4087.9099999999407,5.0,0.5199999999999818,-3.550000000000182
2025-04-30 18:25:00,2025-04-30 23:10:00,Short,3287.751428571428,3279.47,57.96999999999616,SL Hit,3279.47,7,4145.879999999937,285.0,17.13857142857205,-17.751428571427823
2025-04-30 23:35:00,2025-05-01 05:20:00,Short,3248.8287499999997,3231.15,141.42999999999665,SL Hit,3231.15,8,4287.309999999934,345.0,27.46125000000029,-29.9087499999996
2025-05-01 06:20:00,2025-05-01 06:30:00,Short,3239.49,3239.49,0.0,SL Hit,3239.49,1,4287.309999999934,10.0,0.6000000000003638,-5.1899999999996
2025-05-01 07:40:00,2025-05-01 09:05:00,Long,3232.5633333333335,3231.6,-2.890000000000782,SL Hit,3231.6,3,4284.419999999933,85.0,-3.963333333333594,3.586666666666588
2025-05-01 11:10:00,2025-05-01 11:35:00,Long,3223.46,3222.2,-1.2600000000002183,SL Hit,3222.2,1,4283.159999999933,25.0,-3.099999999999909,3.369999999999891
2025-05-01 13:40:00,2025-05-01 14:35:00,Short,3223.4266666666667,3227.08,-10.959999999999582,SL Hit,3227.08,3,4272.199999999933,55.0,8.24333333333334,-9.166666666666515
2025-05-01 15:30:00,2025-05-01 15:55:00,Short,3213.96,3216.2,-2.2399999999997817,SL Hit,3216.2,1,4269.959999999934,25.0,3.5900000000001455,-9.240000000000236
2025-05-01 19:25:00,2025-05-01 19:30:00,Long,3224.76,3224.76,0.0,SL Hit,3224.76,1,4269.959999999934,5.0,-0.13000000000010914,1.569999999999709
2025-05-01 20:00:00,2025-05-01 22:30:00,Long,3235.434,3234.61,-4.120000000000346,SL Hit,3234.61,5,4265.839999999933,150.0,-7.6340000000000146,7.52599999999984
2025-05-02 00:10:00,2025-05-02 00:45:00,Long,3237.55,3237.55,0.0,SL Hit,3237.55,1,4265.839999999933,35.0,-7.25,6.269999999999982
2025-05-02 03:10:00,2025-05-02 04:30:00,Long,3250.83,3253.15,6.960000000000491,SL Hit,3253.15,3,4272.799999999934,80.0,-3.400000000000091,6.940000000000055
2025-05-02 04:40:00,2025-05-02 05:35:00,Short,3253.51,3253.87,-0.7199999999993452,SL Hit,3253.87,2,4272.079999999934,55.0,2.6099999999996726,-3.8100000000004
2025-05-02 07:25:00,2025-05-02 10:35:00,Long,3259.2175,3258.35,-3.470000000001164,SL Hit,3258.35,4,4268.609999999933,190.0,-4.637500000000273,7.3125
2025-05-02 10:45:00,2025-05-02 10:50:00,Short,3258.14,3259.1900000000005,-1.0500000000006366,SL Hit,3259.1900000000005,1,4267.559999999932,5.0,1.7400000000002365,-0.7599999999997635
2025-05-02 11:20:00,2025-05-02 12:25:00,Long,3262.16,3257.85,-8.61999999999989,SL Hit,3257.85,2,4258.939999999932,65.0,-5.549999999999727,6.350000000000364
2025-05-02 12:30:00,2025-05-02 12:35:00,Short,3258.48,3258.48,0.0,SL Hit,3258.48,1,4258.939999999932,5.0,0.7199999999997999,-8.019999999999982
2025-05-02 18:15:00,2025-05-02 18:20:00,Short,3227.0,3227.0,0.0,SL Hit,3227.0,1,4258.939999999932,5.0,2.3600000000001273,-2.400000000000091
2025-05-02 18:50:00,2025-05-02 19:00:00,Short,3228.33,3228.33,0.0,SL Hit,3228.33,1,4258.939999999932,10.0,3.0300000000002,-3.130000000000109
2025-05-02 19:10:00,2025-05-04 22:55:00,Long,3236.452,3239.34,14.4399999999996,SL Hit,3239.34,5,4273.379999999932,3105.0,-9.952000000000226,7.177999999999884
2025-05-04 23:05:00,2025-05-04 23:20:00,Short,3241.36,3243.354999999999,-1.9949999999989814,SL Hit,3243.354999999999,1,4271.384999999933,15.0,2.0099999999997635,-1.8600000000001273
2025-05-04 23:30:00,2025-05-05 00:35:00,Long,3243.9700000000003,3243.0,-1.9400000000005093,SL Hit,3243.0,2,4269.444999999932,65.0,-1.1700000000000728,7.549999999999727
2025-05-05 00:40:00,2025-05-05 00:55:00,Short,3243.51,3247.6049999999987,-4.094999999998436,SL Hit,3247.6049999999987,1,4265.349999999934,15.0,4.269999999999982,-2.150000000000091
2025-05-05 02:45:00,2025-05-05 03:05:00,Long,3267.32,3267.32,0.0,SL Hit,3267.32,1,4265.349999999934,20.0,-0.8800000000001091,4.5
2025-05-05 03:15:00,2025-05-05 05:05:00,Short,3257.435,3259.29,-3.7100000000000364,SL Hit,3259.29,2,4261.639999999934,110.0,3.605000000000018,-4.545000000000073
2025-05-05 06:40:00,2025-05-05 13:30:00,Long,3291.2830000000004,3315.86,245.7699999999977,SL Hit,3315.86,10,4507.409999999932,410.0,-32.56300000000056,30.786999999999807
2025-05-05 15:05:00,2025-05-05 15:30:00,Short,3311.29,3314.16,-5.739999999999782,SL Hit,3314.16,2,4501.669999999932,25.0,3.6700000000000728,-1.8400000000001455
2025-05-05 15:35:00,2025-05-05 16:05:00,Long,3315.005,3310.39,-9.230000000000473,SL Hit,3310.39,2,4492.439999999931,30.0,-8.894999999999982,2.0650000000000546
2025-05-05 17:25:00,2025-05-05 17:35:00,Long,3312.87,3312.87,0.0,SL Hit,3312.87,1,4492.439999999931,10.0,-0.5399999999999636,2.880000000000109
2025-05-05 23:55:00,2025-05-06 00:15:00,Long,3332.3,3330.31,-3.980000000000473,SL Hit,3330.31,2,4488.459999999931,20.0,-3.5300000000002,1.9099999999998545
2025-05-06 02:10:00,2025-05-06 02:35:00,Long,3380.16,3373.790000000001,-6.369999999998981,SL Hit,3373.790000000001,1,4482.089999999932,25.0,-15.199999999999818,6.079999999999927
2025-05-06 04:30:00,2025-05-06 04:40:00,Short,3359.25,3359.25,0.0,SL Hit,3359.25,1,4482.089999999932,10.0,1.9299999999998363,-3.0
2025-05-06 04:45:00,2025-05-06 05:15:00,Long,3361.12,3357.55,-3.569999999999709,SL Hit,3357.55,1,4478.519999999932,30.0,-4.420000000000073,4.300000000000182
2025-05-06 05:40:00,2025-05-06 05:45:00,Short,3355.35,3355.7350000000006,-0.385000000000673,SL Hit,3355.7350000000006,1,4478.134999999931,5.0,2.019999999999982,-4.670000000000073
2025-05-06 07:05:00,2025-05-06 09:00:00,Long,3373.522,3376.13,13.040000000000873,SL Hit,3376.13,5,4491.174999999932,115.0,-7.86200000000008,9.088000000000193
2025-05-06 09:55:00,2025-05-06 10:20:00,Long,3380.38,3380.38,0.0,SL Hit,3380.38,1,4491.174999999932,25.0,-2.2400000000002365,3.0899999999996908
2025-05-06 12:20:00,2025-05-06 12:30:00,Short,3377.52,3379.27,-1.75,SL Hit,3379.27,1,4489.424999999932,10.0,5.610000000000127,-2.730000000000018
2025-05-06 13:05:00,2025-05-06 13:35:00,Long,3389.9,3389.9,0.0,SL Hit,3389.9,1,4489.424999999932,30.0,-1.2899999999999636,6.9699999999998
2025-05-06 15:40:00,2025-05-06 17:50:00,Long,3405.2899999999995,3412.82,37.650000000003274,SL Hit,3412.82,5,4527.074999999935,130.0,-11.9399999999996,12.16000000000031
2025-05-06 18:00:00,2025-05-06 18:15:00,Short,3414.09,3414.09,0.0,SL Hit,3414.09,1,4527.074999999935,15.0,0.3999999999996362,-3.980000000000018
2025-05-07 00:20:00,2025-05-07 02:15:00,Short,3377.5466666666666,3376.9,1.9399999999995998,SL Hit,3376.9,3,4529.014999999935,115.0,11.813333333333503,-17.426666666666733
2025-05-07 05:15:00,2025-05-07 07:30:00,Long,3387.8419999999996,3388.09,1.2400000000025102,SL Hit,3388.09,5,4530.254999999937,135.0,-5.77199999999948,9.178000000000338
2025-05-07 07:40:00,2025-05-07 10:05:00,Short,3382.8849999999998,3378.31,18.299999999999272,SL Hit,3378.31,4,4548.554999999937,145.0,8.00500000000011,-13.504999999999654
2025-05-07 13:25:00,2025-05-07 13:35:00,Short,3384.88,3388.45,-3.569999999999709,SL Hit,3388.45,1,4544.984999999937,10.0,7.2199999999998,-2.980000000000018
2025-05-07 14:25:00,2025-05-07 16:45:00,Short,3385.2339999999995,3386.57,-6.680000000003474,SL Hit,3386.57,5,4538.304999999933,140.0,3.4960000000005493,-5.343999999999596
2025-05-07 18:00:00,2025-05-07 18:30:00,Long,3390.375,3383.88,-12.989999999999782,SL Hit,3383.88,2,4525.314999999933,30.0,-8.534999999999854,7.105000000000018
2025-05-07 20:55:00,2025-05-07 22:00:00,Short,3365.38,3366.045,-0.6649999999999636,SL Hit,3366.045,1,4524.649999999933,65.0,6.779999999999745,-1.6600000000003092
2025-05-07 22:05:00,2025-05-08 00:55:00,Long,3375.8240000000005,3380.3,22.37999999999829,SL Hit,3380.3,5,4547.0299999999315,170.0,-9.624000000000706,10.695999999999458
2025-05-08 04:10:00,2025-05-08 07:30:00,Short,3373.1200000000003,3338.92,136.8000000000011,SL Hit,3338.92,4,4683.829999999933,200.0,22.669999999999618,-52.21000000000049
2025-05-08 07:35:00,2025-05-08 08:15:00,Long,3343.96,3337.835,-6.125,SL Hit,3337.835,1,4677.704999999933,40.0,-6.610000000000127,5.059999999999945
2025-05-08 11:40:00,2025-05-08 13:55:00,Long,3352.3125,3356.7,17.549999999999272,SL Hit,3356.7,4,4695.254999999932,135.0,-10.952499999999873,16.19750000000022
2025-05-08 14:30:00,2025-05-08 14:35:00,Short,3357.21,3357.21,0.0,SL Hit,3357.21,1,4695.254999999932,5.0,0.40000000000009095,-4.630000000000109
2025-05-08 15:25:00,2025-05-08 15:30:00,Short,3350.96,3350.96,0.0,SL Hit,3350.96,1,4695.254999999932,5.0,0.5099999999997635,-7.900000000000091
2025-05-08 20:50:00,2025-05-08 22:00:00,Short,3307.41,3307.760000000001,-0.3500000000012733,SL Hit,3307.760000000001,1,4694.904999999931,70.0,2.9900000000002365,-3.0099999999997635
2025-05-08 22:05:00,2025-05-08 23:55:00,Long,3314.045,3313.72,-0.6500000000005457,SL Hit,3313.72,2,4694.25499999993,110.0,-4.664999999999964,9.485000000000127
2025-05-09 00:20:00,2025-05-09 00:35:00,Short,3313.19,3313.5050000000006,-0.3150000000005093,SL Hit,3313.5050000000006,1,4693.93999999993,15.0,3.4299999999998363,-4.070000000000164
2025-05-09 00:55:00,2025-05-09 01:00:00,Long,3317.9,3317.9,0.0,SL Hit,3317.9,1,4693.93999999993,5.0,-1.3600000000001273,4.519999999999982
2025-05-09 09:35:00,2025-05-09 10:15:00,Short,3326.65,3326.93,-0.27999999999974534,SL Hit,3326.93,1,4693.65999999993,40.0,1.6599999999998545,-4.630000000000109
2025-05-09 11:10:00,2025-05-09 11:30:00,Long,3328.01,3328.01,0.0,SL Hit,3328.01,1,4693.65999999993,20.0,-3.230000000000018,9.019999999999982
2025-05-09 12:05:00,2025-05-09 13:55:00,Long,3333.59,3333.1,-1.9600000000009459,SL Hit,3333.1,4,4691.699999999929,110.0,-5.079999999999927,6.199999999999818
2025-05-09 14:35:00,2025-05-09 14:40:00,Long,3336.57,3336.57,0.0,SL Hit,3336.57,1,4691.699999999929,5.0,-2.5399999999999636,2.5099999999997635
2025-05-09 15:20:00,2025-05-09 16:20:00,Long,3341.266666666667,3340.1,-3.5000000000009095,SL Hit,3340.1,3,4688.199999999928,60.0,-3.16666666666697,5.503333333333103
2025-05-09 16:35:00,2025-05-09 17:20:00,Short,3338.8000000000006,3339.73,-2.7899999999981446,SL Hit,3339.73,3,4685.40999999993,45.0,3.119999999999436,-3.1000000000008185
2025-05-09 17:30:00,2025-05-09 18:05:00,Long,3340.49,3339.6,-1.7799999999997453,SL Hit,3339.6,2,4683.62999999993,35.0,-2.5899999999996908,1.830000000000382
2025-05-11 22:50:00,2025-05-11 23:15:00,Short,3272.575,3277.08,-9.010000000000218,SL Hit,3277.08,2,4674.61999999993,25.0,6.195000000000164,-7.375
2025-05-11 23:25:00,2025-05-12 00:40:00,Long,3281.6733333333336,3279.4,-6.8200000000006185,SL Hit,3279.4,3,4667.799999999929,75.0,-7.7733333333335395,7.456666666666479
2025-05-12 03:20:00,2025-05-12 04:20:00,Long,3278.8900000000003,3279.91,2.039999999999054,SL Hit,3279.91,2,4669.839999999928,60.0,-4.940000000000509,5.069999999999709
2025-05-12 05:15:00,2025-05-12 05:55:00,Short,3274.34,3275.87,-3.0599999999994907,SL Hit,3275.87,2,4666.779999999929,40.0,2.049999999999727,-5.670000000000073
2025-05-12 07:55:00,2025-05-12 08:00:00,Short,3225.28,3225.28,0.0,SL Hit,3225.28,1,4666.779999999929,5.0,4.079999999999927,-5.460000000000036
2025-05-12 13:55:00,2025-05-12 14:00:00,Long,3239.89,3236.985,-2.9049999999997453,SL Hit,3236.985,1,4663.874999999929,5.0,-6.119999999999891,1.0100000000002183
2025-05-12 16:55:00,2025-05-12 18:45:00,Short,3223.62,3223.71,-0.3600000000005821,SL Hit,3223.71,4,4663.5149999999285,110.0,3.800000000000182,-2.7599999999997635
2025-05-12 20:20:00,2025-05-12 20:50:00,Long,3235.93,3233.9,-4.059999999999491,SL Hit,3233.9,2,4659.454999999929,30.0,-2.6299999999996544,1.7899999999999636
2025-05-12 22:15:00,2025-05-12 23:25:00,Short,3235.3799999999997,3235.96,-1.740000000001146,SL Hit,3235.96,3,4657.714999999927,70.0,1.8900000000003274,-6.479999999999563
2025-05-12 23:30:00,2025-05-13 00:35:00,Long,3237.763333333334,3235.26,-7.510000000000673,SL Hit,3235.26,3,4650.204999999927,65.0,-4.563333333333958,5.266666666666424
2025-05-13 08:30:00,2025-05-13 08:40:00,Short,3254.24,3254.450000000001,-0.21000000000140062,SL Hit,3254.450000000001,1,4649.994999999926,10.0,0.5600000000004002,-2.6399999999998727
2025-05-13 09:00:00,2025-05-13 09:15:00,Short,3255.005,3255.78,-1.550000000000182,SL Hit,3255.78,2,4648.444999999926,15.0,0.8649999999997817,-1.8949999999999818
2025-05-13 13:45:00,2025-05-13 14:20:00,Short,3237.3,3238.9100000000003,-1.6100000000001273,SL Hit,3238.9100000000003,1,4646.834999999926,35.0,3.269999999999982,-10.820000000000164
2025-05-13 15:15:00,2025-05-13 15:20:00,Short,3244.81,3245.510000000001,-0.7000000000011823,SL Hit,3245.510000000001,1,4646.134999999926,5.0,2.25,-1.400000000000091
2025-05-13 21:00:00,2025-05-13 21:10:00,Long,3250.1,3250.1,0.0,SL Hit,3250.1,1,4646.134999999926,10.0,-0.6999999999998181,0.09999999999990905
2025-05-13 22:45:00,2025-05-14 00:00:00,Long,3253.155,3252.56,-2.3800000000010186,SL Hit,3252.56,4,4643.754999999925,75.0,-4.995000000000346,3.544999999999618
2025-05-14 00:55:00,2025-05-14 01:20:00,Short,3241.91,3245.15,-6.480000000000473,SL Hit,3245.15,2,4637.274999999924,25.0,4.100000000000364,-2.480000000000018
2025-05-14 01:25:00,2025-05-14 01:40:00,Long,3246.5,3244.995000000001,-1.5049999999991996,SL Hit,3244.995000000001,1,4635.769999999925,15.0,-3.380000000000109,3.900000000000091
2025-05-14 02:00:00,2025-05-14 02:10:00,Short,3238.8,3240.095,-1.294999999999618,SL Hit,3240.095,1,4634.474999999926,10.0,2.069999999999709,-2.7400000000002365
2025-05-14 05:00:00,2025-05-14 05:05:00,Short,3223.45,3225.760000000001,-2.3100000000013097,SL Hit,3225.760000000001,1,4632.1649999999245,5.0,3.5,-1.669999999999618
2025-05-14 07:05:00,2025-05-14 07:25:00,Short,3228.9300000000003,3230.86,-3.8599999999996726,SL Hit,3230.86,2,4628.304999999925,20.0,4.239999999999782,-4.100000000000364
2025-05-14 08:00:00,2025-05-14 08:25:00,Long,3237.9750000000004,3234.39,-7.170000000000982,SL Hit,3234.39,2,4621.134999999924,25.0,-4.675000000000182,4.3449999999998
2025-05-14 09:15:00,2025-05-14 09:40:00,Short,3232.58,3233.9100000000003,-1.330000000000382,SL Hit,3233.9100000000003,1,4619.804999999924,25.0,2.650000000000091,-3.519999999999982
2025-05-14 09:45:00,2025-05-14 10:00:00,Long,3234.78,3231.7699999999995,-3.010000000000673,SL Hit,3231.7699999999995,1,4616.794999999924,15.0,-4.25,1.0399999999999636
2025-05-14 11:40:00,2025-05-14 13:50:00,Short,3211.215,3193.38,35.67000000000007,SL Hit,3193.38,2,4652.464999999924,130.0,22.024999999999636,-35.225000000000364
2025-05-14 15:10:00,2025-05-14 15:25:00,Short,3180.38,3185.874999999999,-5.494999999998981,SL Hit,3185.874999999999,1,4646.969999999925,15.0,5.670000000000073,-1.1400000000003274
2025-05-14 18:55:00,2025-05-14 19:20:00,Short,3173.87,3173.87,0.0,SL Hit,3173.87,1,4646.969999999925,25.0,0.3400000000001455,-4.9099999999998545
2025-05-14 19:50:00,2025-05-14 20:55:00,Long,3179.4266666666663,3178.24,-3.5599999999994907,SL Hit,3178.24,3,4643.409999999925,65.0,-3.4266666666662786,3.383333333333667
2025-05-14 23:10:00,2025-05-15 00:05:00,Long,3184.2033333333334,3181.5,-8.110000000000127,SL Hit,3181.5,3,4635.299999999925,55.0,-3.903333333333194,2.716666666666697
2025-05-15 00:45:00,2025-05-15 00:50:00,Short,3182.17,3186.4750000000004,-4.305000000000291,SL Hit,3186.4750000000004,1,4630.994999999924,5.0,4.599999999999909,-1.300000000000182
2025-05-15 01:40:00,2025-05-15 05:20:00,Short,3157.5099999999998,3141.59,95.51999999999771,SL Hit,3141.59,6,4726.514999999922,220.0,28.190000000000055,-21.889999999999873
2025-05-15 05:40:00,2025-05-15 06:25:00,Short,3135.95,3137.1400000000003,-1.1900000000005093,SL Hit,3137.1400000000003,1,4725.324999999922,45.0,3.580000000000382,-14.289999999999964
2025-05-15 08:20:00,2025-05-15 10:00:00,Long,3158.2200000000003,3164.6,12.759999999999309,SL Hit,3164.6,2,4738.084999999921,100.0,-10.13000000000011,13.059999999999945
2025-05-15 12:05:00,2025-05-15 12:10:00,Long,3181.34,3180.114999999999,-1.2250000000012733,SL Hit,3180.114999999999,1,4736.85999999992,5.0,-2.5100000000002183,1.0599999999999454
2025-05-15 16:30:00,2025-05-15 17:30:00,Long,3219.3,3218.57,-1.4600000000000364,SL Hit,3218.57,2,4735.39999999992,60.0,-1.1000000000003638,9.059999999999945
2025-05-15 17:35:00,2025-05-15 17:50:00,Short,3221.25,3221.2850000000008,-0.035000000000763976,SL Hit,3221.2850000000008,1,4735.364999999919,15.0,0.8699999999998909,-4.650000000000091
2025-05-15 19:20:00,2025-05-15 23:00:00,Long,3239.3575,3243.96,18.409999999999854,SL Hit,3243.96,4,4753.774999999919,220.0,-14.707499999999982,12.102499999999964
2025-05-16 01:10:00,2025-05-16 02:30:00,Short,3224.5766666666664,3224.88,-0.9100000000012187,SL Hit,3224.88,3,4752.864999999918,80.0,7.313333333333503,-10.766666666666424
2025-05-16 02:45:00,2025-05-16 04:15:00,Short,3214.13,3215.01,-1.7600000000002183,SL Hit,3215.01,2,4751.104999999918,90.0,6.769999999999982,-7.400000000000091
2025-05-16 04:20:00,2025-05-16 05:15:00,Long,3218.0,3218.02,0.03999999999996362,SL Hit,3218.02,2,4751.144999999918,55.0,-4.820000000000164,3.8099999999999454
2025-05-16 05:20:00,2025-05-16 05:35:00,Short,3218.21,3218.21,0.0,SL Hit,3218.21,1,4751.144999999918,15.0,1.4099999999998545,-5.619999999999891
2025-05-16 08:05:00,2025-05-16 09:25:00,Short,3207.745,3208.74,-1.9899999999997817,SL Hit,3208.74,2,4749.154999999918,80.0,2.4549999999999272,-11.724999999999909
2025-05-16 10:15:00,2025-05-16 12:35:00,Short,3189.9350000000004,3178.84,22.19000000000051,SL Hit,3178.84,2,4771.344999999918,140.0,17.504999999999654,-34.48500000000058
2025-05-16 12:45:00,2025-05-16 12:55:00,Long,3178.33,3174.4449999999997,-3.8850000000002183,SL Hit,3174.4449999999997,1,4767.459999999918,10.0,-3.9299999999998363,2.550000000000182
2025-05-16 14:25:00,2025-05-16 15:10:00,Short,3177.0699999999997,3176.57,0.9999999999990905,SL Hit,3176.57,2,4768.459999999917,45.0,2.7600000000002183,-10.729999999999563
2025-05-16 15:25:00,2025-05-16 18:35:00,Long,3183.912857142857,3186.07,15.100000000003092,SL Hit,3186.07,7,4783.55999999992,190.0,-8.652857142856647,7.797142857143172
2025-05-16 19:05:00,2025-05-19 00:50:00,Long,3218.1983333333333,3243.83,153.78999999999996,SL Hit,3243.83,6,4937.34999999992,3225.0,-30.098333333333358,30.691666666666606
2025-05-19 01:00:00,2025-05-19 02:50:00,Short,3236.5866666666666,3226.91,29.0300000000002,SL Hit,3226.91,3,4966.379999999921,110.0,10.033333333333303,-22.166666666666515
2025-05-19 04:10:00,2025-05-19 04:20:00,Short,3210.95,3215.255,-4.305000000000291,SL Hit,3215.255,1,4962.074999999921,10.0,5.010000000000218,-1.2399999999997817
2025-05-19 08:15:00,2025-05-19 08:20:00,Long,3236.21,3235.0899999999992,-1.1200000000008004,SL Hit,3235.0899999999992,1,4960.95499999992,5.0,-1.1399999999998727,2.380000000000109
2025-05-19 11:50:00,2025-05-19 12:00:00,Long,3243.7,3242.615,-1.0850000000000364,SL Hit,3242.615,1,4959.86999999992,10.0,-1.8999999999996362,1.8400000000001455
2025-05-19 12:15:00,2025-05-19 14:30:00,Short,3235.74,3233.89,7.399999999999636,SL Hit,3233.89,4,4967.2699999999195,135.0,7.570000000000164,-18.109999999999673
2025-05-19 15:00:00,2025-05-19 15:40:00,Long,3234.23,3232.25,-5.940000000000055,SL Hit,3232.25,3,4961.32999999992,40.0,-3.6900000000000546,1.599999999999909
2025-05-19 15:50:00,2025-05-19 16:00:00,Long,3234.735,3230.54,-8.390000000000327,SL Hit,3230.54,2,4952.93999999992,10.0,-5.065000000000055,4.875
2025-05-19 16:05:00,2025-05-19 16:15:00,Short,3230.87,3230.87,0.0,SL Hit,3230.87,1,4952.93999999992,10.0,0.16000000000030923,-2.2100000000000364
2025-05-19 17:55:00,2025-05-19 18:15:00,Short,3226.92,3229.07,-4.300000000000182,SL Hit,3229.07,2,4948.639999999919,20.0,2.8899999999998727,-1.5199999999999818
2025-05-19 19:55:00,2025-05-20 00:00:00,Short,3227.145714285714,3223.67,24.329999999996744,SL Hit,3223.67,7,4972.969999999916,245.0,6.324285714285907,-8.285714285713766
2025-05-20 04:20:00,2025-05-20 04:25:00,Long,3212.78,3212.78,0.0,SL Hit,3212.78,1,4972.969999999916,5.0,-1.180000000000291,1.7899999999999636
2025-05-20 06:15:00,2025-05-20 06:20:00,Long,3216.6,3216.2149999999992,-0.385000000000673,SL Hit,3216.2149999999992,1,4972.584999999915,5.0,-2.0799999999999272,2.0799999999999272
2025-05-20 06:25:00,2025-05-20 06:45:00,Long,3215.0,3208.385,-6.614999999999782,Bearish Trade Reversal,3208.385,1,4965.969999999916,20.0,-6.300000000000182,0.0500000000001819
2025-05-20 06:45:00,2025-05-20 07:00:00,Short,3209.9,3210.915,-1.0149999999998727,SL Hit,3210.915,1,4964.954999999916,15.0,1.319999999999709,-1.599999999999909
2025-05-20 08:35:00,2025-05-20 10:10:00,Long,3229.6433333333334,3233.2,10.669999999999163,SL Hit,3233.2,3,4975.624999999915,95.0,-6.153333333333649,8.97666666666646
2025-05-20 11:10:00,2025-05-20 12:10:00,Long,3238.235,3236.9,-2.6700000000000728,SL Hit,3236.9,2,4972.954999999915,60.0,-2.0850000000000364,3.3849999999997635
2025-05-20 13:15:00,2025-05-20 13:30:00,Short,3237.9,3238.7399999999993,-0.839999999999236,SL Hit,3238.7399999999993,1,4972.114999999916,15.0,2.4600000000000364,-3.0
2025-05-20 13:55:00,2025-05-20 15:05:00,Long,3265.025,3274.5,18.949999999999818,SL Hit,3274.5,2,4991.064999999916,70.0,-19.97499999999991,20.19499999999971
2025-05-20 15:55:00,2025-05-20 16:00:00,Short,3277.8,3279.584999999999,-1.784999999998945,SL Hit,3279.584999999999,1,4989.279999999917,5.0,1.9299999999998363,-0.9900000000002365
2025-05-20 16:15:00,2025-05-20 16:30:00,Long,3280.81,3278.115,-2.6950000000001637,SL Hit,3278.115,1,4986.584999999917,15.0,-3.4299999999998363,1.5399999999999636
2025-05-20 17:15:00,2025-05-20 17:25:00,Long,3280.81,3280.81,0.0,SL Hit,3280.81,1,4986.584999999917,10.0,-0.5099999999997635,4.0300000000002
2025-05-21 00:30:00,2025-05-21 01:20:00,Long,3298.77,3292.33,-12.88000000000011,SL Hit,3292.33,2,4973.704999999917,50.0,-7.630000000000109,14.960000000000036
2025-05-21 03:25:00,2025-05-21 04:00:00,Long,3306.21,3305.52,-1.3800000000001091,SL Hit,3305.52,2,4972.324999999917,35.0,-2.119999999999891,3.3099999999999454
2025-05-21 05:00:00,2025-05-21 05:40:00,Short,3301.34,3303.965,-2.625,SL Hit,3303.965,1,4969.699999999917,40.0,11.179999999999836,-3.2400000000002365
2025-05-21 06:35:00,2025-05-21 07:10:00,Long,3317.41,3311.88,-5.529999999999745,SL Hit,3311.88,1,4964.169999999917,35.0,-5.940000000000055,2.7200000000002547
2025-05-21 07:25:00,2025-05-21 07:30:00,Short,3312.79,3312.79,0.0,SL Hit,3312.79,1,4964.169999999917,5.0,1.300000000000182,-1.849999999999909
2025-05-21 08:05:00,2025-05-21 08:35:00,Short,3307.49,3309.39,-3.800000000000182,SL Hit,3309.39,2,4960.369999999917,30.0,2.1400000000003274,-3.7899999999999636
2025-05-21 09:30:00,2025-05-21 09:35:00,Long,3310.06,3309.4649999999997,-0.5950000000002547,SL Hit,3309.4649999999997,1,4959.774999999917,5.0,-2.1100000000001273,1.7300000000000182
2025-05-21 09:50:00,2025-05-21 09:55:00,Short,3310.63,3312.7999999999997,-2.169999999999618,SL Hit,3312.7999999999997,1,4957.604999999918,5.0,2.480000000000018,-1.2699999999999818
2025-05-21 13:40:00,2025-05-21 13:45:00,Long,3303.1,3300.0550000000003,-3.044999999999618,SL Hit,3300.0550000000003,1,4954.559999999918,5.0,-3.4299999999998363,3.1399999999998727
2025-05-21 13:50:00,2025-05-21 14:25:00,Short,3300.86,3305.6899999999987,-4.829999999998563,SL Hit,3305.6899999999987,1,4949.7299999999195,35.0,6.1599999999998545,-4.970000000000255
2025-05-21 16:15:00,2025-05-21 16:25:00,Long,3312.45,3310.3500000000004,-2.0999999999994543,SL Hit,3310.3500000000004,1,4947.62999999992,10.0,-2.75,0.41000000000030923
2025-05-21 17:35:00,2025-05-21 17:55:00,Short,3311.4,3315.4599999999996,-4.059999999999491,SL Hit,3315.4599999999996,1,4943.569999999921,20.0,4.7599999999997635,-1.2200000000002547
2025-05-21 19:45:00,2025-05-21 22:00:00,Short,3319.155,3317.72,2.8700000000008004,SL Hit,3317.72,2,4946.439999999921,135.0,4.105000000000018,-6.1550000000002
2025-05-22 03:20:00,2025-05-22 03:45:00,Long,3340.8149999999996,3337.67,-6.289999999999054,SL Hit,3337.67,2,4940.149999999922,25.0,-3.7149999999996908,2.2650000000003274
2025-05-22 03:50:00,2025-05-22 04:45:00,Short,3336.51,3337.4,-1.7799999999997453,SL Hit,3337.4,2,4938.369999999923,55.0,1.7099999999995816,-4.110000000000127
2025-05-22 04:50:00,2025-05-22 05:45:00,Long,3337.1899999999996,3335.3,-3.779999999998836,SL Hit,3335.3,2,4934.589999999924,55.0,-6.899999999999636,1.9600000000004911
2025-05-22 09:05:00,2025-05-22 09:50:00,Short,3310.065,3309.51,1.1099999999996726,SL Hit,3309.51,2,4935.699999999923,45.0,3.0949999999998,-5.045000000000073
2025-05-22 12:55:00,2025-05-22 13:00:00,Short,3304.23,3304.6150000000007,-0.385000000000673,SL Hit,3304.6150000000007,1,4935.314999999922,5.0,7.329999999999927,-1.0399999999999636
2025-05-22 13:10:00,2025-05-22 13:25:00,Long,3311.69,3310.675,-1.0149999999998727,SL Hit,3310.675,1,4934.299999999923,15.0,-1.8200000000001637,3.1799999999998363
2025-05-22 18:40:00,2025-05-22 18:45:00,Short,3295.14,3295.14,0.0,SL Hit,3295.14,1,4934.299999999923,5.0,0.0500000000001819,-1.069999999999709
2025-05-22 20:35:00,2025-05-23 00:00:00,Long,3297.4739999999997,3296.3,-5.869999999997617,SL Hit,3296.3,5,4928.429999999926,205.0,-5.373999999999796,3.8960000000001855
2025-05-23 02:25:00,2025-05-23 03:30:00,Short,3296.8900000000003,3299.96,-6.139999999999418,SL Hit,3299.96,2,4922.289999999926,65.0,3.0999999999994543,-5.8400000000001455
2025-05-23 12:35:00,2025-05-23 12:50:00,Long,3353.99,3353.6400000000003,-0.3499999999994543,SL Hit,3353.6400000000003,1,4921.939999999927,15.0,-3.2399999999997817,5.920000000000073
2025-05-23 13:25:00,2025-05-23 14:15:00,Short,3347.59,3348.39,-1.5999999999994543,SL Hit,3348.39,2,4920.339999999927,50.0,4.699999999999818,-12.480000000000018
2025-05-23 15:55:00,2025-05-23 16:05:00,Long,3360.23,3357.8849999999998,-2.3450000000002547,SL Hit,3357.8849999999998,1,4917.994999999927,10.0,-2.6599999999998545,2.0300000000002
2025-05-23 19:05:00,2025-05-23 20:25:00,Short,3363.39,3361.4,7.959999999999127,SL Hit,3361.4,4,4925.954999999926,80.0,2.019999999999982,-5.690000000000055
2025-05-26 01:40:00,2025-05-26 03:10:00,Long,3347.23,3345.88,-4.049999999999727,SL Hit,3345.88,3,4921.904999999926,90.0,-4.670000000000073,8.759999999999764
2025-05-26 03:15:00,2025-05-26 03:45:00,Short,3347.46,3348.6849999999995,-1.2249999999994543,SL Hit,3348.6849999999995,1,4920.679999999927,30.0,1.3299999999999272,-3.7600000000002183
2025-05-26 04:15:00,2025-05-26 04:25:00,Long,3347.4,3347.4,0.0,SL Hit,3347.4,1,4920.679999999927,10.0,-0.16000000000030923,1.4099999999998545
2025-05-26 04:55:00,2025-05-26 05:05:00,Long,3348.87,3348.87,0.0,SL Hit,3348.87,1,4920.679999999927,10.0,-0.9499999999998181,2.4200000000000728
2025-05-26 05:25:00,2025-05-26 05:45:00,Short,3348.81,3348.81,0.0,SL Hit,3348.81,1,4920.679999999927,20.0,0.900000000000091,-4.630000000000109
2025-05-26 06:55:00,2025-05-26 10:00:00,Short,3331.885,3329.22,10.660000000001673,SL Hit,3329.22,4,4931.339999999928,185.0,7.3449999999998,-8.28500000000031
2025-05-26 13:55:00,2025-05-26 14:25:00,Long,3337.97,3337.17,-2.3999999999991815,SL Hit,3337.17,3,4928.93999999993,30.0,-1.4099999999998545,2.8100000000004
2025-05-26 14:55:00,2025-05-26 15:05:00,Short,3336.49,3338.17,-1.680000000000291,SL Hit,3338.17,1,4927.259999999929,10.0,1.8800000000001091,-0.5599999999999454
2025-05-26 16:05:00,2025-05-26 17:25:00,Long,3340.735,3339.6,-4.540000000000873,SL Hit,3339.6,4,4922.719999999928,80.0,-4.235000000000127,2.3150000000000546
2025-05-26 17:30:00,2025-05-26 17:50:00,Short,3340.915,3341.5,-1.1700000000000728,SL Hit,3341.5,2,4921.549999999928,20.0,0.6849999999999454,-1.7150000000001455
2025-05-26 18:25:00,2025-05-26 23:45:00,Long,3344.49,3345.3,3.2400000000016007,SL Hit,3345.3,4,4924.78999999993,320.0,-3.419999999999618,3.9900000000002365
2025-05-27 00:45:00,2025-05-27 01:00:00,Short,3344.87,3345.255,-0.3850000000002183,SL Hit,3345.255,1,4924.40499999993,15.0,2.1600000000003092,-2.869999999999891
2025-05-27 01:05:00,2025-05-27 01:15:00,Long,3342.45,3337.9000000000005,-4.549999999999272,Bearish Trade Reversal,3337.9000000000005,1,4919.85499999993,10.0,-2.649999999999636,1.0
2025-05-27 01:15:00,2025-05-27 02:15:00,Short,3338.3450000000003,3341.05,-5.4099999999998545,SL Hit,3341.05,2,4914.444999999931,60.0,3.9849999999996726,-6.345000000000255
2025-05-27 02:25:00,2025-05-27 02:30:00,Long,3339.45,3338.925000000001,-0.5249999999987267,SL Hit,3338.925000000001,1,4913.919999999932,5.0,-1.449999999999818,2.2100000000000364
2025-05-27 02:35:00,2025-05-27 03:45:00,Long,3342.266666666667,3341.69,-1.730000000000473,SL Hit,3341.69,3,4912.189999999931,70.0,-2.946666666666715,4.8433333333332484
2025-05-27 03:50:00,2025-05-27 06:10:00,Short,3333.45,3328.06,10.779999999999745,SL Hit,3328.06,2,4922.969999999931,140.0,9.070000000000164,-16.2199999999998
2025-05-27 06:15:00,2025-05-27 06:35:00,Long,3324.44,3317.79,-6.650000000000091,SL Hit,3317.79,1,4916.319999999931,20.0,-8.289999999999964,1.7799999999997453
2025-05-27 09:35:00,2025-05-27 09:50:00,Short,3296.52,3296.8350000000005,-0.3150000000005093,SL Hit,3296.8350000000005,1,4916.00499999993,15.0,1.5,-1.5599999999999454
2025-05-27 12:55:00,2025-05-27 13:00:00,Short,3293.31,3296.3200000000006,-3.010000000000673,SL Hit,3296.3200000000006,1,4912.99499999993,5.0,4.179999999999836,-0.7999999999997272
2025-05-27 13:10:00,2025-05-27 13:55:00,Long,3297.715,3294.6,-6.230000000000473,SL Hit,3294.6,2,4906.764999999929,45.0,-5.535000000000309,6.164999999999964
2025-05-27 14:00:00,2025-05-27 14:35:00,Short,3294.39,3298.34,-7.900000000000546,SL Hit,3298.34,2,4898.864999999929,35.0,5.4900000000002365,-8.009999999999764
2025-05-27 14:55:00,2025-05-27 15:15:00,Long,3298.865,3297.5,-2.7299999999995634,SL Hit,3297.5,2,4896.134999999929,20.0,-3.0349999999998545,3.7850000000003092
2025-05-27 18:20:00,2025-05-27 18:25:00,Short,3300.32,3300.32,0.0,SL Hit,3300.32,1,4896.134999999929,5.0,0.3999999999996362,-1.180000000000291
2025-05-27 20:50:00,2025-05-27 22:25:00,Short,3302.345,3305.12,-5.550000000000182,SL Hit,3305.12,2,4890.584999999929,95.0,2.9350000000004,-4.044999999999618
2025-05-27 23:10:00,2025-05-28 00:55:00,Long,3308.75,3308.9,0.3000000000001819,SL Hit,3308.9,2,4890.884999999929,105.0,-4.849999999999909,6.829999999999927
2025-05-28 07:05:00,2025-05-28 07:35:00,Long,3309.353333333334,3309.8,1.3399999999987813,SL Hit,3309.8,3,4892.224999999928,30.0,-1.8233333333337214,4.656666666666297
2025-05-28 08:25:00,2025-05-28 08:45:00,Short,3317.89,3320.130000000001,-2.240000000001146,SL Hit,3320.130000000001,1,4889.984999999926,20.0,2.6200000000003456,-2.4099999999998545
2025-05-28 13:10:00,2025-05-28 16:10:00,Short,3301.525,3296.45,30.450000000001637,SL Hit,3296.45,6,4920.434999999928,180.0,8.275000000000091,-8.625
2025-05-28 16:40:00,2025-05-28 17:10:00,Short,3294.12,3294.12,0.0,SL Hit,3294.12,1,4920.434999999928,30.0,1.0799999999999272,-4.599999999999909
2025-05-28 18:05:00,2025-05-28 19:05:00,Long,3299.48,3299.36,-0.23999999999978172,SL Hit,3299.36,2,4920.194999999928,60.0,-2.380000000000109,3.150000000000091
2025-05-29 03:50:00,2025-05-29 04:05:00,Long,3275.21,3273.25,-1.9600000000000364,SL Hit,3273.25,1,4918.234999999928,15.0,-2.9299999999998363,1.4899999999997817
2025-05-29 04:30:00,2025-05-29 05:55:00,Short,3272.5899999999997,3271.75,3.359999999998763,SL Hit,3271.75,4,4921.594999999927,85.0,2.350000000000364,-6.2599999999997635
2025-05-29 09:20:00,2025-05-29 09:30:00,Short,3279.32,3279.564999999999,-0.24499999999898137,SL Hit,3279.564999999999,1,4921.349999999928,10.0,1.9600000000000364,-2.9900000000002365
2025-05-29 11:00:00,2025-05-29 11:05:00,Long,3296.7,3296.56,-0.13999999999987267,SL Hit,3296.56,1,4921.209999999928,5.0,-0.29999999999972715,2.5
2025-05-29 13:25:00,2025-05-29 13:40:00,Long,3318.1,3313.585,-4.514999999999873,SL Hit,3313.585,1,4916.694999999929,15.0,-5.589999999999691,3.680000000000291
2025-05-29 14:35:00,2025-05-29 15:05:00,Short,3310.24,3316.365,-6.125,SL Hit,3316.365,1,4910.569999999929,30.0,6.5600000000004,-4.989999999999782
2025-05-29 15:40:00,2025-05-29 16:45:00,Long,3319.763333333334,3324.3,13.609999999999218,SL Hit,3324.3,3,4924.1799999999275,65.0,-4.843333333333703,10.486666666666224
2025-05-29 17:35:00,2025-05-29 17:40:00,Short,3320.41,3321.4249999999997,-1.0149999999998727,SL Hit,3321.4249999999997,1,4923.164999999928,5.0,1.1700000000000728,-1.2899999999999636
2025-05-29 20:15:00,2025-05-29 20:20:00,Short,3315.86,3315.86,0.0,SL Hit,3315.86,1,4923.164999999928,5.0,0.6199999999998909,-0.5799999999999272
2025-05-29 22:05:00,2025-05-29 22:10:00,Long,3316.2,3315.8500000000004,-0.3499999999994543,SL Hit,3315.8500000000004,1,4922.814999999929,5.0,-1.199999999999818,1.4600000000000364
2025-05-29 22:15:00,2025-05-29 23:25:00,Short,3315.495,3315.52,-0.1000000000003638,SL Hit,3315.52,4,4922.714999999928,70.0,2.1950000000001637,-3.0949999999998
2025-05-30 00:25:00,2025-05-30 01:00:00,Short,3312.62,3313.8,-2.360000000000582,SL Hit,3313.8,2,4920.354999999928,35.0,2.1100000000001273,-3.619999999999891
2025-05-30 01:05:00,2025-05-30 01:45:00,Long,3312.62,3310.4149999999995,-2.205000000000382,SL Hit,3310.4149999999995,1,4918.149999999927,40.0,-2.980000000000018,9.590000000000146
2025-05-30 02:00:00,2025-05-30 05:00:00,Short,3301.7259999999997,3295.3,32.12999999999738,SL Hit,3295.3,5,4950.279999999924,180.0,10.154000000000451,-10.14599999999973
2025-05-30 05:10:00,2025-05-30 05:25:00,Short,3292.08,3296.315,-4.235000000000127,SL Hit,3296.315,1,4946.044999999924,15.0,5.730000000000018,-1.8299999999999272
2025-05-30 07:05:00,2025-05-30 08:05:00,Short,3294.9300000000003,3296.91,-5.93999999999869,SL Hit,3296.91,3,4940.104999999925,60.0,4.019999999999527,-6.160000000000309
2025-05-30 08:10:00,2025-05-30 09:30:00,Long,3296.1633333333334,3293.9,-6.789999999999964,SL Hit,3293.9,3,4933.314999999925,80.0,-3.733333333333576,2.6566666666667516
2025-05-30 10:35:00,2025-05-30 12:10:00,Short,3294.08,3294.21,-0.3900000000003274,SL Hit,3294.21,3,4932.924999999925,95.0,11.7800000000002,-6.799999999999727
2025-05-30 15:20:00,2025-05-30 16:30:00,Long,3287.37,3286.6,-1.5399999999999636,SL Hit,3286.6,2,4931.384999999925,70.0,-2.9899999999997817,5.150000000000091
2025-06-01 23:50:00,2025-06-02 00:00:00,Short,3311.11,3311.11,0.0,SL Hit,3311.11,1,4931.384999999925,10.0,0.7300000000000182,-2.6100000000001273
2025-06-02 00:10:00,2025-06-02 00:20:00,Long,3311.55,3311.55,0.0,SL Hit,3311.55,1,4931.384999999925,10.0,-1.3500000000003638,2.7100000000000364
2025-06-02 03:00:00,2025-06-02 03:20:00,Short,3306.91,3307.9600000000005,-1.0500000000006366,SL Hit,3307.9600000000005,1,4930.334999999925,20.0,1.180000000000291,-3.0099999999997635
2025-06-02 05:40:00,2025-06-02 08:25:00,Long,3339.714,3351.03,56.58000000000129,SL Hit,3351.03,5,4986.914999999926,165.0,-20.453999999999724,18.646000000000186
2025-06-02 08:30:00,2025-06-02 08:35:00,Short,3351.92,3351.92,0.0,SL Hit,3351.92,1,4986.914999999926,5.0,2.0099999999997635,-1.4700000000002547
2025-06-02 09:05:00,2025-06-02 10:20:00,Short,3347.885,3348.97,-2.1699999999991633,SL Hit,3348.97,2,4984.744999999927,75.0,3.5849999999995816,-3.0350000000003092
2025-06-02 12:10:00,2025-06-02 12:20:00,Short,3358.36,3361.229999999999,-2.8699999999989814,Bullish Trade Reversal,3361.229999999999,1,4981.874999999928,10.0,4.190000000000055,-1.25
2025-06-02 12:20:00,2025-06-02 12:55:00,Long,3359.39,3355.61,-3.7799999999997453,SL Hit,3355.61,1,4978.094999999928,35.0,-4.239999999999782,3.800000000000182
2025-06-02 13:15:00,2025-06-02 13:35:00,Short,3355.7,3357.42,-3.4400000000005093,SL Hit,3357.42,2,4974.654999999928,20.0,3.980000000000018,-3.949999999999818
2025-06-02 14:25:00,2025-06-02 16:10:00,Long,3374.2333333333336,3372.74,-4.480000000001382,SL Hit,3372.74,3,4970.1749999999265,105.0,-3.5033333333335577,4.796666666666624
2025-06-02 16:15:00,2025-06-02 16:25:00,Short,3372.97,3372.97,0.0,SL Hit,3372.97,1,4970.1749999999265,10.0,0.25,-2.480000000000018
2025-06-02 17:55:00,2025-06-02 18:00:00,Long,3373.65,3372.5299999999997,-1.1200000000003456,SL Hit,3372.5299999999997,1,4969.054999999926,5.0,-2.550000000000182,0.6900000000000546
2025-06-02 18:30:00,2025-06-02 18:35:00,Short,3371.8,3373.129999999999,-1.3299999999990177,SL Hit,3373.129999999999,1,4967.724999999927,5.0,1.419999999999618,-0.5199999999999818
2025-06-02 20:50:00,2025-06-02 23:25:00,Long,3384.4075000000003,3387.2,11.169999999998254,SL Hit,3387.2,4,4978.894999999925,155.0,-4.607500000000073,6.5324999999998
